3 0.3205804749340369 0.9325259515570935 0.023746701846965697 0.02422145328719723
3 0.6200527704485488 0.8166089965397925 0.04221635883905013 0.04844290657439446
3 0.25857519788918204 0.9775086505190311 0.010554089709762533 0.01730103806228374
3 0.8192612137203166 0.828719723183391 0.013192612137203165 0.02422145328719723
3 0.8509234828496042 0.8269896193771626 0.023746701846965697 0.020761245674740483
3 0.8759894459102902 0.8321799307958477 0.0158311345646438 0.02422145328719723
3 0.5277044854881267 0.7577854671280277 0.0158311345646438 0.020761245674740483
3 0.6121372031662269 0.685121107266436 0.0158311345646438 0.02768166089965398
3 0.6068601583113457 0.5951557093425606 0.02638522427440633 0.03460207612456748
3 0.6860158311345647 0.5311418685121108 0.021108179419525065 0.01730103806228374
3 0.7321899736147757 0.3546712802768166 0.05013192612137203 0.06574394463667821
3 0.7387862796833773 0.2837370242214533 0.036939313984168866 0.04152249134948097
3 0.9366754617414248 0.4411764705882353 0.0633245382585752 0.06574394463667821
3 0.8812664907651715 0.3719723183391004 0.07387862796833773 0.0726643598615917
3 0.7282321899736147 0.08650519031141869 0.05804749340369393 0.15916955017301038