2 0.5852417302798982 0.5065359477124183 0.2544529262086514 0.33333333333333337
1 0.7353689567430026 0.4754901960784314 0.1068702290076336 0.4607843137254902
1 0.8600508905852418 0.6552287581699346 0.06615776081424937 0.06862745098039216
1 0.9389312977099238 0.6421568627450981 0.035623409669211195 0.042483660130718956
1 0.8587786259541985 0.4362745098039216 0.058524173027989825 0.08169934640522876
1 0.7480916030534351 0.16830065359477125 0.04580152671755726 0.05555555555555556
1 0.6857506361323156 0.08986928104575163 0.0534351145038168 0.11437908496732027
1 0.9122137404580153 0.11764705882352941 0.08396946564885496 0.23529411764705882
4 0.5 0.3970588235294118 0.033078880407124686 0.07516339869281045
4 0.4974554707379135 0.5931372549019608 0.02290076335877863 0.029411764705882353
2 0.6081424936386769 0.8218954248366014 0.3155216284987278 0.19281045751633988
1 0.6005089058524173 0.9330065359477124 0.05597964376590331 0.029411764705882353