2 0.9180107526881721 0.4840989399293286 0.08870967741935484 0.0989399293286219
4 0.9220430107526882 0.4664310954063604 0.02688172043010753 0.028268551236749116
2 0.4919354838709678 0.07243816254416961 0.17204301075268819 0.1166077738515901
2 0.7244623655913979 0.15017667844522967 0.040322580645161296 0.0812720848056537
2 0.7741935483870969 0.31448763250883394 0.03763440860215054 0.07773851590106007
2 0.17204301075268819 0.38869257950530034 0.09677419354838711 0.4381625441696113
2 0.025537634408602152 0.12190812720848056 0.051075268817204304 0.0812720848056537
2 0.5322580645161291 0.7579505300353356 0.08602150537634409 0.07420494699646643
2 0.625 0.4787985865724382 0.07795698924731183 0.045936395759717315
4 0.15591397849462366 0.23498233215547704 0.02688172043010753 0.038869257950530034
4 0.4932795698924732 0.0989399293286219 0.024193548387096777 0.0353356890459364
4 0.5268817204301076 0.06007067137809187 0.03225806451612903 0.021201413427561835
4 0.5376344086021506 0.021201413427561835 0.02688172043010753 0.014134275618374558
0 0.6129032258064516 0.784452296819788 0.048387096774193554 0.09187279151943463
0 0.34408602150537637 0.7314487632508834 0.048387096774193554 0.05653710247349823
2 0.24327956989247312 0.7862190812720848 0.1424731182795699 0.1519434628975265