2 0.926829268292683 0.494579945799458 0.0894308943089431 0.1002710027100271
4 0.9308943089430896 0.5121951219512195 0.024390243902439025 0.02710027100271003
2 0.4989837398373984 0.9363143631436315 0.17276422764227645 0.11653116531165311
2 0.7367886178861789 0.8468834688346883 0.03861788617886179 0.07859078590785908
2 0.7825203252032521 0.6747967479674797 0.03658536585365854 0.07588075880758807
2 0.16666666666666669 0.6192411924119241 0.0975609756097561 0.45257452574525747
2 0.022357723577235776 0.9024390243902439 0.04878048780487805 0.08130081300813008
2 0.5274390243902439 0.22493224932249323 0.08333333333333334 0.07588075880758807
2 0.628048780487805 0.5094850948509485 0.07723577235772358 0.04336043360433604
4 0.15345528455284554 0.7791327913279132 0.026422764227642278 0.03523035230352303
4 0.5010162601626017 0.907859078590786 0.022357723577235776 0.03252032520325203
4 0.535569105691057 0.9471544715447154 0.030487804878048783 0.018970189701897018
4 0.5467479674796748 0.9878048780487805 0.024390243902439025 0.013550135501355014
0 0.608739837398374 0.1937669376693767 0.0467479674796748 0.08943089430894309
0 0.33638211382113825 0.2588075880758808 0.0467479674796748 0.056910569105691054
2 0.23170731707317074 0.20596205962059622 0.14227642276422767 0.15176151761517614