3 0.15816326530612243 0.1040268456375839 0.061224489795918366 0.053691275167785234
3 0.7908163265306122 0.15604026845637584 0.030612244897959183 0.05704697986577181
3 0.784438775510204 0.2063758389261745 0.017857142857142856 0.02348993288590604
3 0.4693877551020408 0.34563758389261745 0.04081632653061224 0.020134228187919462
3 0.447704081632653 0.4060402684563758 0.028061224489795915 0.026845637583892617
3 0.4783163265306122 0.401006711409396 0.022959183673469385 0.030201342281879193
3 0.5255102040816326 0.47818791946308725 0.02040816326530612 0.03691275167785235
3 0.5510204081632653 0.7063758389261745 0.02040816326530612 0.03691275167785235
3 0.6836734693877551 0.7197986577181208 0.02040816326530612 0.03691275167785235
3 0.08801020408163264 0.5721476510067114 0.012755102040816325 0.02348993288590604
3 0.2193877551020408 0.43288590604026844 0.02040816326530612 0.013422818791946308
1 0.8239795918367346 0.44798657718120805 0.02551020408163265 0.02348993288590604