3 0.15650406504065043 0.02710027100271003 0.06097560975609757 0.05420054200542006
3 0.8028455284552847 0.058265582655826556 0.02845528455284553 0.056910569105691054
3 0.7967479674796749 0.1111111111111111 0.016260162601626018 0.02168021680216802
3 0.4786585365853659 0.26558265582655827 0.03861788617886179 0.016260162601626015
3 0.45833333333333337 0.32926829268292684 0.026422764227642278 0.024390243902439025
3 0.48780487804878053 0.3224932249322493 0.020325203252032523 0.02710027100271003
3 0.5396341463414634 0.3997289972899729 0.01829268292682927 0.03523035230352303
3 0.568089430894309 0.6355013550135501 0.01829268292682927 0.03523035230352303
3 0.7042682926829269 0.6436314363143631 0.01829268292682927 0.03523035230352303
3 0.09451219512195123 0.513550135501355 0.010162601626016262 0.018970189701897018
3 0.225609756097561 0.36314363143631434 0.020325203252032523 0.01084010840108401
1 0.842479674796748 0.35907859078590787 0.022357723577235776 0.018970189701897018