3 0.8625954198473283 0.23232323232323232 0.03053435114503817 0.07407407407407407
3 0.8053435114503817 0.18518518518518517 0.027989821882951654 0.026936026936026935
3 0.8027989821882953 0.20707070707070707 0.017811704834605598 0.02356902356902357
3 0.6145038167938932 0.10606060606060605 0.012722646310432571 0.016835016835016835
3 0.21246819338422393 0.13804713804713803 0.033078880407124686 0.026936026936026935
3 0.08269720101781171 0.35185185185185186 0.04325699745547074 0.06397306397306397
3 0.12340966921119594 0.4663299663299663 0.089058524173028 0.050505050505050504
3 0.14122137404580154 0.372053872053872 0.07888040712468194 0.11784511784511784
3 0.7404580152671756 0.5656565656565656 0.020356234096692113 0.026936026936026935
3 0.7582697201017812 0.5387205387205387 0.015267175572519085 0.0202020202020202
1 0.4783715012722647 0.4276094276094276 0.5903307888040713 0.6262626262626262
1 0.35114503816793896 0.09595959595959595 0.07124681933842239 0.07744107744107744
3 0.9618320610687023 0.867003367003367 0.020356234096692113 0.0303030303030303