2 0.9166666666666666 0.49498327759197325 0.08854166666666666 0.09364548494983277
4 0.9192708333333333 0.4782608695652174 0.026041666666666664 0.026755852842809364
2 0.4895833333333333 0.12207357859531773 0.16666666666666666 0.11036789297658862
2 0.7200520833333333 0.18561872909698995 0.0390625 0.07692307692307693
2 0.7708333333333333 0.3411371237458194 0.03645833333333333 0.07357859531772575
2 0.18619791666666666 0.4397993311036789 0.09635416666666666 0.4180602006688963
2 0.03515625 0.18896321070234112 0.049479166666666664 0.07692307692307693
2 0.5481770833333333 0.7725752508361204 0.08072916666666666 0.07357859531772575
2 0.6315104166666666 0.5033444816053512 0.07552083333333333 0.043478260869565216
4 0.16536458333333331 0.2926421404682274 0.028645833333333332 0.03678929765886287
4 0.4921875 0.1471571906354515 0.026041666666666664 0.033444816053511704
4 0.5234375 0.10869565217391304 0.03125 0.023411371237458192
4 0.53125 0.07023411371237458 0.026041666666666664 0.013377926421404682
0 0.6276041666666666 0.7959866220735786 0.046875 0.08695652173913043
0 0.3645833333333333 0.7575250836120401 0.046875 0.056856187290969896
2 0.2669270833333333 0.81438127090301 0.13802083333333331 0.14381270903010032