2 0.06910569105691057 0.5 0.0894308943089431 0.1002710027100271
4 0.06504065040650407 0.4823848238482385 0.024390243902439025 0.02710027100271003
2 0.4969512195121952 0.058265582655826556 0.17276422764227645 0.11653116531165311
2 0.25914634146341464 0.14769647696476965 0.03861788617886179 0.07859078590785908
2 0.2134146341463415 0.31978319783197834 0.03658536585365854 0.07588075880758807
2 0.8292682926829269 0.37533875338753386 0.0975609756097561 0.45257452574525747
2 0.9735772357723578 0.0921409214092141 0.04878048780487805 0.08130081300813008
2 0.46849593495934966 0.7696476964769647 0.08333333333333334 0.07588075880758807
2 0.36788617886178865 0.48509485094850946 0.07723577235772358 0.04336043360433604
4 0.842479674796748 0.21544715447154472 0.026422764227642278 0.03523035230352303
4 0.49491869918699194 0.08672086720867209 0.022357723577235776 0.03252032520325203
4 0.46036585365853666 0.04742547425474255 0.030487804878048783 0.018970189701897018
4 0.44918699186991873 0.006775067750677507 0.024390243902439025 0.013550135501355014
0 0.3871951219512196 0.8008130081300813 0.0467479674796748 0.08943089430894309
0 0.6595528455284554 0.7357723577235772 0.0467479674796748 0.056910569105691054
2 0.7642276422764228 0.7886178861788617 0.14227642276422767 0.15176151761517614