3 0.29848866498740556 0.9081967213114754 0.022670025188916875 0.02622950819672131
3 0.5994962216624685 0.8229508196721311 0.04030226700251889 0.04590163934426229
3 0.23425692695214106 0.9459016393442623 0.010075566750629723 0.01639344262295082
3 0.7972292191435768 0.8540983606557377 0.012594458438287152 0.022950819672131147
3 0.8287153652392947 0.8557377049180328 0.020151133501259445 0.019672131147540982
3 0.8526448362720402 0.8622950819672132 0.017632241813602016 0.019672131147540982
3 0.5125944584382871 0.7557377049180328 0.017632241813602016 0.022950819672131147
3 0.5994962216624685 0.6934426229508197 0.015113350125944584 0.022950819672131147
3 0.5994962216624685 0.6032786885245902 0.025188916876574305 0.03278688524590164
3 0.681360201511335 0.5491803278688525 0.022670025188916875 0.01639344262295082
3 0.7380352644836272 0.380327868852459 0.05037783375314861 0.06557377049180328
3 0.7481108312342569 0.3114754098360656 0.03526448362720403 0.039344262295081964
3 0.9345088161209067 0.4852459016393443 0.0654911838790932 0.06557377049180328
3 0.8841309823677581 0.41147540983606556 0.07556675062972291 0.06885245901639345
3 0.7481108312342569 0.1180327868852459 0.060453400503778336 0.15737704918032785