2 0.07024793388429752 0.4981684981684982 0.09090909090909091 0.10256410256410256
4 0.06611570247933884 0.5146520146520146 0.027548209366391185 0.03296703296703297
2 0.49586776859504134 0.9340659340659341 0.1763085399449036 0.11721611721611722
2 0.2603305785123967 0.8461538461538461 0.04132231404958678 0.08058608058608059
2 0.21349862258953167 0.6758241758241759 0.04132231404958678 0.07692307692307693
2 0.8264462809917356 0.6172161172161172 0.09917355371900827 0.45054945054945056
2 0.9696969696969697 0.8992673992673993 0.049586776859504134 0.08424908424908426
2 0.4669421487603306 0.2271062271062271 0.08539944903581267 0.08058608058608059
2 0.3677685950413223 0.510989010989011 0.07988980716253444 0.047619047619047616
4 0.8388429752066116 0.7765567765567766 0.030303030303030304 0.03663003663003663
4 0.49449035812672176 0.9047619047619048 0.024793388429752067 0.03663003663003663
4 0.46005509641873277 0.945054945054945 0.03305785123966942 0.021978021978021976
4 0.4490358126721763 0.9853479853479854 0.027548209366391185 0.014652014652014652
0 0.3856749311294766 0.1978021978021978 0.049586776859504134 0.09523809523809523
0 0.6556473829201102 0.2600732600732601 0.049586776859504134 0.05860805860805861
2 0.7603305785123967 0.2087912087912088 0.14325068870523416 0.15384615384615385