3 0.2566844919786096 0.05244755244755245 0.0374331550802139 0.03496503496503497
2 0.22192513368983957 0.08216783216783216 0.0748663101604278 0.10139860139860139
2 0.3903743315508021 0.05419580419580419 0.0962566844919786 0.06643356643356643
2 0.8409090909090908 0.16258741258741258 0.10427807486631016 0.22727272727272727
2 0.9251336898395721 0.39335664335664333 0.06951871657754011 0.19230769230769232
4 0.9024064171122994 0.458041958041958 0.01871657754010695 0.02097902097902098
3 0.7152406417112299 0.3513986013986014 0.02406417112299465 0.03146853146853147
1 0.30882352941176466 0.47027972027972026 0.029411764705882353 0.038461538461538464
1 0.16176470588235292 0.4632867132867133 0.029411764705882353 0.038461538461538464
1 0.24732620320855614 0.49475524475524474 0.02406417112299465 0.03146853146853147
1 0.1804812834224599 0.6311188811188811 0.02406417112299465 0.024475524475524476
3 0.31283422459893045 0.24825174825174826 0.0213903743315508 0.027972027972027972
3 0.7259358288770053 0.9318181818181818 0.01871657754010695 0.024475524475524476