3 0.7706666666666666 0.9663120567375886 0.03733333333333333 0.03900709219858156
2 0.8079999999999999 0.9397163120567376 0.08 0.10638297872340426
2 0.6346666666666666 0.9574468085106382 0.10133333333333333 0.07092198581560283
2 0.17733333333333332 0.8244680851063829 0.10933333333333332 0.23758865248226949
2 0.09866666666666667 0.5780141843971631 0.06933333333333333 0.19858156028368795
4 0.12266666666666666 0.5141843971631206 0.021333333333333333 0.02127659574468085
3 0.31066666666666665 0.6329787234042553 0.024 0.031914893617021274
1 0.7293333333333333 0.5301418439716312 0.029333333333333333 0.03900709219858156
1 0.88 0.5443262411347518 0.026666666666666665 0.03900709219858156
1 0.7933333333333333 0.5088652482269503 0.024 0.031914893617021274
1 0.8666666666666666 0.37056737588652483 0.026666666666666665 0.024822695035460994
3 0.72 0.7588652482269503 0.021333333333333333 0.028368794326241134
3 0.316 0.031914893617021274 0.018666666666666665 0.028368794326241134