2 0.06300813008130082 0.46747967479674796 0.0894308943089431 0.1002710027100271
4 0.05894308943089432 0.48509485094850946 0.024390243902439025 0.02710027100271003
2 0.4908536585365854 0.9092140921409214 0.17276422764227645 0.11653116531165311
2 0.2530487804878049 0.8197831978319783 0.03861788617886179 0.07859078590785908
2 0.20731707317073172 0.6476964769647696 0.03658536585365854 0.07588075880758807
2 0.8231707317073171 0.592140921409214 0.0975609756097561 0.45257452574525747
2 0.9674796747967481 0.8753387533875339 0.04878048780487805 0.08130081300813008
2 0.4623983739837399 0.1978319783197832 0.08333333333333334 0.07588075880758807
2 0.3617886178861789 0.4823848238482385 0.07723577235772358 0.04336043360433604
4 0.8363821138211383 0.7520325203252033 0.026422764227642278 0.03523035230352303
4 0.4888211382113822 0.8807588075880759 0.022357723577235776 0.03252032520325203
4 0.4542682926829269 0.9200542005420054 0.030487804878048783 0.018970189701897018
4 0.44308943089430897 0.9607046070460704 0.024390243902439025 0.013550135501355014
0 0.3810975609756098 0.16666666666666666 0.0467479674796748 0.08943089430894309
0 0.6534552845528456 0.23170731707317074 0.0467479674796748 0.056910569105691054
2 0.758130081300813 0.17886178861788618 0.14227642276422767 0.15176151761517614