3 0.25875 0.04918032786885246 0.0375 0.039344262295081964
2 0.2225 0.07704918032786885 0.075 0.10163934426229508
2 0.39125 0.05245901639344262 0.0975 0.06557377049180328
2 0.8425 0.16065573770491803 0.105 0.22950819672131148
2 0.92625 0.3950819672131147 0.0675 0.19344262295081968
4 0.90375 0.45737704918032784 0.0225 0.022950819672131147
3 0.71625 0.35081967213114756 0.0225 0.03278688524590164
1 0.30875 0.46885245901639344 0.0275 0.039344262295081964
1 0.16125 0.460655737704918 0.0275 0.036065573770491806
1 0.2475 0.4934426229508197 0.025 0.029508196721311476
1 0.18 0.6278688524590164 0.025 0.022950819672131147
3 0.3125 0.24754098360655738 0.02 0.029508196721311476
3 0.7262500000000001 0.9327868852459016 0.0175 0.022950819672131147