3 0.1402439024390244 0.7953929539295393 0.02845528455284553 0.07317073170731707
3 0.19715447154471546 0.8414634146341463 0.024390243902439025 0.024390243902439025
3 0.20020325203252035 0.8197831978319783 0.014227642276422765 0.018970189701897018
3 0.39126016260162605 0.9200542005420054 0.010162601626016262 0.013550135501355014
3 0.7967479674796749 0.8807588075880759 0.032520325203252036 0.02710027100271003
3 0.926829268292683 0.6626016260162602 0.04065040650406505 0.06233062330623306
3 0.8841463414634148 0.5447154471544715 0.08536585365853659 0.04878048780487805
3 0.8668699186991871 0.6409214092140921 0.07520325203252033 0.11653116531165311
3 0.2601626016260163 0.453929539295393 0.020325203252032523 0.024390243902439025
3 0.24288617886178865 0.481029810298103 0.014227642276422765 0.018970189701897018
1 0.5264227642276423 0.5907859078590786 0.5934959349593496 0.6341463414634146
1 0.6565040650406505 0.9254742547425474 0.06910569105691057 0.07317073170731707
3 0.03353658536585366 0.15176151761517614 0.01829268292682927 0.02710027100271003