2 0.32926829268292684 0.13550135501355012 0.1910569105691057 0.27100271002710025
2 0.15650406504065043 0.10840108401084012 0.14634146341463417 0.21680216802168023
2 0.8313008130081302 0.17479674796747968 0.3252032520325204 0.23577235772357724
2 0.42987804878048785 0.5487804878048781 0.07926829268292684 0.11653116531165311
2 0.7063008130081302 0.524390243902439 0.16869918699186995 0.12737127371273713
2 0.5315040650406505 0.7899728997289973 0.16463414634146342 0.2682926829268293
4 0.12804878048780488 0.13279132791327913 0.012195121951219513 0.02710027100271003
4 0.2103658536585366 0.14905149051490515 0.010162601626016262 0.016260162601626015
4 0.8241869918699188 0.23577235772357724 0.022357723577235776 0.03252032520325203
4 0.8048780487804879 0.2669376693766938 0.016260162601626018 0.018970189701897018
4 0.7926829268292683 0.17073170731707318 0.020325203252032523 0.02168021680216802
4 0.7510162601626017 0.11924119241192412 0.010162601626016262 0.016260162601626015
4 0.649390243902439 0.532520325203252 0.01829268292682927 0.03523035230352303
4 0.5467479674796748 0.7560975609756098 0.012195121951219513 0.02168021680216802