3 0.2327235772357724 0.04878048780487805 0.022357723577235776 0.02168021680216802
3 0.5416666666666667 0.15853658536585366 0.03861788617886179 0.04607046070460705
3 0.1676829268292683 0.005420054200542005 0.010162601626016262 0.016260162601626015
3 0.7459349593495935 0.13685636856368563 0.012195121951219513 0.018970189701897018
3 0.7784552845528456 0.13821138211382114 0.020325203252032523 0.016260162601626015
3 0.8038617886178863 0.13143631436314362 0.014227642276422765 0.018970189701897018
3 0.44817073170731714 0.22357723577235772 0.014227642276422765 0.018970189701897018
3 0.5365853658536586 0.2953929539295393 0.012195121951219513 0.02168021680216802
3 0.5325203252032521 0.3902439024390244 0.024390243902439025 0.03252032520325203
3 0.6158536585365855 0.45257452574525747 0.020325203252032523 0.016260162601626015
3 0.6676829268292683 0.6341463414634146 0.05081300813008131 0.06504065040650406
3 0.6758130081300814 0.7086720867208672 0.034552845528455285 0.04065040650406504
3 0.8750000000000001 0.5365853658536586 0.06300813008130082 0.06504065040650406
3 0.8201219512195123 0.6097560975609756 0.07520325203252033 0.07046070460704607
3 0.6697154471544716 0.9132791327913279 0.05894308943089432 0.16260162601626016