2 0.08507853403141362 0.4579124579124579 0.08638743455497383 0.09427609427609428
4 0.0824607329842932 0.44107744107744107 0.02356020942408377 0.026936026936026935
2 0.5130890052356021 0.08585858585858586 0.16753926701570682 0.1111111111111111
2 0.28403141361256545 0.14814814814814814 0.03926701570680628 0.07407407407407407
2 0.23167539267015708 0.30303030303030304 0.03926701570680628 0.07407407407407407
2 0.8154450261780105 0.40404040404040403 0.0968586387434555 0.4175084175084175
2 0.9659685863874347 0.1531986531986532 0.04712041884816754 0.07744107744107744
2 0.4541884816753927 0.7373737373737373 0.08115183246073299 0.07407407407407407
2 0.3704188481675393 0.4663299663299663 0.07591623036649216 0.043771043771043766
4 0.8363874345549739 0.25757575757575757 0.02879581151832461 0.037037037037037035
4 0.5104712041884817 0.1111111111111111 0.02617801047120419 0.03367003367003367
4 0.4790575916230367 0.0723905723905724 0.03141361256544503 0.02356902356902357
4 0.47120418848167545 0.03535353535353535 0.02617801047120419 0.016835016835016835
0 0.37434554973821993 0.7592592592592592 0.04712041884816754 0.08417508417508417
0 0.6361256544502618 0.7205387205387205 0.04712041884816754 0.05387205387205387
2 0.7342931937172775 0.7777777777777778 0.1387434554973822 0.1414141414141414