3 0.8431372549019608 0.24126984126984127 0.029411764705882353 0.06984126984126984
3 0.7904411764705882 0.19365079365079366 0.02696078431372549 0.025396825396825397
3 0.7867647058823529 0.21428571428571427 0.014705882352941176 0.022222222222222223
3 0.6066176470588235 0.10952380952380952 0.012254901960784314 0.015873015873015872
3 0.21568627450980393 0.11904761904761904 0.03431372549019608 0.02857142857142857
3 0.0821078431372549 0.31587301587301586 0.041666666666666664 0.06031746031746032
3 0.11887254901960784 0.42857142857142855 0.0857843137254902 0.050793650793650794
3 0.13848039215686275 0.3396825396825397 0.07598039215686274 0.11428571428571428
3 0.7169117647058824 0.5523809523809524 0.022058823529411763 0.025396825396825397
3 0.7340686274509803 0.5285714285714286 0.01715686274509804 0.022222222222222223
1 0.46568627450980393 0.40793650793650793 0.5735294117647058 0.5936507936507937
1 0.3529411764705882 0.0873015873015873 0.06862745098039216 0.07301587301587302
3 0.9240196078431372 0.8492063492063492 0.0196078431372549 0.02857142857142857