3 0.8719512195121952 0.8089430894308943 0.02845528455284553 0.07317073170731707
3 0.8150406504065042 0.8550135501355014 0.024390243902439025 0.024390243902439025
3 0.8119918699186993 0.8333333333333334 0.014227642276422765 0.018970189701897018
3 0.6209349593495935 0.9336043360433605 0.010162601626016262 0.013550135501355014
3 0.21544715447154475 0.8943089430894309 0.032520325203252036 0.02710027100271003
3 0.08536585365853659 0.6761517615176151 0.04065040650406505 0.06233062330623306
3 0.12804878048780488 0.5582655826558266 0.08536585365853659 0.04878048780487805
3 0.14532520325203255 0.6544715447154471 0.07520325203252033 0.11653116531165311
3 0.7520325203252033 0.46747967479674796 0.020325203252032523 0.024390243902439025
3 0.769308943089431 0.494579945799458 0.014227642276422765 0.018970189701897018
1 0.4857723577235773 0.6043360433604336 0.5934959349593496 0.6341463414634146
1 0.3556910569105691 0.9390243902439024 0.06910569105691057 0.07317073170731707
3 0.978658536585366 0.16531165311653118 0.01829268292682927 0.02710027100271003