3 0.74125 0.9271844660194175 0.0375 0.03559870550161812
2 0.7775 0.8980582524271845 0.075 0.10032362459546926
2 0.61 0.9255663430420712 0.095 0.06472491909385114
2 0.1625 0.8333333333333334 0.105 0.22330097087378642
2 0.07625 0.6067961165048544 0.0675 0.19093851132686085
4 0.0975 0.5436893203883495 0.02 0.01941747572815534
3 0.28375 0.6440129449838188 0.0225 0.03236245954692557
1 0.68625 0.5194174757281553 0.0275 0.03559870550161812
1 0.83125 0.522653721682848 0.0275 0.03559870550161812
1 0.745 0.4935275080906149 0.025 0.02912621359223301
1 0.81125 0.3592233009708738 0.0225 0.025889967637540454
3 0.685 0.7346278317152104 0.02 0.025889967637540454
3 0.265 0.07766990291262137 0.02 0.025889967637540454