2 0.34688346883468835 0.8292682926829268 0.1842818428184282 0.2508710801393728
2 0.1842818428184282 0.867595818815331 0.14092140921409213 0.20209059233449478
2 0.8224932249322493 0.7526132404181185 0.3116531165311653 0.2229965156794425
2 0.42276422764227645 0.4425087108013937 0.07588075880758807 0.11149825783972125
2 0.6869918699186992 0.4425087108013937 0.16531165311653118 0.11846689895470383
2 0.508130081300813 0.21254355400696864 0.15989159891598917 0.2508710801393728
4 0.15582655826558264 0.8466898954703833 0.013550135501355014 0.027874564459930314
4 0.23306233062330622 0.8275261324041812 0.01084010840108401 0.017421602787456445
4 0.8116531165311653 0.6968641114982579 0.024390243902439025 0.03484320557491289
4 0.7926829268292683 0.6689895470383276 0.018970189701897018 0.020905923344947737
4 0.7859078590785907 0.759581881533101 0.02168021680216802 0.020905923344947737
4 0.7479674796747967 0.8101045296167247 0.01084010840108401 0.017421602787456445
4 0.6327913279132791 0.43902439024390244 0.018970189701897018 0.03484320557491289
4 0.524390243902439 0.2421602787456446 0.013550135501355014 0.024390243902439025