2 0.5860215053763441 0.5085910652920962 0.25268817204301075 0.32989690721649484
1 0.7352150537634409 0.4742268041237113 0.10483870967741936 0.4536082474226804
1 0.860215053763441 0.6494845360824743 0.06451612903225806 0.06872852233676977
1 0.9381720430107527 0.6357388316151202 0.03763440860215054 0.041237113402061855
1 0.8575268817204301 0.4329896907216495 0.05913978494623656 0.08247422680412371
1 0.745967741935484 0.17010309278350516 0.0456989247311828 0.05154639175257732
1 0.6827956989247312 0.09106529209621993 0.05376344086021506 0.1134020618556701
1 0.9072580645161291 0.11683848797250859 0.08333333333333334 0.23367697594501718
4 0.5 0.3986254295532646 0.03225806451612903 0.07560137457044673
4 0.4986559139784947 0.5927835051546392 0.024193548387096777 0.030927835051546393
2 0.6088709677419355 0.8178694158075601 0.31451612903225806 0.1924398625429553
1 0.603494623655914 0.9278350515463918 0.05645161290322581 0.027491408934707903