2 0.9288617886178863 0.48644986449864497 0.0894308943089431 0.1002710027100271
4 0.9329268292682927 0.5040650406504065 0.024390243902439025 0.02710027100271003
2 0.5010162601626017 0.9281842818428184 0.17276422764227645 0.11653116531165311
2 0.7388211382113822 0.8387533875338753 0.03861788617886179 0.07859078590785908
2 0.7845528455284554 0.6666666666666666 0.03658536585365854 0.07588075880758807
2 0.16869918699186995 0.6111111111111112 0.0975609756097561 0.45257452574525747
2 0.024390243902439025 0.8943089430894309 0.04878048780487805 0.08130081300813008
2 0.5294715447154472 0.21680216802168023 0.08333333333333334 0.07588075880758807
2 0.6300813008130082 0.5013550135501355 0.07723577235772358 0.04336043360433604
4 0.1554878048780488 0.7710027100271003 0.026422764227642278 0.03523035230352303
4 0.5030487804878049 0.8997289972899729 0.022357723577235776 0.03252032520325203
4 0.5376016260162603 0.9390243902439024 0.030487804878048783 0.018970189701897018
4 0.5487804878048781 0.9796747967479674 0.024390243902439025 0.013550135501355014
0 0.6107723577235773 0.1856368563685637 0.0467479674796748 0.08943089430894309
0 0.3384146341463415 0.2506775067750677 0.0467479674796748 0.056910569105691054
2 0.233739837398374 0.1978319783197832 0.14227642276422767 0.15176151761517614