3 0.8453865336658354 0.9038461538461539 0.059850374064837904 0.05128205128205128
3 0.22693266832917705 0.9246794871794871 0.029925187032418952 0.05448717948717949
3 0.22942643391521197 0.8766025641025641 0.0199501246882793 0.022435897435897436
3 0.5261845386533666 0.7099358974358974 0.0399002493765586 0.016025641025641024
3 0.5423940149625935 0.6506410256410257 0.02743142144638404 0.02564102564102564
3 0.5149625935162094 0.6586538461538461 0.022443890274314215 0.028846153846153844
3 0.4613466334164588 0.5913461538461539 0.0199501246882793 0.035256410256410256
3 0.4239401496259351 0.3766025641025641 0.0199501246882793 0.035256410256410256
3 0.2942643391521197 0.3798076923076923 0.0199501246882793 0.035256410256410256
3 0.8815461346633416 0.4519230769230769 0.012468827930174564 0.019230769230769232
3 0.7643391521197007 0.5993589743589743 0.022443890274314215 0.01282051282051282
1 0.1745635910224439 0.6522435897435898 0.02493765586034913 0.022435897435897436