2 0.40750000000000003 0.482084690553746 0.26 0.3452768729641694
1 0.255 0.509771986970684 0.11 0.47231270358306193
1 0.1325 0.3208469055374593 0.065 0.06840390879478828
1 0.051250000000000004 0.33061889250814336 0.0375 0.042345276872964174
1 0.1275 0.5456026058631922 0.06 0.08143322475570033
1 0.23500000000000001 0.8257328990228013 0.045 0.055374592833876225
1 0.29625 0.9104234527687297 0.0525 0.11400651465798047
1 0.0675 0.8729641693811075 0.085 0.241042345276873
4 0.4925 0.5993485342019544 0.035 0.07817589576547232
4 0.5 0.3973941368078176 0.025 0.03257328990228013
2 0.3925 0.15635179153094464 0.32 0.20195439739413681
1 0.40125 0.04071661237785017 0.0575 0.02931596091205212