3 0.2621951219512195 0.9742547425474255 0.03658536585365854 0.03523035230352303
2 0.22459349593495936 0.94579945799458 0.07520325203252033 0.10298102981029811
2 0.39837398373983746 0.964769647696477 0.0975609756097561 0.06504065040650406
2 0.8577235772357724 0.8333333333333334 0.10569105691056911 0.23577235772357724
2 0.9380081300813009 0.5867208672086721 0.06707317073170732 0.1978319783197832
4 0.9136178861788619 0.521680216802168 0.01829268292682927 0.018970189701897018
3 0.7245934959349595 0.6409214092140921 0.022357723577235776 0.02981029810298103
1 0.3038617886178862 0.535230352303523 0.026422764227642278 0.03523035230352303
1 0.15345528455284554 0.5487804878048781 0.026422764227642278 0.03523035230352303
1 0.24085365853658539 0.5121951219512195 0.022357723577235776 0.02710027100271003
1 0.1676829268292683 0.37398373983739835 0.022357723577235776 0.02168021680216802
3 0.3140243902439025 0.7655826558265583 0.01829268292682927 0.024390243902439025
3 0.7215447154471546 0.03523035230352303 0.016260162601626018 0.02168021680216802