2 0.47500000000000003 0.5048701298701299 0.26 0.34090909090909094
1 0.63125 0.49512987012987014 0.1075 0.4707792207792208
1 0.74 0.6964285714285715 0.065 0.06818181818181819
1 0.82125 0.6964285714285715 0.0375 0.04220779220779221
1 0.75875 0.4740259740259741 0.0575 0.08441558441558442
1 0.67125 0.18344155844155846 0.0475 0.0551948051948052
1 0.615 0.09253246753246754 0.055 0.11363636363636365
1 0.8425 0.15584415584415584 0.085 0.24025974025974028
4 0.4 0.3798701298701299 0.035 0.07792207792207792
4 0.37875000000000003 0.5795454545454546 0.0225 0.029220779220779224
2 0.47000000000000003 0.8295454545454546 0.32 0.19805194805194806
1 0.45375 0.9431818181818182 0.0575 0.029220779220779224