2 0.5701219512195123 0.516260162601626 0.26626016260162605 0.3604336043360434
1 0.7296747967479675 0.4959349593495935 0.10975609756097562 0.4986449864498645
1 0.8495934959349595 0.7018970189701897 0.06504065040650407 0.07046070460704607
1 0.9329268292682927 0.6964769647696477 0.03658536585365854 0.04336043360433604
1 0.8607723577235773 0.46476964769647694 0.05894308943089432 0.08401084010840108
1 0.7601626016260163 0.16260162601626016 0.04471544715447155 0.05420054200542006
1 0.6991869918699187 0.07046070460704607 0.052845528455284556 0.11924119241192412
1 0.934959349593496 0.12330623306233063 0.08536585365853659 0.25203252032520324
4 0.48780487804878053 0.3888888888888889 0.032520325203252036 0.07859078590785908
4 0.47256097560975613 0.6002710027100271 0.022357723577235776 0.02981029810298103
2 0.5752032520325204 0.8604336043360433 0.32926829268292684 0.2086720867208672
1 0.5630081300813009 0.981029810298103 0.05691056910569106 0.02710027100271003