2 0.31300813008130085 0.8509485094850948 0.1910569105691057 0.27100271002710025
2 0.1402439024390244 0.8780487804878049 0.14634146341463417 0.21680216802168023
2 0.8150406504065042 0.8116531165311653 0.3252032520325204 0.23577235772357724
2 0.41361788617886186 0.43766937669376693 0.07926829268292684 0.11653116531165311
2 0.6900406504065041 0.462059620596206 0.16869918699186995 0.12737127371273713
2 0.5152439024390244 0.19647696476964768 0.16463414634146342 0.2682926829268293
4 0.11178861788617887 0.8536585365853658 0.012195121951219513 0.02710027100271003
4 0.19410569105691058 0.8373983739837398 0.010162601626016262 0.016260162601626015
4 0.8079268292682927 0.7506775067750677 0.022357723577235776 0.03252032520325203
4 0.7886178861788619 0.7195121951219512 0.016260162601626018 0.018970189701897018
4 0.7764227642276423 0.8157181571815718 0.020325203252032523 0.02168021680216802
4 0.7347560975609757 0.8672086720867209 0.010162601626016262 0.016260162601626015
4 0.633130081300813 0.453929539295393 0.01829268292682927 0.03523035230352303
4 0.5304878048780488 0.23035230352303523 0.012195121951219513 0.02168021680216802