2 0.9308943089430896 0.47289972899729 0.0894308943089431 0.1002710027100271
4 0.934959349593496 0.4905149051490515 0.024390243902439025 0.02710027100271003
2 0.5030487804878049 0.9146341463414634 0.17276422764227645 0.11653116531165311
2 0.7408536585365855 0.8252032520325203 0.03861788617886179 0.07859078590785908
2 0.7865853658536586 0.6531165311653117 0.03658536585365854 0.07588075880758807
2 0.17073170731707318 0.5975609756097561 0.0975609756097561 0.45257452574525747
2 0.026422764227642278 0.8807588075880759 0.04878048780487805 0.08130081300813008
2 0.5315040650406505 0.2032520325203252 0.08333333333333334 0.07588075880758807
2 0.6321138211382115 0.4878048780487805 0.07723577235772358 0.04336043360433604
4 0.15752032520325204 0.7574525745257452 0.026422764227642278 0.03523035230352303
4 0.5050813008130082 0.8861788617886179 0.022357723577235776 0.03252032520325203
4 0.5396341463414634 0.9254742547425474 0.030487804878048783 0.018970189701897018
4 0.5508130081300814 0.9661246612466124 0.024390243902439025 0.013550135501355014
0 0.6128048780487806 0.17208672086720866 0.0467479674796748 0.08943089430894309
0 0.3404471544715448 0.23712737127371275 0.0467479674796748 0.056910569105691054
2 0.23577235772357727 0.1842818428184282 0.14227642276422767 0.15176151761517614