3 0.8394308943089431 0.02710027100271003 0.06097560975609757 0.05420054200542006
3 0.19308943089430897 0.058265582655826556 0.02845528455284553 0.056910569105691054
3 0.19918699186991873 0.1111111111111111 0.016260162601626018 0.02168021680216802
3 0.5172764227642277 0.26558265582655827 0.03861788617886179 0.016260162601626015
3 0.5376016260162603 0.32926829268292684 0.026422764227642278 0.024390243902439025
3 0.508130081300813 0.3224932249322493 0.020325203252032523 0.02710027100271003
3 0.45630081300813014 0.3997289972899729 0.01829268292682927 0.03523035230352303
3 0.4278455284552846 0.6355013550135501 0.01829268292682927 0.03523035230352303
3 0.2916666666666667 0.6436314363143631 0.01829268292682927 0.03523035230352303
3 0.9014227642276423 0.513550135501355 0.010162601626016262 0.018970189701897018
3 0.7703252032520326 0.36314363143631434 0.020325203252032523 0.01084010840108401
1 0.15345528455284554 0.35907859078590787 0.022357723577235776 0.018970189701897018