3 0.1926020408163265 0.8516666666666667 0.06377551020408163 0.05666666666666667
3 0.8214285714285714 0.795 0.030612244897959183 0.05666666666666667
3 0.8150510204081632 0.745 0.017857142857142856 0.023333333333333334
3 0.5012755102040816 0.61 0.038265306122448974 0.02
3 0.4808673469387755 0.55 0.028061224489795915 0.02666666666666667
3 0.5089285714285714 0.555 0.022959183673469385 0.030000000000000002
3 0.5586734693877551 0.48000000000000004 0.02040816326530612 0.04
3 0.5790816326530612 0.25333333333333335 0.02040816326530612 0.04
3 0.711734693877551 0.24000000000000002 0.02040816326530612 0.04
3 0.1211734693877551 0.39 0.012755102040816325 0.02
3 0.2512755102040816 0.5266666666666667 0.022959183673469385 0.013333333333333334
1 0.8545918367346939 0.5066666666666667 0.02551020408163265 0.02