2 0.5904471544715448 0.518970189701897 0.26626016260162605 0.3604336043360434
1 0.7500000000000001 0.4986449864498645 0.10975609756097562 0.4986449864498645
1 0.8699186991869919 0.7046070460704607 0.06504065040650407 0.07046070460704607
1 0.9532520325203253 0.6991869918699187 0.03658536585365854 0.04336043360433604
1 0.8810975609756099 0.46747967479674796 0.05894308943089432 0.08401084010840108
1 0.7804878048780488 0.16531165311653118 0.04471544715447155 0.05420054200542006
1 0.7195121951219513 0.07317073170731707 0.052845528455284556 0.11924119241192412
1 0.9552845528455286 0.12601626016260162 0.08536585365853659 0.25203252032520324
4 0.508130081300813 0.3915989159891599 0.032520325203252036 0.07859078590785908
4 0.49288617886178865 0.6029810298102981 0.022357723577235776 0.02981029810298103
2 0.5955284552845529 0.8631436314363143 0.32926829268292684 0.2086720867208672
1 0.5833333333333334 0.983739837398374 0.05691056910569106 0.02710027100271003