2 0.6395061728395062 0.15031645569620253 0.18271604938271604 0.25
2 0.8024691358024691 0.11234177215189874 0.14320987654320988 0.19936708860759494
2 0.1654320987654321 0.22943037974683544 0.3111111111111111 0.21835443037974683
2 0.5641975308641975 0.5363924050632911 0.07654320987654321 0.11075949367088607
2 0.30123456790123454 0.5379746835443038 0.16296296296296295 0.12025316455696203
2 0.4802469135802469 0.7658227848101266 0.16049382716049382 0.24683544303797467
4 0.8308641975308642 0.13132911392405064 0.012345679012345678 0.028481012658227847
4 0.754320987654321 0.15348101265822783 0.012345679012345678 0.015822784810126583
4 0.17407407407407408 0.2848101265822785 0.022222222222222223 0.03164556962025317
4 0.19382716049382714 0.31170886075949367 0.01728395061728395 0.022151898734177215
4 0.20123456790123456 0.2231012658227848 0.022222222222222223 0.022151898734177215
4 0.2382716049382716 0.17246835443037975 0.012345679012345678 0.015822784810126583
4 0.35555555555555557 0.5395569620253164 0.019753086419753086 0.03481012658227848
4 0.4641975308641975 0.7357594936708861 0.014814814814814815 0.022151898734177215