3 0.7041666666666667 0.9293478260869565 0.025 0.025362318840579712
3 0.40694444444444444 0.8134057971014493 0.04166666666666667 0.04710144927536232
3 0.7666666666666667 0.9746376811594203 0.011111111111111112 0.021739130434782608
3 0.20694444444444446 0.822463768115942 0.01388888888888889 0.021739130434782608
3 0.17500000000000002 0.8206521739130435 0.022222222222222223 0.018115942028985508
3 0.15 0.8260869565217391 0.016666666666666666 0.021739130434782608
3 0.5 0.7536231884057971 0.016666666666666666 0.021739130434782608
3 0.4152777777777778 0.6829710144927537 0.01388888888888889 0.025362318840579712
3 0.4222222222222222 0.592391304347826 0.02777777777777778 0.03260869565217391
3 0.3416666666666667 0.5289855072463768 0.022222222222222223 0.021739130434782608
3 0.29583333333333334 0.35507246376811596 0.05277777777777778 0.06521739130434782
3 0.2902777777777778 0.2826086956521739 0.036111111111111115 0.043478260869565216
3 0.09305555555555556 0.4384057971014493 0.0638888888888889 0.06521739130434782
3 0.14722222222222223 0.3695652173913044 0.07777777777777778 0.07246376811594203
3 0.3013888888888889 0.08695652173913043 0.058333333333333334 0.15942028985507248