3 0.30792682926829273 0.943089430894309 0.022357723577235776 0.02168021680216802
3 0.6168699186991871 0.8333333333333334 0.03861788617886179 0.04607046070460705
3 0.24288617886178865 0.986449864498645 0.010162601626016262 0.016260162601626015
3 0.821138211382114 0.8550135501355014 0.012195121951219513 0.018970189701897018
3 0.853658536585366 0.8536585365853658 0.020325203252032523 0.016260162601626015
3 0.8790650406504066 0.8604336043360433 0.014227642276422765 0.018970189701897018
3 0.5233739837398375 0.7682926829268293 0.014227642276422765 0.018970189701897018
3 0.6117886178861789 0.6964769647696477 0.012195121951219513 0.02168021680216802
3 0.6077235772357724 0.6016260162601627 0.024390243902439025 0.03252032520325203
3 0.6910569105691058 0.5392953929539296 0.020325203252032523 0.016260162601626015
3 0.7428861788617886 0.35772357723577236 0.05081300813008131 0.06504065040650406
3 0.7510162601626017 0.28319783197831977 0.034552845528455285 0.04065040650406504
3 0.9502032520325204 0.45528455284552843 0.06300813008130082 0.06504065040650406
3 0.8953252032520326 0.3821138211382114 0.07520325203252033 0.07046070460704607
3 0.7449186991869919 0.07859078590785908 0.05894308943089432 0.16260162601626016