2 0.5294715447154472 0.516260162601626 0.26626016260162605 0.3604336043360434
1 0.6890243902439025 0.4959349593495935 0.10975609756097562 0.4986449864498645
1 0.8089430894308944 0.7018970189701897 0.06504065040650407 0.07046070460704607
1 0.8922764227642277 0.6964769647696477 0.03658536585365854 0.04336043360433604
1 0.8201219512195123 0.46476964769647694 0.05894308943089432 0.08401084010840108
1 0.7195121951219513 0.16260162601626016 0.04471544715447155 0.05420054200542006
1 0.6585365853658537 0.07046070460704607 0.052845528455284556 0.11924119241192412
1 0.894308943089431 0.12330623306233063 0.08536585365853659 0.25203252032520324
4 0.4471544715447155 0.3888888888888889 0.032520325203252036 0.07859078590785908
4 0.4319105691056911 0.6002710027100271 0.022357723577235776 0.02981029810298103
2 0.5345528455284554 0.8604336043360433 0.32926829268292684 0.2086720867208672
1 0.5223577235772359 0.981029810298103 0.05691056910569106 0.02710027100271003