3 0.1277777777777778 0.8099630996309963 0.03333333333333333 0.07749077490774907
3 0.18472222222222223 0.8542435424354243 0.025 0.025830258302583026
3 0.18888888888888888 0.8339483394833949 0.016666666666666666 0.02214022140221402
3 0.37777777777777777 0.9298892988929889 0.011111111111111112 0.014760147601476014
3 0.7805555555555556 0.8874538745387454 0.03333333333333333 0.033210332103321034
3 0.9083333333333333 0.6715867158671587 0.044444444444444446 0.06642066420664207
3 0.8652777777777778 0.5535055350553505 0.08611111111111111 0.05166051660516605
3 0.85 0.6494464944649446 0.07777777777777778 0.11808118081180811
3 0.24583333333333335 0.470479704797048 0.025 0.025830258302583026
3 0.22777777777777777 0.49815498154981547 0.016666666666666666 0.02214022140221402
1 0.5097222222222222 0.603321033210332 0.5916666666666667 0.6309963099630996
1 0.6416666666666667 0.933579335793358 0.07222222222222223 0.07380073800738007
3 0.019444444444444445 0.17343173431734316 0.022222222222222223 0.02952029520295203