3 0.1626016260162602 0.0948509485094851 0.06097560975609757 0.05420054200542006
3 0.8089430894308944 0.12601626016260162 0.02845528455284553 0.056910569105691054
3 0.8028455284552847 0.17886178861788618 0.016260162601626018 0.02168021680216802
3 0.48475609756097565 0.3333333333333333 0.03861788617886179 0.016260162601626015
3 0.46443089430894313 0.3970189701897019 0.026422764227642278 0.024390243902439025
3 0.4939024390243903 0.3902439024390244 0.020325203252032523 0.02710027100271003
3 0.5457317073170732 0.46747967479674796 0.01829268292682927 0.03523035230352303
3 0.5741869918699187 0.7032520325203252 0.01829268292682927 0.03523035230352303
3 0.7103658536585367 0.7113821138211383 0.01829268292682927 0.03523035230352303
3 0.10060975609756098 0.5813008130081301 0.010162601626016262 0.018970189701897018
3 0.23170731707317074 0.43089430894308944 0.020325203252032523 0.01084010840108401
1 0.8485772357723578 0.4268292682926829 0.022357723577235776 0.018970189701897018