2 0.4175257731958763 0.5171232876712328 0.26804123711340205 0.363013698630137
1 0.259020618556701 0.4965753424657534 0.11082474226804123 0.5
1 0.13917525773195877 0.7020547945205479 0.06701030927835051 0.07534246575342465
1 0.055412371134020616 0.696917808219178 0.03865979381443299 0.04452054794520548
1 0.12757731958762886 0.4657534246575342 0.059278350515463915 0.08904109589041095
1 0.22809278350515463 0.1660958904109589 0.04896907216494845 0.05821917808219178
1 0.28865979381443296 0.07363013698630136 0.05670103092783505 0.11986301369863013
1 0.05412371134020619 0.1267123287671233 0.08762886597938144 0.2534246575342466
4 0.5 0.3904109589041096 0.03608247422680412 0.0821917808219178
4 0.5154639175257731 0.5993150684931506 0.02577319587628866 0.03424657534246575
2 0.41365979381443296 0.8595890410958904 0.3324742268041237 0.21232876712328766
1 0.4265463917525773 0.9794520547945205 0.059278350515463915 0.0273972602739726