3 0.3029197080291971 0.04503105590062111 0.03649635036496351 0.03416149068322981
2 0.26763990267639903 0.06677018633540373 0.07299270072992702 0.09627329192546583
2 0.4318734793187348 0.06677018633540373 0.09489051094890512 0.05900621118012422
2 0.856447688564477 0.22981366459627328 0.10218978102189781 0.21739130434782608
2 0.9184914841849149 0.45962732919254656 0.06569343065693431 0.18012422360248445
4 0.8905109489051095 0.515527950310559 0.019464720194647202 0.018633540372670808
3 0.7201946472019465 0.3913043478260869 0.024330900243309004 0.03105590062111801
1 0.3175182481751825 0.44565217391304346 0.026763990267639905 0.03416149068322981
1 0.17639902676399027 0.41770186335403725 0.026763990267639905 0.03416149068322981
1 0.25790754257907544 0.45807453416149063 0.024330900243309004 0.02795031055900621
1 0.18004866180048662 0.5760869565217391 0.024330900243309004 0.021739130434782608
3 0.34063260340632606 0.23913043478260868 0.019464720194647202 0.024844720496894408
3 0.6824817518248175 0.936335403726708 0.0170316301703163 0.021739130434782608