3 0.22764227642276424 0.025745257452574527 0.03658536585365854 0.03523035230352303
2 0.19004065040650409 0.05420054200542006 0.07520325203252033 0.10298102981029811
2 0.3638211382113822 0.03523035230352303 0.0975609756097561 0.06504065040650406
2 0.8231707317073171 0.16666666666666666 0.10569105691056911 0.23577235772357724
2 0.9034552845528456 0.4132791327913279 0.06707317073170732 0.1978319783197832
4 0.8790650406504066 0.47831978319783197 0.01829268292682927 0.018970189701897018
3 0.6900406504065041 0.35907859078590787 0.022357723577235776 0.02981029810298103
1 0.26930894308943093 0.46476964769647694 0.026422764227642278 0.03523035230352303
1 0.11890243902439025 0.45121951219512196 0.026422764227642278 0.03523035230352303
1 0.2063008130081301 0.4878048780487805 0.022357723577235776 0.02710027100271003
1 0.13313008130081302 0.6260162601626016 0.022357723577235776 0.02168021680216802
3 0.27947154471544716 0.23441734417344173 0.01829268292682927 0.024390243902439025
3 0.6869918699186992 0.964769647696477 0.016260162601626018 0.02168021680216802