3 0.733739837398374 0.9742547425474255 0.03658536585365854 0.03523035230352303
2 0.7713414634146343 0.94579945799458 0.07520325203252033 0.10298102981029811
2 0.5975609756097562 0.964769647696477 0.0975609756097561 0.06504065040650406
2 0.13821138211382114 0.8333333333333334 0.10569105691056911 0.23577235772357724
2 0.057926829268292686 0.5867208672086721 0.06707317073170732 0.1978319783197832
4 0.08231707317073171 0.521680216802168 0.01829268292682927 0.018970189701897018
3 0.27134146341463417 0.6409214092140921 0.022357723577235776 0.02981029810298103
1 0.6920731707317074 0.535230352303523 0.026422764227642278 0.03523035230352303
1 0.842479674796748 0.5487804878048781 0.026422764227642278 0.03523035230352303
1 0.7550813008130082 0.5121951219512195 0.022357723577235776 0.02710027100271003
1 0.8282520325203253 0.37398373983739835 0.022357723577235776 0.02168021680216802
3 0.6819105691056911 0.7655826558265583 0.01829268292682927 0.024390243902439025
3 0.27439024390243905 0.03523035230352303 0.016260162601626018 0.02168021680216802