1 0.5633245382585752 0.7 0.06068601583113456 0.06206896551724138
2 0.8324538258575198 0.6982758620689655 0.12401055408970976 0.15517241379310345
4 0.8654353562005277 0.7206896551724138 0.05277044854881266 0.06206896551724138
4 0.8047493403693932 0.7086206896551724 0.047493403693931395 0.04482758620689655
4 0.8218997361477572 0.6362068965517241 0.03430079155672823 0.02413793103448276
3 0.704485488126649 0.5310344827586206 0.0158311345646438 0.020689655172413793
3 0.658311345646438 0.5706896551724138 0.044854881266490766 0.03103448275862069
2 0.3311345646437995 0.7637931034482759 0.11873350923482849 0.08620689655172414
2 0.17414248021108178 0.5672413793103448 0.15831134564643798 0.19655172413793104
2 0.14775725593667546 0.7310344827586207 0.08443271767810026 0.12413793103448276
2 0.09762532981530343 0.896551724137931 0.16358839050131926 0.19310344827586207
3 0.22427440633245382 0.9327586206896552 0.021108179419525065 0.02413793103448276
3 0.4182058047493404 0.0793103448275862 0.023746701846965697 0.020689655172413793
3 0.3839050131926121 0.07413793103448275 0.023746701846965697 0.02413793103448276