3 0.25508130081300817 0.7669376693766937 0.034552845528455285 0.05420054200542006
2 0.13922764227642279 0.13956639566395665 0.21747967479674798 0.18699186991869918
2 0.6869918699186992 0.5013550135501355 0.3252032520325204 0.33604336043360433
4 0.21951219512195125 0.08130081300813008 0.04878048780487805 0.037940379403794036
4 0.10060975609756098 0.21544715447154472 0.01829268292682927 0.018970189701897018
4 0.16565040650406507 0.2032520325203252 0.022357723577235776 0.02710027100271003
3 0.04471544715447155 0.532520325203252 0.020325203252032523 0.03523035230352303
3 0.16463414634146342 0.6531165311653117 0.012195121951219513 0.02168021680216802
3 0.5203252032520326 0.26287262872628725 0.02845528455284553 0.03252032520325203
3 0.6067073170731708 0.1910569105691057 0.026422764227642278 0.024390243902439025
3 0.5294715447154472 0.6842818428184282 0.030487804878048783 0.04065040650406504
4 0.5528455284552846 0.6178861788617886 0.016260162601626018 0.02168021680216802
3 0.5508130081300814 0.1111111111111111 0.020325203252032523 0.03252032520325203
3 0.6178861788617886 0.15718157181571815 0.024390243902439025 0.02710027100271003