1 0.5721544715447155 0.6991869918699187 0.05894308943089432 0.05962059620596206
2 0.8475609756097562 0.7086720867208672 0.12601626016260165 0.15989159891598917
4 0.8810975609756099 0.7330623306233063 0.05081300813008131 0.06233062330623306
4 0.8191056910569107 0.7181571815718157 0.04471544715447155 0.04336043360433604
4 0.8384146341463415 0.6422764227642277 0.030487804878048783 0.02168021680216802
3 0.7205284552845529 0.5298102981029811 0.014227642276422765 0.018970189701897018
3 0.6727642276422765 0.5677506775067751 0.04471544715447155 0.02981029810298103
2 0.334349593495935 0.7560975609756098 0.11991869918699188 0.08672086720867209
2 0.1788617886178862 0.5447154471544715 0.1585365853658537 0.2005420054200542
2 0.14735772357723578 0.7140921409214093 0.08333333333333334 0.12737127371273713
2 0.09247967479674797 0.8848238482384824 0.16463414634146342 0.1978319783197832
3 0.22052845528455287 0.9281842818428184 0.01829268292682927 0.024390243902439025
3 0.4400406504065041 0.04742547425474255 0.022357723577235776 0.018970189701897018
3 0.4044715447154472 0.03929539295392954 0.020325203252032523 0.018970189701897018