3 0.22459349593495936 0.7208672086720868 0.034552845528455285 0.05420054200542006
2 0.10873983739837399 0.09349593495934959 0.21747967479674798 0.18699186991869918
2 0.6565040650406505 0.45528455284552843 0.3252032520325204 0.33604336043360433
4 0.18902439024390247 0.03523035230352303 0.04878048780487805 0.037940379403794036
4 0.0701219512195122 0.16937669376693767 0.01829268292682927 0.018970189701897018
4 0.1351626016260163 0.15718157181571815 0.022357723577235776 0.02710027100271003
3 0.014227642276422765 0.48644986449864497 0.020325203252032523 0.03523035230352303
3 0.13414634146341464 0.6070460704607046 0.012195121951219513 0.02168021680216802
3 0.48983739837398377 0.21680216802168023 0.02845528455284553 0.03252032520325203
3 0.576219512195122 0.14498644986449866 0.026422764227642278 0.024390243902439025
3 0.4989837398373984 0.6382113821138211 0.030487804878048783 0.04065040650406504
4 0.5223577235772359 0.5718157181571816 0.016260162601626018 0.02168021680216802
3 0.5203252032520326 0.06504065040650406 0.020325203252032523 0.03252032520325203
3 0.58739837398374 0.1111111111111111 0.024390243902439025 0.02710027100271003