1 0.4471544715447155 0.16531165311653118 0.07317073170731708 0.0975609756097561
2 0.8180894308943091 0.8116531165311653 0.35162601626016265 0.35501355013550134
2 0.684959349593496 0.41192411924119243 0.13821138211382114 0.2222222222222222
2 0.5233739837398375 0.4186991869918699 0.1402439024390244 0.24661246612466126
2 0.32621951219512196 0.32113821138211385 0.09959349593495936 0.21951219512195122
2 0.2886178861788618 0.13414634146341464 0.15447154471544716 0.14905149051490515
4 0.2571138211382114 0.09620596205962059 0.014227642276422765 0.024390243902439025
4 0.25609756097560976 0.15853658536585366 0.016260162601626018 0.018970189701897018
4 0.3170731707317074 0.3685636856368564 0.016260162601626018 0.02168021680216802
4 0.3384146341463415 0.25474254742547425 0.014227642276422765 0.02168021680216802
4 0.3556910569105691 0.3265582655826558 0.012195121951219513 0.024390243902439025
4 0.5050813008130082 0.44715447154471544 0.014227642276422765 0.02710027100271003
4 0.6534552845528456 0.3875338753387534 0.014227642276422765 0.02168021680216802
4 0.6747967479674798 0.7479674796747967 0.024390243902439025 0.03252032520325203
4 0.7378048780487806 0.7411924119241192 0.02845528455284553 0.02981029810298103
4 0.7906504065040652 0.7032520325203252 0.016260162601626018 0.024390243902439025
4 0.7754065040650407 0.7574525745257452 0.01829268292682927 0.018970189701897018
4 0.7764227642276423 0.8401084010840109 0.03658536585365854 0.04336043360433604
4 0.7957317073170732 0.8848238482384824 0.022357723577235776 0.018970189701897018
4 0.8292682926829269 0.7886178861788617 0.04471544715447155 0.05420054200542006
4 0.8607723577235773 0.7357723577235772 0.026422764227642278 0.03523035230352303
4 0.9735772357723578 0.7655826558265583 0.024390243902439025 0.02981029810298103
4 0.9695121951219513 0.8685636856368564 0.024390243902439025 0.02981029810298103
4 0.9878048780487806 0.9769647696476965 0.012195121951219513 0.024390243902439025