1 0.5691056910569106 0.31141868512110726 0.05962059620596206 0.05536332179930796
2 0.8279132791327913 0.3304498269896194 0.12195121951219512 0.14878892733564014
4 0.8604336043360433 0.31141868512110726 0.051490514905149054 0.06228373702422146
4 0.8021680216802168 0.31833910034602075 0.04336043360433604 0.04152249134948097
4 0.8157181571815718 0.3892733564013841 0.03252032520325203 0.02422145328719723
3 0.6991869918699187 0.47750865051903113 0.016260162601626015 0.020761245674740483
3 0.6558265582655827 0.43944636678200694 0.04336043360433604 0.02768166089965398
2 0.34959349593495936 0.23529411764705882 0.11382113821138211 0.08304498269896193
2 0.1910569105691057 0.4100346020761246 0.14905149051490515 0.18339100346020762
2 0.17073170731707318 0.2560553633217993 0.08130081300813008 0.11764705882352941
2 0.13008130081300812 0.09688581314878893 0.15718157181571815 0.17993079584775087
3 0.25338753387533874 0.07093425605536333 0.018970189701897018 0.02422145328719723
3 0.4078590785907859 0.8823529411764706 0.024390243902439025 0.020761245674740483
3 0.37398373983739835 0.8858131487889274 0.02168021680216802 0.020761245674740483