1 0.7443324937027708 0.8376623376623377 0.04785894206549118 0.045454545454545456
2 0.6851385390428212 0.9090909090909092 0.17632241813602015 0.09740259740259741
4 0.7229219143576826 0.9090909090909092 0.020151133501259445 0.025974025974025976
2 0.11460957178841309 0.8912337662337663 0.09319899244332494 0.10064935064935066
2 0.9345088161209067 0.6347402597402598 0.0906801007556675 0.24350649350649353
2 0.5453400503778337 0.2272727272727273 0.11335012594458438 0.1103896103896104
2 0.41183879093198994 0.14610389610389612 0.1385390428211587 0.16233766233766234
2 0.3778337531486146 0.31493506493506496 0.07556675062972291 0.12337662337662339
2 0.1712846347607053 0.4253246753246753 0.04534005037783375 0.07142857142857144
2 0.09697732997481108 0.20454545454545456 0.19395465994962216 0.16883116883116883
2 0.8664987405541561 0.25811688311688313 0.19143576826196473 0.18506493506493507
2 0.7204030226700252 0.06493506493506494 0.18639798488664988 0.07142857142857144
2 0.6763224181360201 0.6038961038961039 0.06801007556675062 0.12987012987012989
2 0.48740554156171284 0.4025974025974026 0.0327455919395466 0.06493506493506494
3 0.41183879093198994 0.8636363636363636 0.017632241813602016 0.025974025974025976
4 0.020151133501259445 0.2564935064935065 0.015113350125944584 0.01948051948051948
4 0.04534005037783375 0.2483766233766234 0.015113350125944584 0.022727272727272728
4 0.14987405541561713 0.19480519480519481 0.017632241813602016 0.03246753246753247
4 0.3916876574307305 0.10876623376623377 0.022670025188916875 0.029220779220779224
4 0.4193954659949622 0.17045454545454547 0.017632241813602016 0.022727272727272728
4 0.5415617128463476 0.19155844155844157 0.015113350125944584 0.025974025974025976