1 0.25508130081300817 0.8712737127371274 0.0467479674796748 0.04607046070460705
2 0.3191056910569106 0.943089430894309 0.1829268292682927 0.10298102981029811
4 0.2804878048780488 0.94579945799458 0.016260162601626018 0.02168021680216802
2 0.9136178861788619 0.8766937669376694 0.09552845528455285 0.10569105691056911
2 0.04573170731707318 0.6666666666666666 0.09146341463414635 0.26016260162601623
2 0.4319105691056911 0.1951219512195122 0.11585365853658537 0.11382113821138211
2 0.5670731707317074 0.09620596205962059 0.14227642276422767 0.17073170731707318
2 0.6107723577235773 0.2764227642276423 0.07520325203252033 0.13008130081300812
2 0.8313008130081302 0.3780487804878049 0.04471544715447155 0.07317073170731707
2 0.8983739837398375 0.13279132791327913 0.19918699186991873 0.17886178861788618
2 0.09857723577235773 0.25474254742547425 0.19715447154471546 0.1951219512195122
2 0.24186991869918703 0.03523035230352303 0.1910569105691057 0.07588075880758807
2 0.3140243902439025 0.6124661246612466 0.06707317073170732 0.13550135501355012
2 0.5010162601626017 0.3794037940379404 0.030487804878048783 0.06504065040650406
3 0.6026422764227642 0.8712737127371274 0.014227642276422765 0.024390243902439025
4 0.9817073170731708 0.1842818428184282 0.012195121951219513 0.016260162601626015
4 0.9552845528455286 0.17615176151761516 0.012195121951219513 0.02168021680216802
4 0.8434959349593497 0.12737127371273713 0.016260162601626018 0.03252032520325203
4 0.58739837398374 0.05420054200542006 0.020325203252032523 0.02710027100271003
4 0.5609756097560976 0.12330623306233063 0.016260162601626018 0.018970189701897018
4 0.4339430894308944 0.15718157181571815 0.014227642276422765 0.02710027100271003