1 0.2718579234972678 0.1298932384341637 0.04644808743169399 0.046263345195729534
2 0.3360655737704918 0.06405693950177936 0.18032786885245902 0.099644128113879
4 0.29918032786885246 0.05871886120996441 0.01912568306010929 0.02491103202846975
2 0.9084699453551912 0.1583629893238434 0.09562841530054644 0.10320284697508897
2 0.06420765027322405 0.3113879003558719 0.09016393442622951 0.25266903914590744
2 0.42349726775956287 0.7775800711743772 0.11475409836065574 0.11032028469750889
2 0.5505464480874317 0.8772241992882562 0.13934426229508196 0.16725978647686832
2 0.5983606557377049 0.7099644128113879 0.07650273224043716 0.12455516014234874
2 0.8155737704918032 0.6245551601423487 0.04644808743169399 0.07473309608540925
2 0.8729508196721312 0.8594306049822064 0.19398907103825136 0.17437722419928825
2 0.10245901639344263 0.702846975088968 0.19398907103825136 0.18861209964412812
2 0.2336065573770492 0.9181494661921707 0.1885245901639344 0.07829181494661921
2 0.32103825136612024 0.3754448398576512 0.06830601092896176 0.13167259786476868
2 0.49453551912568305 0.6067615658362989 0.03278688524590164 0.06761565836298931
3 0.6092896174863388 0.14768683274021352 0.01639344262295082 0.02491103202846975
4 0.9549180327868853 0.8167259786476868 0.01366120218579235 0.01779359430604982
4 0.9289617486338798 0.8220640569395017 0.01639344262295082 0.021352313167259787
4 0.8183060109289617 0.8629893238434163 0.01912568306010929 0.03202846975088968
4 0.5683060109289617 0.9181494661921707 0.02185792349726776 0.028469750889679714
4 0.5450819672131147 0.8505338078291814 0.01912568306010929 0.021352313167259787
4 0.42349726775956287 0.8131672597864769 0.01639344262295082 0.03202846975088968