3 0.23218997361477572 0.7162629757785467 0.036939313984168866 0.05536332179930796
2 0.13192612137203166 0.10899653979238755 0.21635883905013192 0.18339100346020762
2 0.6609498680738786 0.47750865051903113 0.31926121372031663 0.32525951557093424
4 0.21240105540897097 0.05709342560553633 0.05013192612137203 0.03806228373702422
4 0.09234828496042216 0.18166089965397925 0.021108179419525065 0.02422145328719723
4 0.15699208443271767 0.17301038062283738 0.023746701846965697 0.02768166089965398
3 0.0316622691292876 0.4844290657439447 0.021108179419525065 0.03460207612456748
3 0.14643799472295513 0.6038062283737025 0.013192612137203165 0.02422145328719723
3 0.5026385224274407 0.24221453287197234 0.029023746701846966 0.03460207612456748
3 0.5883905013192612 0.17647058823529413 0.02638522427440633 0.02768166089965398
3 0.5026385224274407 0.6487889273356402 0.03430079155672823 0.04498269896193772
4 0.5263852242744063 0.5865051903114187 0.018469656992084433 0.02422145328719723
3 0.5356200527704486 0.09688581314878893 0.021108179419525065 0.03460207612456748
3 0.5989445910290238 0.1453287197231834 0.02638522427440633 0.02768166089965398