2 0.06699751861042183 0.680952380952381 0.10918114143920596 0.30793650793650795
2 0.5223325062034739 0.5825396825396826 0.11662531017369727 0.16825396825396827
3 0.3362282878411911 0.09841269841269841 0.03722084367245657 0.025396825396825397
3 0.38337468982630274 0.08095238095238096 0.03225806451612903 0.02857142857142857
3 0.4913151364764268 0.10952380952380952 0.034739454094292806 0.03492063492063492
3 0.6364764267990074 0.2634920634920635 0.03225806451612903 0.025396825396825397
3 0.5198511166253101 0.2746031746031746 0.02729528535980149 0.06031746031746032
3 0.6563275434243176 0.3492063492063492 0.022332506203473945 0.031746031746031744
3 0.586848635235732 0.48095238095238096 0.02729528535980149 0.02857142857142857
4 0.5235732009925558 0.5698412698412698 0.019851116625310174 0.022222222222222223
4 0.5421836228287841 0.5650793650793651 0.017369727047146403 0.025396825396825397
4 0.5248138957816377 0.6222222222222222 0.022332506203473945 0.0761904761904762
3 0.43672456575682383 0.573015873015873 0.019851116625310174 0.03492063492063492
3 0.6166253101736973 0.6460317460317461 0.02729528535980149 0.047619047619047616
3 0.41563275434243174 0.580952380952381 0.022332506203473945 0.031746031746031744
3 0.3411910669975186 0.5301587301587302 0.017369727047146403 0.01904761904761905
3 0.1575682382133995 0.7714285714285715 0.04714640198511166 0.044444444444444446
3 0.1575682382133995 0.8476190476190476 0.03225806451612903 0.0380952380952381
3 0.11786600496277916 0.8380952380952381 0.03722084367245657 0.044444444444444446