1 0.17378048780487806 0.5420054200542005 0.05894308943089432 0.07046070460704607
1 0.5406504065040652 0.33875338753387535 0.04065040650406505 0.05420054200542006
2 0.27947154471544716 0.9186991869918699 0.09146341463414635 0.15176151761517614
2 0.28658536585365857 0.13685636856368563 0.1626016260162602 0.23035230352303523
2 0.7317073170731708 0.15853658536585366 0.5284552845528456 0.3224932249322493
4 0.2367886178861789 0.2032520325203252 0.022357723577235776 0.05420054200542006
4 0.30589430894308944 0.13414634146341464 0.030487804878048783 0.04065040650406504
4 0.34756097560975613 0.04200542005420054 0.024390243902439025 0.03523035230352303
4 0.9044715447154472 0.2764227642276423 0.02845528455284553 0.02710027100271003
4 0.8130081300813009 0.15582655826558264 0.02845528455284553 0.03523035230352303
4 0.8130081300813009 0.2588075880758808 0.016260162601626018 0.018970189701897018
4 0.7703252032520326 0.22357723577235772 0.03658536585365854 0.02981029810298103
4 0.7835365853658537 0.1937669376693767 0.01829268292682927 0.018970189701897018
4 0.7571138211382115 0.16395663956639567 0.05081300813008131 0.08401084010840108
4 0.7469512195121952 0.04200542005420054 0.01829268292682927 0.024390243902439025