1 0.5606060606060607 0.7062043795620437 0.06336088154269973 0.06204379562043796
2 0.8347107438016529 0.7116788321167883 0.12672176308539945 0.16058394160583941
4 0.8677685950413223 0.7372262773722628 0.05509641873278237 0.06569343065693431
4 0.8057851239669421 0.7208029197080291 0.046831955922865015 0.04744525547445255
4 0.8236914600550964 0.6478102189781022 0.03305785123966942 0.025547445255474453
3 0.7079889807162535 0.5364963503649635 0.01652892561983471 0.021897810218978103
3 0.6597796143250689 0.5748175182481752 0.046831955922865015 0.032846715328467155
2 0.325068870523416 0.7645985401459854 0.12121212121212122 0.09124087591240876
2 0.17079889807162535 0.5602189781021898 0.15977961432506887 0.20072992700729927
2 0.1391184573002755 0.7262773722627737 0.08539944903581267 0.13138686131386862
2 0.08677685950413223 0.8941605839416058 0.16804407713498623 0.1970802919708029
3 0.21349862258953167 0.9361313868613138 0.01928374655647383 0.025547445255474453
3 0.4256198347107438 0.06569343065693431 0.024793388429752067 0.021897810218978103
3 0.38980716253443526 0.058394160583941604 0.024793388429752067 0.021897810218978103