1 0.5857519788918205 0.17993079584775087 0.07387862796833773 0.09688581314878893
2 0.20844327176781002 0.7871972318339101 0.34828496042216356 0.342560553633218
2 0.3469656992084433 0.40657439446366783 0.13984168865435356 0.2179930795847751
2 0.5052770448548812 0.4204152249134948 0.13984168865435356 0.23875432525951557
2 0.6992084432717678 0.33217993079584773 0.10026385224274406 0.21453287197231835
2 0.7401055408970976 0.15570934256055363 0.15567282321899736 0.1453287197231834
4 0.7717678100263852 0.12110726643598617 0.018469656992084433 0.02768166089965398
4 0.7717678100263852 0.17993079584775087 0.018469656992084433 0.020761245674740483
4 0.70844327176781 0.3788927335640139 0.018469656992084433 0.02422145328719723
4 0.6886543535620052 0.2681660899653979 0.0158311345646438 0.02422145328719723
4 0.6701846965699209 0.3391003460207613 0.0158311345646438 0.02768166089965398
4 0.5224274406332453 0.4480968858131488 0.0158311345646438 0.03114186851211073
4 0.37730870712401055 0.38581314878892736 0.0158311345646438 0.02422145328719723
4 0.3496042216358839 0.7301038062283737 0.029023746701846966 0.03460207612456748
4 0.287598944591029 0.7214532871972319 0.0316622691292876 0.03114186851211073
4 0.23614775725593667 0.685121107266436 0.018469656992084433 0.02768166089965398
4 0.25065963060686014 0.7370242214532872 0.021108179419525065 0.020761245674740483
4 0.24802110817941952 0.8148788927335641 0.036939313984168866 0.04498269896193772
4 0.22823218997361477 0.8581314878892734 0.023746701846965697 0.020761245674740483
4 0.19788918205804748 0.7647058823529412 0.047493403693931395 0.05536332179930796
4 0.16754617414248021 0.71280276816609 0.029023746701846966 0.03460207612456748
4 0.05804749340369393 0.7370242214532872 0.02638522427440633 0.03460207612456748
4 0.05804749340369393 0.8356401384083045 0.02638522427440633 0.03114186851211073
4 0.03825857519788918 0.9411764705882353 0.013192612137203165 0.02768166089965398