2 0.08984375 0.7625418060200668 0.11197916666666666 0.31438127090301005
2 0.5325520833333333 0.5769230769230769 0.1171875 0.1705685618729097
3 0.29166666666666663 0.12876254180602006 0.03645833333333333 0.023411371237458192
3 0.3372395833333333 0.10367892976588629 0.033854166666666664 0.026755852842809364
3 0.4453125 0.11036789297658862 0.03645833333333333 0.033444816053511704
3 0.6080729166666666 0.23745819397993312 0.033854166666666664 0.026755852842809364
3 0.49479166666666663 0.2709030100334448 0.03125 0.06020066889632107
3 0.6393229166666666 0.3193979933110368 0.0234375 0.030100334448160536
3 0.5859375 0.4648829431438127 0.026041666666666664 0.026755852842809364
4 0.5325520833333333 0.5635451505016722 0.018229166666666664 0.023411371237458192
4 0.55078125 0.5568561872909699 0.018229166666666664 0.023411371237458192
4 0.5403645833333333 0.617056856187291 0.0234375 0.07692307692307693
3 0.4466145833333333 0.5836120401337792 0.018229166666666664 0.03678929765886287
3 0.6328125 0.6237458193979933 0.026041666666666664 0.043478260869565216
3 0.42578125 0.5953177257525083 0.0234375 0.033444816053511704
3 0.3450520833333333 0.5585284280936454 0.018229166666666664 0.020066889632107024
3 0.19010416666666666 0.8361204013377926 0.046875 0.04013377926421405
3 0.19921875 0.9113712374581939 0.033854166666666664 0.043478260869565216
3 0.16015625 0.9096989966555183 0.0390625 0.046822742474916385