1 0.2530487804878049 0.12059620596205962 0.0467479674796748 0.04607046070460705
2 0.3170731707317074 0.04878048780487805 0.1829268292682927 0.10298102981029811
4 0.27845528455284557 0.04607046070460705 0.016260162601626018 0.02168021680216802
2 0.9115853658536587 0.11517615176151762 0.09552845528455285 0.10569105691056911
2 0.04369918699186992 0.3252032520325203 0.09146341463414635 0.26016260162601623
2 0.42987804878048785 0.7967479674796748 0.11585365853658537 0.11382113821138211
2 0.5650406504065041 0.8956639566395664 0.14227642276422767 0.17073170731707318
2 0.608739837398374 0.7154471544715447 0.07520325203252033 0.13008130081300812
2 0.8292682926829269 0.6138211382113821 0.04471544715447155 0.07317073170731707
2 0.8963414634146343 0.8590785907859079 0.19918699186991873 0.17886178861788618
2 0.09654471544715448 0.7371273712737128 0.19715447154471546 0.1951219512195122
2 0.23983739837398377 0.9566395663956639 0.1910569105691057 0.07588075880758807
2 0.3119918699186992 0.3794037940379404 0.06707317073170732 0.13550135501355012
2 0.4989837398373984 0.6124661246612466 0.030487804878048783 0.06504065040650406
3 0.6006097560975611 0.12059620596205962 0.014227642276422765 0.024390243902439025
4 0.9796747967479675 0.8075880758807588 0.012195121951219513 0.016260162601626015
4 0.9532520325203253 0.8157181571815718 0.012195121951219513 0.02168021680216802
4 0.8414634146341464 0.8644986449864499 0.016260162601626018 0.03252032520325203
4 0.5853658536585367 0.9376693766937669 0.020325203252032523 0.02710027100271003
4 0.5589430894308943 0.8685636856368564 0.016260162601626018 0.018970189701897018
4 0.4319105691056911 0.8346883468834688 0.014227642276422765 0.02710027100271003