2 0.15447154471544716 0.25609756097560976 0.11382113821138212 0.33875338753387535
2 0.6290650406504066 0.4132791327913279 0.11991869918699188 0.18157181571815717
3 0.4004065040650407 0.9254742547425474 0.03658536585365854 0.024390243902439025
3 0.44918699186991873 0.948509485094851 0.032520325203252036 0.02710027100271003
3 0.5640243902439025 0.9308943089430894 0.034552845528455285 0.03523035230352303
3 0.7276422764227644 0.7764227642276422 0.032520325203252036 0.024390243902439025
3 0.6056910569105691 0.7520325203252033 0.02845528455284553 0.06233062330623306
3 0.7550813008130082 0.6842818428184282 0.022357723577235776 0.02981029810298103
3 0.6900406504065041 0.5311653116531165 0.026422764227642278 0.02710027100271003
4 0.6290650406504066 0.4281842818428184 0.01829268292682927 0.02168021680216802
4 0.6483739837398375 0.4349593495934959 0.016260162601626018 0.024390243902439025
4 0.6341463414634148 0.3699186991869919 0.020325203252032523 0.07859078590785908
3 0.5376016260162603 0.4159891598915989 0.01829268292682927 0.03523035230352303
3 0.7306910569105692 0.35365853658536583 0.026422764227642278 0.04607046070460705
3 0.5152439024390244 0.4037940379403794 0.022357723577235776 0.03252032520325203
3 0.43292682926829273 0.45121951219512196 0.016260162601626018 0.018970189701897018
3 0.25508130081300817 0.16531165311653118 0.0467479674796748 0.04336043360433604
3 0.2601626016260163 0.08265582655826559 0.032520325203252036 0.04065040650406504
3 0.21951219512195125 0.08807588075880758 0.03658536585365854 0.04607046070460705