1 0.559959349593496 0.7100271002710027 0.05894308943089432 0.05962059620596206
2 0.8353658536585367 0.7195121951219512 0.12601626016260165 0.15989159891598917
4 0.8689024390243903 0.7439024390243902 0.05081300813008131 0.06233062330623306
4 0.8069105691056911 0.7289972899728997 0.04471544715447155 0.04336043360433604
4 0.826219512195122 0.6531165311653117 0.030487804878048783 0.02168021680216802
3 0.7083333333333334 0.540650406504065 0.014227642276422765 0.018970189701897018
3 0.660569105691057 0.5785907859078591 0.04471544715447155 0.02981029810298103
2 0.3221544715447155 0.7669376693766937 0.11991869918699188 0.08672086720867209
2 0.16666666666666669 0.5555555555555556 0.1585365853658537 0.2005420054200542
2 0.1351626016260163 0.7249322493224932 0.08333333333333334 0.12737127371273713
2 0.08028455284552846 0.8956639566395664 0.16463414634146342 0.1978319783197832
3 0.20833333333333334 0.9390243902439024 0.01829268292682927 0.024390243902439025
3 0.4278455284552846 0.058265582655826556 0.022357723577235776 0.018970189701897018
3 0.3922764227642277 0.05013550135501355 0.020325203252032523 0.018970189701897018