1 0.451219512195122 0.17344173441734417 0.07317073170731708 0.0975609756097561
2 0.8221544715447155 0.8197831978319783 0.35162601626016265 0.35501355013550134
2 0.6890243902439025 0.42005420054200543 0.13821138211382114 0.2222222222222222
2 0.5274390243902439 0.4268292682926829 0.1402439024390244 0.24661246612466126
2 0.3302845528455285 0.32926829268292684 0.09959349593495936 0.21951219512195122
2 0.29268292682926833 0.14227642276422764 0.15447154471544716 0.14905149051490515
4 0.26117886178861793 0.1043360433604336 0.014227642276422765 0.024390243902439025
4 0.2601626016260163 0.16666666666666666 0.016260162601626018 0.018970189701897018
4 0.32113821138211385 0.37669376693766937 0.016260162601626018 0.02168021680216802
4 0.342479674796748 0.26287262872628725 0.014227642276422765 0.02168021680216802
4 0.35975609756097565 0.3346883468834688 0.012195121951219513 0.024390243902439025
4 0.5091463414634146 0.45528455284552843 0.014227642276422765 0.02710027100271003
4 0.6575203252032521 0.3956639566395664 0.014227642276422765 0.02168021680216802
4 0.6788617886178863 0.7560975609756098 0.024390243902439025 0.03252032520325203
4 0.7418699186991871 0.7493224932249323 0.02845528455284553 0.02981029810298103
4 0.7947154471544716 0.7113821138211383 0.016260162601626018 0.024390243902439025
4 0.7794715447154472 0.7655826558265583 0.01829268292682927 0.018970189701897018
4 0.7804878048780488 0.8482384823848238 0.03658536585365854 0.04336043360433604
4 0.7997967479674798 0.8929539295392954 0.022357723577235776 0.018970189701897018
4 0.8333333333333334 0.7967479674796748 0.04471544715447155 0.05420054200542006
4 0.8648373983739839 0.7439024390243902 0.026422764227642278 0.03523035230352303
4 0.9776422764227644 0.7737127371273713 0.024390243902439025 0.02981029810298103
4 0.9735772357723578 0.8766937669376694 0.024390243902439025 0.02981029810298103
4 0.9918699186991871 0.9850948509485095 0.012195121951219513 0.024390243902439025