3 0.2799442896935933 0.7363636363636363 0.036211699164345405 0.05454545454545454
2 0.18523676880222842 0.13454545454545455 0.21448467966573817 0.18181818181818182
2 0.7075208913649025 0.5036363636363637 0.31754874651810583 0.3236363636363636
4 0.2646239554317549 0.08181818181818182 0.05013927576601671 0.04
4 0.14484679665738162 0.20363636363636364 0.022284122562674095 0.02181818181818182
4 0.2075208913649025 0.19636363636363635 0.025069637883008356 0.02909090909090909
3 0.08217270194986072 0.5018181818181818 0.025069637883008356 0.03636363636363636
3 0.19637883008356546 0.6236363636363637 0.013927576601671309 0.025454545454545455
3 0.552924791086351 0.2672727272727273 0.03064066852367688 0.03272727272727273
3 0.637883008356546 0.20363636363636364 0.027855153203342618 0.02909090909090909
3 0.5501392757660167 0.6690909090909091 0.03064066852367688 0.04363636363636364
4 0.575208913649025 0.6072727272727273 0.019498607242339833 0.02181818181818182
3 0.584958217270195 0.12545454545454546 0.022284122562674095 0.03272727272727273
3 0.649025069637883 0.1709090909090909 0.027855153203342618 0.02909090909090909