2 0.05691056910569106 0.7466124661246613 0.11382113821138212 0.33875338753387535
2 0.5315040650406505 0.5894308943089431 0.11991869918699188 0.18157181571815717
3 0.30284552845528456 0.07723577235772358 0.03658536585365854 0.024390243902439025
3 0.35162601626016265 0.05420054200542006 0.032520325203252036 0.02710027100271003
3 0.46646341463414637 0.07181571815718157 0.034552845528455285 0.03523035230352303
3 0.6300813008130082 0.22628726287262874 0.032520325203252036 0.024390243902439025
3 0.508130081300813 0.2506775067750677 0.02845528455284553 0.06233062330623306
3 0.6575203252032521 0.31842818428184283 0.022357723577235776 0.02981029810298103
3 0.592479674796748 0.4715447154471545 0.026422764227642278 0.02710027100271003
4 0.5315040650406505 0.5745257452574526 0.01829268292682927 0.02168021680216802
4 0.5508130081300814 0.5677506775067751 0.016260162601626018 0.024390243902439025
4 0.5365853658536586 0.6327913279132791 0.020325203252032523 0.07859078590785908
3 0.4400406504065041 0.5867208672086721 0.01829268292682927 0.03523035230352303
3 0.633130081300813 0.6490514905149052 0.026422764227642278 0.04607046070460705
3 0.41768292682926833 0.5989159891598916 0.022357723577235776 0.03252032520325203
3 0.3353658536585366 0.551490514905149 0.016260162601626018 0.018970189701897018
3 0.15752032520325204 0.8373983739837398 0.0467479674796748 0.04336043360433604
3 0.1626016260162602 0.9200542005420054 0.032520325203252036 0.04065040650406504
3 0.12195121951219513 0.9146341463414634 0.03658536585365854 0.04607046070460705