1 0.39690721649484534 0.16047297297297297 0.07216494845360824 0.09797297297297297
2 0.7422680412371134 0.7956081081081081 0.34536082474226804 0.34121621621621623
2 0.6224226804123711 0.40540540540540543 0.13659793814432988 0.21621621621621623
2 0.4639175257731959 0.4070945945945946 0.13917525773195877 0.23986486486486489
2 0.2757731958762887 0.30574324324324326 0.0979381443298969 0.21283783783783786
2 0.24355670103092783 0.12331081081081081 0.15206185567010308 0.14527027027027029
4 0.21391752577319587 0.08783783783783784 0.015463917525773196 0.02702702702702703
4 0.21005154639175258 0.14527027027027029 0.01804123711340206 0.02027027027027027
4 0.2654639175257732 0.34966216216216217 0.020618556701030927 0.02364864864864865
4 0.28865979381443296 0.24155405405405406 0.015463917525773196 0.02364864864864865
4 0.30412371134020616 0.31081081081081086 0.015463917525773196 0.02702702702702703
4 0.4458762886597938 0.43412162162162166 0.015463917525773196 0.030405405405405407
4 0.5927835051546392 0.38344594594594594 0.015463917525773196 0.02364864864864865
4 0.6056701030927835 0.7280405405405406 0.02577319587628866 0.037162162162162164
4 0.6662371134020618 0.7246621621621622 0.028350515463917526 0.030405405405405407
4 0.7177835051546392 0.6891891891891893 0.01804123711340206 0.02702702702702703
4 0.7036082474226804 0.7415540540540541 0.020618556701030927 0.02364864864864865
4 0.7023195876288659 0.8209459459459459 0.03865979381443299 0.0472972972972973
4 0.7190721649484536 0.8648648648648649 0.02577319587628866 0.02027027027027027
4 0.7551546391752577 0.7736486486486487 0.04639175257731959 0.05405405405405406
4 0.7873711340206185 0.7246621621621622 0.028350515463917526 0.037162162162162164
4 0.8943298969072164 0.7584459459459459 0.02577319587628866 0.030405405405405407
4 0.8891752577319587 0.856418918918919 0.02577319587628866 0.030405405405405407
4 0.904639175257732 0.9594594594594595 0.015463917525773196 0.02702702702702703