1 0.451219512195122 0.8211382113821138 0.07317073170731708 0.0975609756097561
2 0.8221544715447155 0.17479674796747968 0.35162601626016265 0.35501355013550134
2 0.6890243902439025 0.5745257452574526 0.13821138211382114 0.2222222222222222
2 0.5274390243902439 0.5677506775067751 0.1402439024390244 0.24661246612466126
2 0.3302845528455285 0.6653116531165312 0.09959349593495936 0.21951219512195122
2 0.29268292682926833 0.8523035230352304 0.15447154471544716 0.14905149051490515
4 0.26117886178861793 0.8902439024390244 0.014227642276422765 0.024390243902439025
4 0.2601626016260163 0.8279132791327913 0.016260162601626018 0.018970189701897018
4 0.32113821138211385 0.6178861788617886 0.016260162601626018 0.02168021680216802
4 0.342479674796748 0.7317073170731707 0.014227642276422765 0.02168021680216802
4 0.35975609756097565 0.6598915989159891 0.012195121951219513 0.024390243902439025
4 0.5091463414634146 0.5392953929539296 0.014227642276422765 0.02710027100271003
4 0.6575203252032521 0.5989159891598916 0.014227642276422765 0.02168021680216802
4 0.6788617886178863 0.23848238482384823 0.024390243902439025 0.03252032520325203
4 0.7418699186991871 0.24525745257452575 0.02845528455284553 0.02981029810298103
4 0.7947154471544716 0.28319783197831977 0.016260162601626018 0.024390243902439025
4 0.7794715447154472 0.22899728997289973 0.01829268292682927 0.018970189701897018
4 0.7804878048780488 0.14634146341463414 0.03658536585365854 0.04336043360433604
4 0.7997967479674798 0.1016260162601626 0.022357723577235776 0.018970189701897018
4 0.8333333333333334 0.1978319783197832 0.04471544715447155 0.05420054200542006
4 0.8648373983739839 0.2506775067750677 0.026422764227642278 0.03523035230352303
4 0.9776422764227644 0.22086720867208673 0.024390243902439025 0.02981029810298103
4 0.9735772357723578 0.11788617886178862 0.024390243902439025 0.02981029810298103
4 0.9918699186991871 0.009485094850948509 0.012195121951219513 0.024390243902439025