1 0.41361788617886186 0.2899728997289973 0.05894308943089432 0.05962059620596206
2 0.13821138211382114 0.2804878048780488 0.12601626016260165 0.15989159891598917
4 0.1046747967479675 0.25609756097560976 0.05081300813008131 0.06233062330623306
4 0.16666666666666669 0.27100271002710025 0.04471544715447155 0.04336043360433604
4 0.14735772357723578 0.34688346883468835 0.030487804878048783 0.02168021680216802
3 0.2652439024390244 0.45934959349593496 0.014227642276422765 0.018970189701897018
3 0.31300813008130085 0.42140921409214094 0.04471544715447155 0.02981029810298103
2 0.6514227642276423 0.23306233062330622 0.11991869918699188 0.08672086720867209
2 0.8069105691056911 0.4444444444444444 0.1585365853658537 0.2005420054200542
2 0.8384146341463415 0.2750677506775068 0.08333333333333334 0.12737127371273713
2 0.8932926829268294 0.1043360433604336 0.16463414634146342 0.1978319783197832
3 0.7652439024390245 0.06097560975609756 0.01829268292682927 0.024390243902439025
3 0.5457317073170732 0.9417344173441734 0.022357723577235776 0.018970189701897018
3 0.5813008130081302 0.9498644986449865 0.020325203252032523 0.018970189701897018