3 0.7713414634146343 0.27371273712737126 0.034552845528455285 0.05420054200542006
2 0.8871951219512196 0.9010840108401084 0.21747967479674798 0.18699186991869918
2 0.33943089430894313 0.5392953929539296 0.3252032520325204 0.33604336043360433
4 0.8069105691056911 0.959349593495935 0.04878048780487805 0.037940379403794036
4 0.9258130081300814 0.8252032520325203 0.01829268292682927 0.018970189701897018
4 0.8607723577235773 0.8373983739837398 0.022357723577235776 0.02710027100271003
3 0.9817073170731708 0.508130081300813 0.020325203252032523 0.03523035230352303
3 0.861788617886179 0.3875338753387534 0.012195121951219513 0.02168021680216802
3 0.5060975609756098 0.7777777777777778 0.02845528455284553 0.03252032520325203
3 0.41971544715447157 0.8495934959349594 0.026422764227642278 0.024390243902439025
3 0.4969512195121952 0.35636856368563685 0.030487804878048783 0.04065040650406504
4 0.4735772357723578 0.42276422764227645 0.016260162601626018 0.02168021680216802
3 0.475609756097561 0.9295392953929539 0.020325203252032523 0.03252032520325203
3 0.4085365853658537 0.8834688346883469 0.024390243902439025 0.02710027100271003