1 0.5576923076923077 0.20141342756183744 0.07142857142857144 0.09187279151943463
2 0.17445054945054947 0.7667844522968198 0.33791208791208793 0.3321554770318021
2 0.3200549450549451 0.4081272084805654 0.13461538461538464 0.20848056537102475
2 0.47252747252747257 0.4293286219081272 0.13736263736263737 0.22968197879858657
2 0.6648351648351649 0.35335689045936397 0.09890109890109891 0.20494699646643108
2 0.7101648351648352 0.18374558303886926 0.15109890109890112 0.1413427561837456
4 0.7417582417582418 0.1519434628975265 0.016483516483516484 0.028268551236749116
4 0.7403846153846154 0.20848056537102475 0.019230769230769232 0.021201413427561835
4 0.6717032967032968 0.39752650176678445 0.019230769230769232 0.024734982332155476
4 0.6565934065934066 0.2915194346289753 0.016483516483516484 0.024734982332155476
4 0.6373626373626374 0.3568904593639576 0.016483516483516484 0.028268551236749116
4 0.48901098901098905 0.4558303886925795 0.016483516483516484 0.028268551236749116
4 0.3516483516483517 0.38869257950530034 0.016483516483516484 0.021201413427561835
4 0.3131868131868132 0.7190812720848057 0.027472527472527476 0.03180212014134275
4 0.25412087912087916 0.7084805653710248 0.030219780219780223 0.03180212014134275
4 0.2046703296703297 0.6696113074204947 0.019230769230769232 0.024734982332155476
4 0.21703296703296704 0.7208480565371025 0.02197802197802198 0.021201413427561835
4 0.21291208791208793 0.7950530035335689 0.03571428571428572 0.04240282685512367
4 0.19230769230769232 0.833922261484099 0.02197802197802198 0.021201413427561835
4 0.16483516483516486 0.7438162544169611 0.04395604395604396 0.053003533568904596
4 0.13736263736263737 0.6925795053003534 0.027472527472527476 0.0353356890459364
4 0.028846153846153848 0.7120141342756183 0.024725274725274728 0.03180212014134275
4 0.027472527472527476 0.8074204946996466 0.027472527472527476 0.03180212014134275
4 0.004120879120879121 0.9063604240282686 0.013736263736263738 0.024734982332155476