3 0.769041769041769 0.31329113924050633 0.0343980343980344 0.05063291139240506
2 0.85012285012285 0.9003164556962026 0.2113022113022113 0.1740506329113924
2 0.3452088452088452 0.5237341772151899 0.312039312039312 0.31329113924050633
4 0.7714987714987714 0.9462025316455696 0.04914004914004914 0.0379746835443038
4 0.8894348894348895 0.8322784810126582 0.019656019656019656 0.0189873417721519
4 0.828009828009828 0.8401898734177216 0.02457002457002457 0.028481012658227847
3 0.9582309582309582 0.5458860759493671 0.019656019656019656 0.03481012658227848
3 0.85012285012285 0.42563291139240506 0.014742014742014743 0.022151898734177215
3 0.49385749385749383 0.7563291139240507 0.029484029484029485 0.03164556962025317
3 0.40663390663390664 0.814873417721519 0.027027027027027025 0.028481012658227847
3 0.504914004914005 0.3686708860759494 0.03194103194103194 0.04113924050632911
4 0.47788697788697787 0.42563291139240506 0.0171990171990172 0.022151898734177215
3 0.457002457002457 0.8924050632911392 0.019656019656019656 0.03164556962025317
3 0.3955773955773956 0.8449367088607594 0.02457002457002457 0.02531645569620253