1 0.265 0.12664473684210525 0.05 0.049342105263157895
2 0.32875 0.05921052631578947 0.1825 0.10526315789473684
4 0.29125 0.05592105263157894 0.0175 0.02631578947368421
2 0.91125 0.14144736842105263 0.0975 0.10526315789473684
2 0.05625 0.31743421052631576 0.0925 0.2532894736842105
2 0.42625 0.7861842105263157 0.11750000000000001 0.11184210526315788
2 0.55625 0.8865131578947368 0.14250000000000002 0.16776315789473684
2 0.60375 0.7138157894736842 0.0775 0.13157894736842105
2 0.82125 0.6217105263157895 0.0475 0.07236842105263158
2 0.8825000000000001 0.8618421052631579 0.2 0.17763157894736842
2 0.1 0.71875 0.195 0.19407894736842105
2 0.23750000000000002 0.9358552631578947 0.19 0.0756578947368421
2 0.31875000000000003 0.37993421052631576 0.0675 0.13486842105263158
2 0.4975 0.6118421052631579 0.03 0.06578947368421052
3 0.6062500000000001 0.1381578947368421 0.0175 0.02631578947368421
4 0.965 0.8141447368421052 0.015 0.01644736842105263
4 0.9400000000000001 0.8207236842105262 0.015 0.023026315789473683
4 0.82875 0.8651315789473684 0.0175 0.03289473684210526
4 0.57625 0.9292763157894737 0.0225 0.029605263157894735
4 0.55125 0.8601973684210525 0.0175 0.023026315789473683
4 0.4275 0.8240131578947368 0.015 0.029605263157894735