1 0.42987804878048785 0.2872628726287263 0.05894308943089432 0.05962059620596206
2 0.15447154471544716 0.2777777777777778 0.12601626016260165 0.15989159891598917
4 0.12093495934959352 0.25338753387533874 0.05081300813008131 0.06233062330623306
4 0.1829268292682927 0.2682926829268293 0.04471544715447155 0.04336043360433604
4 0.1636178861788618 0.34417344173441733 0.030487804878048783 0.02168021680216802
3 0.28150406504065045 0.45663956639566394 0.014227642276422765 0.018970189701897018
3 0.32926829268292684 0.4186991869918699 0.04471544715447155 0.02981029810298103
2 0.6676829268292683 0.23035230352303523 0.11991869918699188 0.08672086720867209
2 0.8231707317073171 0.44173441734417346 0.1585365853658537 0.2005420054200542
2 0.8546747967479675 0.27235772357723576 0.08333333333333334 0.12737127371273713
2 0.9095528455284554 0.1016260162601626 0.16463414634146342 0.1978319783197832
3 0.7815040650406505 0.058265582655826556 0.01829268292682927 0.024390243902439025
3 0.5619918699186992 0.9390243902439024 0.022357723577235776 0.018970189701897018
3 0.5975609756097562 0.9471544715447154 0.020325203252032523 0.018970189701897018