1 0.4223300970873786 0.6568322981366459 0.058252427184466014 0.05900621118012422
2 0.16019417475728154 0.639751552795031 0.12135922330097086 0.14906832298136646
4 0.12742718446601942 0.6599378881987578 0.050970873786407765 0.05900621118012422
4 0.18810679611650483 0.6521739130434783 0.046116504854368925 0.043478260869565216
4 0.17354368932038833 0.5807453416149068 0.03155339805825243 0.024844720496894408
3 0.2912621359223301 0.48913043478260865 0.014563106796116504 0.021739130434782608
3 0.33373786407766987 0.5279503105590062 0.046116504854368925 0.03105590062111801
2 0.6432038834951456 0.7298136645962733 0.11650485436893203 0.08074534161490683
2 0.8021844660194174 0.5527950310559006 0.1529126213592233 0.18633540372670807
2 0.8228155339805825 0.7096273291925466 0.08252427184466019 0.12111801242236024
2 0.8652912621359222 0.8695652173913043 0.15776699029126212 0.18012422360248445
3 0.7427184466019416 0.8975155279503105 0.019417475728155338 0.024844720496894408
3 0.5825242718446602 0.07763975155279502 0.02427184466019417 0.018633540372670808
3 0.6152912621359222 0.07453416149068323 0.021844660194174755 0.018633540372670808