1 0.80625 0.5096463022508039 0.0575 0.06752411575562701
1 0.4475 0.3553054662379421 0.04 0.05466237942122187
2 0.725 0.864951768488746 0.09 0.1414790996784566
2 0.67875 0.1495176848874598 0.1575 0.21543408360128616
2 0.2575 0.20739549839228297 0.505 0.2990353697749196
4 0.73 0.2057877813504823 0.025 0.05144694533762058
4 0.66 0.1495176848874598 0.03 0.04180064308681672
4 0.61625 0.06913183279742766 0.0275 0.03536977491961415
4 0.1 0.3295819935691318 0.03 0.028938906752411574
4 0.18 0.21061093247588425 0.03 0.03536977491961415
4 0.18625 0.3054662379421222 0.0175 0.01929260450160772
4 0.22375 0.27009646302250806 0.0375 0.03215434083601286
4 0.21 0.24437299035369775 0.02 0.01929260450160772
4 0.23500000000000001 0.21382636655948553 0.05 0.08038585209003216
4 0.23750000000000002 0.10289389067524116 0.02 0.02572347266881029