3 0.2647058823529412 0.7773851590106007 0.0374331550802139 0.05653710247349823
2 0.1550802139037433 0.1607773851590106 0.2192513368983957 0.1872791519434629
2 0.6938502673796791 0.5229681978798586 0.32352941176470584 0.3321554770318021
4 0.23663101604278072 0.10424028268551237 0.05080213903743315 0.038869257950530034
4 0.11631016042780748 0.2332155477031802 0.01871657754010695 0.021201413427561835
4 0.1804812834224599 0.2226148409893993 0.02406417112299465 0.028268551236749116
3 0.058823529411764705 0.5441696113074205 0.0213903743315508 0.0353356890459364
3 0.1764705882352941 0.6625441696113075 0.0160427807486631 0.024734982332155476
3 0.5320855614973262 0.2862190812720848 0.0320855614973262 0.0353356890459364
3 0.6176470588235293 0.21908127208480566 0.026737967914438502 0.028268551236749116
3 0.5374331550802138 0.6996466431095406 0.0320855614973262 0.04240282685512367
4 0.5601604278074866 0.6360424028268551 0.01871657754010695 0.028268551236749116
3 0.5628342245989304 0.13780918727915195 0.02406417112299465 0.0353356890459364
3 0.6283422459893048 0.18551236749116606 0.026737967914438502 0.03180212014134275