1 0.4166666666666667 0.15718157181571815 0.07317073170731708 0.0975609756097561
2 0.7876016260162603 0.8035230352303523 0.35162601626016265 0.35501355013550134
2 0.6544715447154472 0.4037940379403794 0.13821138211382114 0.2222222222222222
2 0.49288617886178865 0.4105691056910569 0.1402439024390244 0.24661246612466126
2 0.2957317073170732 0.3130081300813008 0.09959349593495936 0.21951219512195122
2 0.25813008130081305 0.12601626016260162 0.15447154471544716 0.14905149051490515
4 0.22662601626016263 0.08807588075880758 0.014227642276422765 0.024390243902439025
4 0.225609756097561 0.15040650406504066 0.016260162601626018 0.018970189701897018
4 0.28658536585365857 0.3604336043360434 0.016260162601626018 0.02168021680216802
4 0.30792682926829273 0.24661246612466126 0.014227642276422765 0.02168021680216802
4 0.3252032520325204 0.31842818428184283 0.012195121951219513 0.024390243902439025
4 0.4745934959349594 0.43902439024390244 0.014227642276422765 0.02710027100271003
4 0.6229674796747968 0.3794037940379404 0.014227642276422765 0.02168021680216802
4 0.644308943089431 0.7398373983739838 0.024390243902439025 0.03252032520325203
4 0.7073170731707318 0.7330623306233063 0.02845528455284553 0.02981029810298103
4 0.7601626016260163 0.6951219512195121 0.016260162601626018 0.024390243902439025
4 0.7449186991869919 0.7493224932249323 0.01829268292682927 0.018970189701897018
4 0.7459349593495935 0.8319783197831978 0.03658536585365854 0.04336043360433604
4 0.7652439024390245 0.8766937669376694 0.022357723577235776 0.018970189701897018
4 0.7987804878048781 0.7804878048780488 0.04471544715447155 0.05420054200542006
4 0.8302845528455285 0.7276422764227642 0.026422764227642278 0.03523035230352303
4 0.9430894308943091 0.7574525745257452 0.024390243902439025 0.02981029810298103
4 0.9390243902439025 0.8604336043360433 0.024390243902439025 0.02981029810298103
4 0.9573170731707318 0.9688346883468835 0.012195121951219513 0.024390243902439025