1 0.8184210526315789 0.44773519163763065 0.06315789473684211 0.07317073170731707
1 0.45657894736842103 0.6533101045296167 0.04473684210526316 0.059233449477351915
2 0.7105263157894737 0.07665505226480836 0.09473684210526316 0.15331010452961671
2 0.7105263157894737 0.8466898954703833 0.1631578947368421 0.22996515679442509
2 0.26842105263157895 0.8327526132404182 0.5263157894736842 0.3205574912891986
4 0.7592105263157894 0.7822299651567944 0.02368421052631579 0.059233449477351915
4 0.6907894736842105 0.8519163763066202 0.034210526315789476 0.04529616724738676
4 0.65 0.9425087108013938 0.02631578947368421 0.03832752613240418
4 0.09605263157894736 0.7195121951219512 0.02894736842105263 0.0313588850174216
4 0.1868421052631579 0.837979094076655 0.031578947368421054 0.03832752613240418
4 0.1868421052631579 0.735191637630662 0.021052631578947368 0.020905923344947737
4 0.23026315789473684 0.7700348432055749 0.039473684210526314 0.03484320557491289
4 0.21578947368421053 0.7996515679442509 0.021052631578947368 0.024390243902439025
4 0.24210526315789474 0.8275261324041812 0.05263157894736842 0.08710801393728224
4 0.25394736842105264 0.9477351916376306 0.018421052631578946 0.027874564459930314