1 0.5894308943089431 0.8238482384823849 0.07317073170731708 0.0975609756097561
2 0.21849593495934963 0.17750677506775067 0.35162601626016265 0.35501355013550134
2 0.35162601626016265 0.5772357723577236 0.13821138211382114 0.2222222222222222
2 0.5132113821138212 0.5704607046070461 0.1402439024390244 0.24661246612466126
2 0.7103658536585367 0.6680216802168022 0.09959349593495936 0.21951219512195122
2 0.7479674796747968 0.8550135501355014 0.15447154471544716 0.14905149051490515
4 0.7794715447154472 0.8929539295392954 0.014227642276422765 0.024390243902439025
4 0.7804878048780488 0.8306233062330624 0.016260162601626018 0.018970189701897018
4 0.7195121951219513 0.6205962059620597 0.016260162601626018 0.02168021680216802
4 0.6981707317073171 0.7344173441734417 0.014227642276422765 0.02168021680216802
4 0.6808943089430896 0.6626016260162602 0.012195121951219513 0.024390243902439025
4 0.5315040650406505 0.5420054200542005 0.014227642276422765 0.02710027100271003
4 0.38313008130081305 0.6016260162601627 0.014227642276422765 0.02168021680216802
4 0.3617886178861789 0.24119241192411925 0.024390243902439025 0.03252032520325203
4 0.2987804878048781 0.24796747967479674 0.02845528455284553 0.02981029810298103
4 0.24593495934959353 0.2859078590785908 0.016260162601626018 0.024390243902439025
4 0.26117886178861793 0.23170731707317074 0.01829268292682927 0.018970189701897018
4 0.2601626016260163 0.14905149051490515 0.03658536585365854 0.04336043360433604
4 0.24085365853658539 0.1043360433604336 0.022357723577235776 0.018970189701897018
4 0.20731707317073172 0.2005420054200542 0.04471544715447155 0.05420054200542006
4 0.17581300813008133 0.25338753387533874 0.026422764227642278 0.03523035230352303
4 0.06300813008130082 0.22357723577235772 0.024390243902439025 0.02981029810298103
4 0.06707317073170732 0.12059620596205962 0.024390243902439025 0.02981029810298103
4 0.04878048780487805 0.012195121951219513 0.012195121951219513 0.024390243902439025