1 0.4359756097560976 0.2845528455284553 0.05894308943089432 0.05962059620596206
2 0.16056910569105692 0.2750677506775068 0.12601626016260165 0.15989159891598917
4 0.12703252032520326 0.2506775067750677 0.05081300813008131 0.06233062330623306
4 0.18902439024390247 0.26558265582655827 0.04471544715447155 0.04336043360433604
4 0.16971544715447157 0.34146341463414637 0.030487804878048783 0.02168021680216802
3 0.2876016260162602 0.453929539295393 0.014227642276422765 0.018970189701897018
3 0.3353658536585366 0.4159891598915989 0.04471544715447155 0.02981029810298103
2 0.6737804878048781 0.22764227642276422 0.11991869918699188 0.08672086720867209
2 0.8292682926829269 0.43902439024390244 0.1585365853658537 0.2005420054200542
2 0.8607723577235773 0.2696476964769648 0.08333333333333334 0.12737127371273713
2 0.9156504065040652 0.0989159891598916 0.16463414634146342 0.1978319783197832
3 0.7876016260162603 0.05555555555555555 0.01829268292682927 0.024390243902439025
3 0.568089430894309 0.9363143631436315 0.022357723577235776 0.018970189701897018
3 0.603658536585366 0.9444444444444444 0.020325203252032523 0.018970189701897018