1 0.8186666666666667 0.45598591549295775 0.058666666666666666 0.07394366197183098
1 0.4533333333333333 0.6496478873239436 0.042666666666666665 0.05985915492957747
2 0.716 0.08450704225352113 0.09333333333333332 0.15492957746478875
2 0.7026666666666667 0.8503521126760564 0.16266666666666665 0.22887323943661972
2 0.26266666666666666 0.8221830985915494 0.5253333333333333 0.3204225352112676
4 0.7533333333333333 0.7887323943661972 0.024 0.056338028169014086
4 0.6839999999999999 0.8538732394366197 0.034666666666666665 0.045774647887323945
4 0.6426666666666666 0.943661971830986 0.026666666666666665 0.035211267605633804
4 0.092 0.7059859154929577 0.029333333333333333 0.03169014084507042
4 0.18133333333333332 0.8257042253521127 0.032 0.03873239436619719
4 0.18266666666666667 0.7235915492957746 0.018666666666666665 0.024647887323943664
4 0.22533333333333333 0.7588028169014085 0.04 0.03169014084507042
4 0.21066666666666667 0.7887323943661972 0.021333333333333333 0.02112676056338028
4 0.2373333333333333 0.8169014084507042 0.05333333333333333 0.08450704225352113
4 0.24533333333333332 0.9366197183098591 0.021333333333333333 0.028169014084507043