2 0.06282722513089006 0.745674740484429 0.11518324607329844 0.33564013840830453
2 0.5314136125654451 0.5847750865051903 0.12041884816753927 0.17993079584775087
3 0.299738219895288 0.08650519031141869 0.03926701570680628 0.02768166089965398
3 0.3481675392670157 0.06401384083044982 0.03664921465968587 0.03114186851211073
3 0.46073298429319376 0.07785467128027682 0.03664921465968587 0.03806228373702422
3 0.62434554973822 0.22837370242214533 0.034031413612565446 0.02768166089965398
3 0.5052356020942409 0.25259515570934254 0.03141361256544503 0.06228373702422146
3 0.6531413612565445 0.3166089965397924 0.02356020942408377 0.03114186851211073
3 0.5903141361256545 0.4688581314878893 0.02879581151832461 0.03114186851211073
4 0.5314136125654451 0.569204152249135 0.020942408376963352 0.02422145328719723
4 0.549738219895288 0.5640138408304498 0.020942408376963352 0.02768166089965398
4 0.5366492146596858 0.6280276816608997 0.020942408376963352 0.07958477508650519
3 0.4397905759162304 0.583044982698962 0.020942408376963352 0.03806228373702422
3 0.6321989528795812 0.6418685121107267 0.02879581151832461 0.051903114186851215
3 0.418848167539267 0.5951557093425606 0.02617801047120419 0.03460207612456748
3 0.33638743455497383 0.5501730103806228 0.018324607329842934 0.020761245674740483
3 0.1636125654450262 0.8339100346020761 0.04973821989528796 0.04844290657439446
3 0.168848167539267 0.9152249134948097 0.034031413612565446 0.04498269896193772
3 0.12958115183246074 0.9100346020761246 0.03926701570680628 0.04844290657439446