1 0.9593495934959351 0.10569105691056911 0.04471544715447155 0.04878048780487805
3 0.519308943089431 0.08401084010840108 0.022357723577235776 0.037940379403794036
3 0.34451219512195125 0.14905149051490515 0.01829268292682927 0.05962059620596206
3 0.2876016260162602 0.1802168021680217 0.022357723577235776 0.02981029810298103
3 0.04979674796747968 0.03387533875338753 0.014227642276422765 0.04065040650406504
3 0.576219512195122 0.44850948509485095 0.022357723577235776 0.024390243902439025
3 0.3201219512195122 0.8089430894308943 0.034552845528455285 0.013550135501355014
3 0.22357723577235775 0.9254742547425474 0.052845528455284556 0.02981029810298103
3 0.4166666666666667 0.962059620596206 0.03658536585365854 0.037940379403794036
3 0.4979674796747968 0.9390243902439024 0.020325203252032523 0.04607046070460705
3 0.6585365853658537 0.7750677506775068 0.012195121951219513 0.02168021680216802
3 0.6199186991869919 0.7195121951219512 0.012195121951219513 0.024390243902439025
3 0.7225609756097562 0.18292682926829268 0.014227642276422765 0.024390243902439025