2 0.8919270833333333 0.23809523809523808 0.06510416666666666 0.09523809523809523
2 0.9453125 0.4965986394557823 0.078125 0.11564625850340135
2 0.041666666666666664 0.7465986394557823 0.06770833333333333 0.10544217687074829
2 0.09244791666666666 0.4659863945578231 0.15364583333333331 0.42176870748299317
2 0.11848958333333333 0.1445578231292517 0.09114583333333333 0.13945578231292516
2 0.26432291666666663 0.10204081632653061 0.09114583333333333 0.08163265306122448
2 0.7864583333333333 0.08843537414965986 0.13020833333333331 0.10884353741496598
2 0.46484375 0.10204081632653061 0.12760416666666666 0.07482993197278912
4 0.91796875 0.5374149659863945 0.018229166666666664 0.02040816326530612
4 0.9674479166666666 0.4931972789115646 0.0234375 0.02040816326530612
4 0.93359375 0.4574829931972789 0.013020833333333332 0.017006802721088433
4 0.88671875 0.2227891156462585 0.018229166666666664 0.023809523809523808
4 0.7447916666666666 0.11394557823129252 0.015625 0.023809523809523808
4 0.7643229166666666 0.10204081632653061 0.018229166666666664 0.02040816326530612
4 0.27213541666666663 0.10544217687074829 0.0234375 0.03401360544217687
4 0.42057291666666663 0.07993197278911564 0.018229166666666664 0.023809523809523808
4 0.125 0.10544217687074829 0.020833333333333332 0.02040816326530612
4 0.061197916666666664 0.3792517006802721 0.033854166666666664 0.03741496598639456
4 0.04296875 0.4625850340136054 0.0390625 0.06802721088435373
4 0.0703125 0.5782312925170068 0.03125 0.04081632653061224
4 0.11197916666666666 0.33163265306122447 0.020833333333333332 0.017006802721088433