2 0.10162601626016261 0.23577235772357724 0.06504065040650407 0.0975609756097561
2 0.037601626016260166 0.5067750677506775 0.07926829268292684 0.11924119241192412
2 0.9613821138211384 0.8184281842818428 0.06910569105691057 0.10840108401084012
2 0.9176829268292684 0.521680216802168 0.15650406504065043 0.44173441734417346
2 0.9014227642276423 0.1802168021680217 0.09146341463414635 0.14363143631436315
2 0.753048780487805 0.12872628726287264 0.09146341463414635 0.08401084010840108
2 0.2144308943089431 0.08536585365853659 0.1321138211382114 0.1111111111111111
2 0.5447154471544716 0.11653116531165311 0.13008130081300814 0.07588075880758807
4 0.06504065040650407 0.5501355013550135 0.016260162601626018 0.016260162601626015
4 0.015243902439024392 0.5 0.022357723577235776 0.018970189701897018
4 0.05182926829268293 0.46612466124661245 0.010162601626016262 0.016260162601626015
4 0.10670731707317074 0.2222222222222222 0.01829268292682927 0.02168021680216802
4 0.2571138211382114 0.11382113821138211 0.014227642276422765 0.02168021680216802
4 0.2378048780487805 0.1002710027100271 0.016260162601626018 0.016260162601626015
4 0.7439024390243903 0.13008130081300812 0.020325203252032523 0.03252032520325203
4 0.5914634146341464 0.0975609756097561 0.016260162601626018 0.02168021680216802
4 0.8963414634146343 0.13956639566395665 0.020325203252032523 0.018970189701897018
4 0.9532520325203253 0.43224932249322495 0.032520325203252036 0.03523035230352303
4 0.9684959349593497 0.5203252032520325 0.03861788617886179 0.07046070460704607
4 0.9369918699186993 0.6409214092140921 0.02845528455284553 0.04065040650406504
4 0.9014227642276423 0.3794037940379404 0.01829268292682927 0.016260162601626015