2 0.894308943089431 0.20596205962059622 0.06504065040650407 0.0975609756097561
2 0.9583333333333335 0.47696476964769646 0.07926829268292684 0.11924119241192412
2 0.034552845528455285 0.7886178861788617 0.06910569105691057 0.10840108401084012
2 0.07825203252032521 0.491869918699187 0.15650406504065043 0.44173441734417346
2 0.09451219512195123 0.15040650406504066 0.09146341463414635 0.14363143631436315
2 0.24288617886178865 0.0989159891598916 0.09146341463414635 0.08401084010840108
2 0.7815040650406505 0.05555555555555555 0.1321138211382114 0.1111111111111111
2 0.451219512195122 0.08672086720867209 0.13008130081300814 0.07588075880758807
4 0.9308943089430896 0.5203252032520325 0.016260162601626018 0.016260162601626015
4 0.9806910569105692 0.470189701897019 0.022357723577235776 0.018970189701897018
4 0.9441056910569107 0.4363143631436314 0.010162601626016262 0.016260162601626015
4 0.8892276422764228 0.19241192411924118 0.01829268292682927 0.02168021680216802
4 0.7388211382113822 0.08401084010840108 0.014227642276422765 0.02168021680216802
4 0.758130081300813 0.07046070460704607 0.016260162601626018 0.016260162601626015
4 0.2520325203252033 0.1002710027100271 0.020325203252032523 0.03252032520325203
4 0.4044715447154472 0.06775067750677506 0.016260162601626018 0.02168021680216802
4 0.09959349593495936 0.10975609756097561 0.020325203252032523 0.018970189701897018
4 0.042682926829268296 0.4024390243902439 0.032520325203252036 0.03523035230352303
4 0.027439024390243906 0.4905149051490515 0.03861788617886179 0.07046070460704607
4 0.05894308943089432 0.6111111111111112 0.02845528455284553 0.04065040650406504
4 0.09451219512195123 0.34959349593495936 0.01829268292682927 0.016260162601626015