1 0.9531680440771351 0.16487455197132617 0.0440771349862259 0.05017921146953405
3 0.5303030303030303 0.11648745519713262 0.024793388429752067 0.03942652329749104
3 0.359504132231405 0.16845878136200718 0.01928374655647383 0.05734767025089606
3 0.3044077134986226 0.1953405017921147 0.024793388429752067 0.03225806451612903
3 0.07988980716253444 0.043010752688172046 0.01652892561983471 0.043010752688172046
3 0.5716253443526171 0.46415770609318996 0.024793388429752067 0.025089605734767026
3 0.31267217630853994 0.7867383512544803 0.03581267217630854 0.017921146953405017
3 0.21625344352617082 0.8906810035842294 0.05234159779614325 0.03225806451612903
3 0.4022038567493113 0.9372759856630825 0.03856749311294766 0.03942652329749104
3 0.4793388429752066 0.9193548387096774 0.02203856749311295 0.04659498207885305
3 0.640495867768595 0.7759856630824373 0.013774104683195593 0.025089605734767026
3 0.6046831955922866 0.7204301075268817 0.013774104683195593 0.02867383512544803
3 0.721763085399449 0.2222222222222222 0.01652892561983471 0.02867383512544803