1 0.3684210526315789 0.47079037800687284 0.031578947368421054 0.03436426116838488
1 0.15263157894736842 0.8402061855670103 0.03684210526315789 0.037800687285223365
3 0.031578947368421054 0.9072164948453608 0.031578947368421054 0.03436426116838488
3 0.1907894736842105 0.8144329896907216 0.04473684210526316 0.020618556701030927
3 0.9605263157894737 0.8591065292096219 0.05263157894736842 0.07560137457044673
3 0.381578947368421 0.6219931271477663 0.02631578947368421 0.041237113402061855
3 0.5526315789473684 0.4484536082474227 0.015789473684210527 0.058419243986254296
3 0.6 0.4725085910652921 0.04736842105263158 0.030927835051546393
3 0.5605263157894737 0.49140893470790376 0.031578947368421054 0.020618556701030927
3 0.9644736842105263 0.7061855670103092 0.034210526315789476 0.024054982817869414
3 0.6263157894736842 0.7216494845360825 0.021052631578947368 0.03436426116838488
2 0.6276315789473684 0.8883161512027491 0.16578947368421051 0.10652920962199312
4 0.5881578947368421 0.8625429553264604 0.034210526315789476 0.027491408934707903
3 0.5421052631578948 0.8109965635738832 0.021052631578947368 0.020618556701030927
3 0.5013157894736842 0.6821305841924399 0.018421052631578946 0.01718213058419244