2 0.860655737704918 0.7887323943661972 0.06557377049180328 0.09154929577464789
2 0.9330601092896175 0.5422535211267606 0.07923497267759563 0.11267605633802817
2 0.06284153005464481 0.18838028169014084 0.07103825136612021 0.10211267605633803
2 0.09289617486338798 0.4665492957746479 0.15300546448087432 0.4119718309859155
2 0.0942622950819672 0.7834507042253521 0.09016393442622951 0.13732394366197184
2 0.2336065573770492 0.8397887323943662 0.09016393442622951 0.08098591549295775
2 0.7472677595628415 0.9190140845070423 0.1284153005464481 0.1056338028169014
2 0.43169398907103823 0.8679577464788732 0.12568306010928962 0.07394366197183098
4 0.9098360655737705 0.5017605633802817 0.01639344262295082 0.017605633802816902
4 0.9549180327868853 0.5492957746478874 0.02459016393442623 0.02112676056338028
4 0.9193989071038251 0.5792253521126761 0.01366120218579235 0.017605633802816902
4 0.8565573770491803 0.801056338028169 0.01912568306010929 0.024647887323943664
4 0.7076502732240437 0.8908450704225352 0.01639344262295082 0.02112676056338028
4 0.7254098360655737 0.9031690140845071 0.01912568306010929 0.017605633802816902
4 0.24316939890710382 0.8397887323943662 0.02185792349726776 0.03169014084507042
4 0.3866120218579235 0.8820422535211268 0.01912568306010929 0.024647887323943664
4 0.09562841530054644 0.8204225352112676 0.02185792349726776 0.02112676056338028
4 0.0546448087431694 0.545774647887324 0.03278688524590164 0.035211267605633804
4 0.04371584699453552 0.4630281690140845 0.03825136612021858 0.06690140845070423
4 0.0778688524590164 0.35387323943661975 0.030054644808743168 0.03873239436619719
4 0.10245901639344263 0.5985915492957746 0.01912568306010929 0.02112676056338028