2 0.15040650406504066 0.2981029810298103 0.30487804878048785 0.21138211382113822
3 0.21239837398373987 0.9010840108401084 0.026422764227642278 0.024390243902439025
3 0.21138211382113822 0.989159891598916 0.016260162601626018 0.016260162601626015
2 0.24085365853658539 0.48644986449864497 0.16056910569105692 0.14363143631436315
2 0.7794715447154472 0.35501355013550134 0.25813008130081305 0.2764227642276423
2 0.9176829268292684 0.6639566395663956 0.15650406504065043 0.33062330623306235
4 0.8567073170731708 0.524390243902439 0.01829268292682927 0.03523035230352303
4 0.8455284552845529 0.4823848238482385 0.024390243902439025 0.016260162601626015
3 0.20121951219512196 0.6314363143631436 0.024390243902439025 0.02710027100271003
4 0.14939024390243905 0.36449864498644985 0.026422764227642278 0.04065040650406504
4 0.05995934959349594 0.36314363143631434 0.030487804878048783 0.03252032520325203
4 0.20020325203252035 0.3523035230352303 0.014227642276422765 0.02168021680216802
4 0.2540650406504065 0.26151761517615174 0.012195121951219513 0.018970189701897018