2 0.8922764227642277 0.21680216802168023 0.06504065040650407 0.0975609756097561
2 0.9563008130081302 0.4878048780487805 0.07926829268292684 0.11924119241192412
2 0.032520325203252036 0.7994579945799458 0.06910569105691057 0.10840108401084012
2 0.07621951219512196 0.502710027100271 0.15650406504065043 0.44173441734417346
2 0.09247967479674797 0.16124661246612465 0.09146341463414635 0.14363143631436315
2 0.24085365853658539 0.10975609756097561 0.09146341463414635 0.08401084010840108
2 0.7794715447154472 0.06639566395663957 0.1321138211382114 0.1111111111111111
2 0.44918699186991873 0.0975609756097561 0.13008130081300814 0.07588075880758807
4 0.9288617886178863 0.5311653116531165 0.016260162601626018 0.016260162601626015
4 0.978658536585366 0.481029810298103 0.022357723577235776 0.018970189701897018
4 0.9420731707317074 0.44715447154471544 0.010162601626016262 0.016260162601626015
4 0.8871951219512196 0.2032520325203252 0.01829268292682927 0.02168021680216802
4 0.7367886178861789 0.0948509485094851 0.014227642276422765 0.02168021680216802
4 0.7560975609756099 0.08130081300813008 0.016260162601626018 0.016260162601626015
4 0.25 0.1111111111111111 0.020325203252032523 0.03252032520325203
4 0.4024390243902439 0.07859078590785908 0.016260162601626018 0.02168021680216802
4 0.0975609756097561 0.12059620596205962 0.020325203252032523 0.018970189701897018
4 0.04065040650406505 0.4132791327913279 0.032520325203252036 0.03523035230352303
4 0.025406504065040653 0.5013550135501355 0.03861788617886179 0.07046070460704607
4 0.05691056910569106 0.6219512195121951 0.02845528455284553 0.04065040650406504
4 0.09247967479674797 0.3604336043360434 0.01829268292682927 0.016260162601626015