1 0.6219512195121952 0.43224932249322495 0.02845528455284553 0.03523035230352303
1 0.8546747967479675 0.8089430894308943 0.034552845528455285 0.03523035230352303
3 0.9817073170731708 0.8726287262872628 0.02845528455284553 0.03252032520325203
3 0.8150406504065042 0.7845528455284553 0.04471544715447155 0.018970189701897018
3 0.0233739837398374 0.8726287262872628 0.05081300813008131 0.07588075880758807
3 0.6128048780487806 0.592140921409214 0.026422764227642278 0.04065040650406504
3 0.4319105691056911 0.4186991869918699 0.014227642276422765 0.056910569105691054
3 0.38313008130081305 0.44715447154471544 0.0467479674796748 0.02710027100271003
3 0.42479674796747974 0.46476964769647694 0.02845528455284553 0.018970189701897018
3 0.014227642276422765 0.7127371273712737 0.032520325203252036 0.02168021680216802
3 0.3638211382113822 0.7100271002710027 0.020325203252032523 0.03252032520325203
2 0.36788617886178865 0.8861788617886179 0.16666666666666669 0.10840108401084012
4 0.4085365853658537 0.8550135501355014 0.032520325203252036 0.024390243902439025
3 0.4542682926829269 0.7994579945799458 0.01829268292682927 0.016260162601626015
3 0.49186991869918706 0.6612466124661247 0.016260162601626018 0.016260162601626015