2 0.17962466487935658 0.27474402730375425 0.289544235924933 0.1945392491467577
3 0.2037533512064343 0.8225255972696246 0.02680965147453083 0.027303754266211604
3 0.1970509383378016 0.9027303754266212 0.01876675603217158 0.017064846416382253
2 0.25335120643431636 0.4522184300341297 0.15281501340482573 0.13310580204778158
2 0.7680965147453084 0.3890784982935154 0.24396782841823056 0.2525597269624573
2 0.8793565683646113 0.6791808873720137 0.15013404825737264 0.3003412969283277
4 0.8310991957104558 0.5477815699658704 0.021447721179624665 0.03754266211604096
4 0.8230563002680965 0.5085324232081911 0.02680965147453083 0.020477815699658702
3 0.20777479892761394 0.5802047781569966 0.02412868632707775 0.027303754266211604
4 0.1742627345844504 0.33447098976109213 0.02680965147453083 0.040955631399317405
4 0.09115281501340483 0.3242320819112628 0.032171581769437 0.034129692832764506
4 0.2225201072386059 0.3293515358361775 0.0160857908847185 0.023890784982935155
4 0.27882037533512066 0.2525597269624573 0.0160857908847185 0.020477815699658702