1 0.951219512195122 0.0975609756097561 0.04471544715447155 0.04878048780487805
3 0.5111788617886179 0.07588075880758807 0.022357723577235776 0.037940379403794036
3 0.33638211382113825 0.14092140921409213 0.01829268292682927 0.05962059620596206
3 0.27947154471544716 0.17208672086720866 0.022357723577235776 0.02981029810298103
3 0.04166666666666667 0.025745257452574527 0.014227642276422765 0.04065040650406504
3 0.568089430894309 0.44037940379403795 0.022357723577235776 0.024390243902439025
3 0.3119918699186992 0.8008130081300813 0.034552845528455285 0.013550135501355014
3 0.21544715447154475 0.9173441734417345 0.052845528455284556 0.02981029810298103
3 0.4085365853658537 0.9539295392953929 0.03658536585365854 0.037940379403794036
3 0.48983739837398377 0.9308943089430894 0.020325203252032523 0.04607046070460705
3 0.6504065040650407 0.7669376693766937 0.012195121951219513 0.02168021680216802
3 0.6117886178861789 0.7113821138211383 0.012195121951219513 0.024390243902439025
3 0.7144308943089431 0.17479674796747968 0.014227642276422765 0.024390243902439025