1 0.9564643799472295 0.853448275862069 0.044854881266490766 0.05172413793103448
3 0.5290237467018469 0.8931034482758621 0.023746701846965697 0.041379310344827586
3 0.35883905013192613 0.8396551724137931 0.021108179419525065 0.05862068965517241
3 0.3021108179419525 0.8120689655172414 0.023746701846965697 0.03103448275862069
3 0.07387862796833773 0.9620689655172414 0.0158311345646438 0.041379310344827586
3 0.5765171503957783 0.5431034482758621 0.023746701846965697 0.02413793103448276
3 0.31662269129287596 0.2120689655172414 0.036939313984168866 0.017241379310344827
3 0.22031662269129287 0.10517241379310345 0.055408970976253295 0.03103448275862069
3 0.4076517150395778 0.06034482758620689 0.039577836411609495 0.03793103448275862
3 0.4868073878627968 0.0793103448275862 0.023746701846965697 0.04827586206896552
3 0.6477572559366754 0.2293103448275862 0.013192612137203165 0.02413793103448276
3 0.6108179419525066 0.2827586206896552 0.013192612137203165 0.027586206896551724
3 0.7255936675461742 0.7896551724137931 0.0158311345646438 0.027586206896551724