1 0.6189839572192513 0.40425531914893614 0.029411764705882353 0.035460992907801414
1 0.8516042780748663 0.7712765957446809 0.034759358288770054 0.03900709219858156
3 0.9786096256684491 0.8333333333333333 0.0320855614973262 0.035460992907801414
3 0.8128342245989304 0.74822695035461 0.0481283422459893 0.02127659574468085
3 0.029411764705882353 0.8475177304964538 0.053475935828877004 0.07801418439716312
3 0.6109625668449198 0.5620567375886525 0.029411764705882353 0.04609929078014184
3 0.4304812834224599 0.39361702127659576 0.0160427807486631 0.05673758865248227
3 0.38235294117647056 0.4219858156028369 0.0481283422459893 0.028368794326241134
3 0.42379679144385024 0.43971631205673756 0.029411764705882353 0.02127659574468085
3 0.017379679144385027 0.6897163120567376 0.034759358288770054 0.024822695035460994
3 0.3649732620320855 0.6808510638297872 0.02406417112299465 0.035460992907801414
2 0.37032085561497324 0.8563829787234042 0.16844919786096255 0.10992907801418439
4 0.410427807486631 0.8226950354609929 0.034759358288770054 0.028368794326241134
3 0.45454545454545453 0.7677304964539007 0.0213903743315508 0.017730496453900707
3 0.4906417112299465 0.6312056737588653 0.01871657754010695 0.02127659574468085