1 0.37309644670050757 0.5516666666666667 0.03045685279187817 0.03666666666666667
1 0.149746192893401 0.18166666666666667 0.035532994923857864 0.03666666666666667
3 0.025380710659898477 0.115 0.03045685279187817 0.03666666666666667
3 0.1878172588832487 0.20500000000000002 0.04568527918781726 0.023333333333333334
3 0.9682741116751268 0.14500000000000002 0.053299492385786795 0.07666666666666667
3 0.3845177664974619 0.3983333333333334 0.027918781725888322 0.043333333333333335
3 0.5596446700507614 0.5716666666666667 0.017766497461928932 0.05666666666666667
3 0.6078680203045684 0.545 0.048223350253807105 0.030000000000000002
3 0.565989847715736 0.5266666666666667 0.03045685279187817 0.02
3 0.9746192893401014 0.29833333333333334 0.035532994923857864 0.023333333333333334
3 0.6307106598984771 0.2916666666666667 0.02284263959390863 0.03666666666666667
2 0.6294416243654822 0.12000000000000001 0.16751269035532992 0.10666666666666667
4 0.5888324873096447 0.15000000000000002 0.035532994923857864 0.02666666666666667
3 0.5431472081218274 0.2016666666666667 0.02030456852791878 0.016666666666666666
3 0.5038071065989848 0.33333333333333337 0.017766497461928932 0.02