1 0.3739837398373984 0.489159891598916 0.02845528455284553 0.03523035230352303
1 0.14126016260162602 0.8658536585365854 0.034552845528455285 0.03523035230352303
3 0.014227642276422765 0.9295392953929539 0.02845528455284553 0.03252032520325203
3 0.18089430894308944 0.8414634146341463 0.04471544715447155 0.018970189701897018
3 0.9725609756097562 0.9295392953929539 0.05081300813008131 0.07588075880758807
3 0.38313008130081305 0.6490514905149052 0.026422764227642278 0.04065040650406504
3 0.5640243902439025 0.47560975609756095 0.014227642276422765 0.056910569105691054
3 0.6128048780487806 0.5040650406504065 0.0467479674796748 0.02710027100271003
3 0.5711382113821138 0.521680216802168 0.02845528455284553 0.018970189701897018
3 0.9817073170731708 0.7696476964769647 0.032520325203252036 0.02168021680216802
3 0.6321138211382115 0.7669376693766937 0.020325203252032523 0.03252032520325203
2 0.628048780487805 0.943089430894309 0.16666666666666669 0.10840108401084012
4 0.58739837398374 0.9119241192411924 0.032520325203252036 0.024390243902439025
3 0.5416666666666667 0.8563685636856369 0.01829268292682927 0.016260162601626015
3 0.5040650406504066 0.7181571815718157 0.016260162601626018 0.016260162601626015