1 0.9369973190348526 0.8957597173144877 0.045576407506702415 0.053003533568904596
3 0.5026809651474531 0.9081272084805654 0.02412868632707775 0.04240282685512367
3 0.3297587131367292 0.8409893992932862 0.021447721179624665 0.0636042402826855
3 0.27479892761394104 0.8091872791519434 0.02412868632707775 0.0353356890459364
3 0.03753351206434316 0.9469964664310954 0.0160857908847185 0.04240282685512367
3 0.561662198391421 0.5530035335689046 0.02412868632707775 0.024734982332155476
3 0.3136729222520107 0.196113074204947 0.03753351206434316 0.0176678445229682
3 0.21983914209115282 0.07950530035335689 0.05361930294906166 0.03180212014134275
3 0.4101876675603217 0.04770318021201413 0.03753351206434316 0.038869257950530034
3 0.4906166219839142 0.07243816254416961 0.021447721179624665 0.045936395759717315
3 0.6474530831099196 0.23498233215547704 0.013404825737265416 0.024734982332155476
3 0.6085790884718498 0.28975265017667845 0.0160857908847185 0.028268551236749116
3 0.7037533512064343 0.8162544169611308 0.01876675603217158 0.028268551236749116