2 0.15094339622641512 0.7491039426523297 0.30727762803234504 0.21505376344086022
3 0.2115902964959569 0.14874551971326164 0.02964959568733154 0.025089605734767026
3 0.2115902964959569 0.06093189964157706 0.01886792452830189 0.021505376344086023
2 0.23989218328840972 0.5609318996415771 0.16172506738544476 0.14695340501792115
2 0.7776280323450135 0.6935483870967742 0.261455525606469 0.27598566308243727
2 0.917789757412399 0.38530465949820786 0.15902964959568733 0.3333333333333333
4 0.8557951482479785 0.525089605734767 0.01886792452830189 0.03942652329749104
4 0.8436657681940701 0.5663082437275986 0.026954177897574125 0.021505376344086023
3 0.20215633423180593 0.4175627240143369 0.026954177897574125 0.03225806451612903
4 0.1495956873315364 0.6827956989247311 0.02964959568733154 0.04659498207885305
4 0.05929919137466308 0.6845878136200717 0.03234501347708895 0.035842293906810034
4 0.19946091644204852 0.6953405017921147 0.016172506738544475 0.02867383512544803
4 0.2533692722371968 0.7849462365591398 0.016172506738544475 0.021505376344086023