2 0.8878865979381443 0.24496644295302014 0.06443298969072164 0.09395973154362416
2 0.9407216494845361 0.5033557046979865 0.07731958762886598 0.11409395973154363
2 0.03994845360824742 0.7432885906040269 0.06958762886597938 0.1040268456375839
2 0.09149484536082474 0.4681208053691275 0.15206185567010308 0.41946308724832215
2 0.11855670103092783 0.1459731543624161 0.09278350515463918 0.13758389261744966
2 0.26417525773195877 0.10570469798657718 0.09020618556701031 0.08389261744966443
2 0.7835051546391752 0.09731543624161074 0.12886597938144329 0.10738255033557047
2 0.4639175257731959 0.10738255033557047 0.12886597938144329 0.0738255033557047
4 0.913659793814433 0.5436241610738255 0.01804123711340206 0.020134228187919462
4 0.9626288659793815 0.4983221476510067 0.023195876288659795 0.02348993288590604
4 0.9291237113402062 0.4647651006711409 0.01288659793814433 0.016778523489932886
4 0.884020618556701 0.23154362416107382 0.020618556701030927 0.026845637583892617
4 0.7422680412371134 0.12080536912751677 0.015463917525773196 0.026845637583892617
4 0.7615979381443299 0.10906040268456375 0.01804123711340206 0.016778523489932886
4 0.27190721649484534 0.10738255033557047 0.023195876288659795 0.03355704697986577
4 0.4213917525773196 0.08557046979865772 0.01804123711340206 0.02348993288590604
4 0.125 0.10738255033557047 0.023195876288659795 0.020134228187919462
4 0.06056701030927835 0.3808724832214765 0.03350515463917526 0.03691275167785235
4 0.04252577319587629 0.46308724832214765 0.03865979381443299 0.06711409395973154
4 0.06958762886597938 0.5788590604026845 0.030927835051546393 0.0436241610738255
4 0.11211340206185567 0.3338926174496644 0.01804123711340206 0.016778523489932886