1 0.37837837837837834 0.48089171974522293 0.029484029484029485 0.038216560509554146
1 0.14004914004914004 0.8184713375796179 0.0343980343980344 0.038216560509554146
3 0.014742014742014743 0.8694267515923567 0.029484029484029485 0.03184713375796178
3 0.17936117936117935 0.7977707006369427 0.044226044226044224 0.02229299363057325
3 0.9373464373464373 0.9315286624203822 0.051597051597051594 0.0732484076433121
3 0.3808353808353808 0.6321656050955414 0.029484029484029485 0.04140127388535032
3 0.5614250614250614 0.48089171974522293 0.0171990171990172 0.05732484076433121
3 0.6081081081081081 0.5111464968152867 0.04668304668304668 0.028662420382165606
3 0.5675675675675675 0.5238853503184714 0.029484029484029485 0.02229299363057325
3 0.9533169533169533 0.7818471337579618 0.0343980343980344 0.02229299363057325
3 0.6154791154791155 0.7563694267515924 0.022113022113022112 0.03503184713375796
2 0.6056511056511056 0.9219745222929937 0.16461916461916462 0.10509554140127389
4 0.5675675675675675 0.8901273885350319 0.0343980343980344 0.028662420382165606
3 0.5257985257985258 0.8343949044585988 0.019656019656019656 0.019108280254777073
3 0.4950859950859951 0.7038216560509555 0.0171990171990172 0.019108280254777073