2 0.8381201044386423 0.32885906040268453 0.2924281984334204 0.19463087248322147
3 0.7493472584856397 0.8775167785234899 0.02610966057441253 0.02348993288590604
3 0.7454308093994778 0.9580536912751678 0.018276762402088774 0.016778523489932886
2 0.7428198433420365 0.49328859060402686 0.15404699738903394 0.1342281879194631
2 0.23629242819843344 0.32885906040268453 0.24804177545691905 0.2550335570469799
2 0.08877284595300261 0.6023489932885906 0.1514360313315927 0.3053691275167785
4 0.15404699738903394 0.47818791946308725 0.020887728459530026 0.03691275167785235
4 0.1671018276762402 0.4412751677852349 0.02610966057441253 0.016778523489932886
3 0.7728459530026109 0.6308724832214765 0.02610966057441253 0.026845637583892617
4 0.835509138381201 0.38926174496644295 0.02610966057441253 0.040268456375838924
4 0.9216710182767625 0.3959731543624161 0.03133159268929504 0.03355704697986577
4 0.7885117493472585 0.37416107382550334 0.01566579634464752 0.02348993288590604
4 0.7402088772845953 0.28691275167785235 0.013054830287206266 0.02348993288590604