1 0.9613821138211384 0.8915989159891599 0.04471544715447155 0.04878048780487805
3 0.5213414634146342 0.9132791327913279 0.022357723577235776 0.037940379403794036
3 0.3465447154471545 0.8482384823848238 0.01829268292682927 0.05962059620596206
3 0.28963414634146345 0.8170731707317073 0.022357723577235776 0.02981029810298103
3 0.05182926829268293 0.9634146341463414 0.014227642276422765 0.04065040650406504
3 0.5782520325203253 0.5487804878048781 0.022357723577235776 0.024390243902439025
3 0.3221544715447155 0.18834688346883469 0.034552845528455285 0.013550135501355014
3 0.225609756097561 0.07181571815718157 0.052845528455284556 0.02981029810298103
3 0.41869918699187 0.03523035230352303 0.03658536585365854 0.037940379403794036
3 0.5 0.058265582655826556 0.020325203252032523 0.04607046070460705
3 0.660569105691057 0.2222222222222222 0.012195121951219513 0.02168021680216802
3 0.6219512195121952 0.2777777777777778 0.012195121951219513 0.024390243902439025
3 0.7245934959349595 0.8143631436314364 0.014227642276422765 0.024390243902439025