1 0.3719512195121952 0.35907859078590787 0.02845528455284553 0.03523035230352303
1 0.13922764227642279 0.7357723577235772 0.034552845528455285 0.03523035230352303
3 0.012195121951219513 0.7994579945799458 0.02845528455284553 0.03252032520325203
3 0.1788617886178862 0.7113821138211383 0.04471544715447155 0.018970189701897018
3 0.9705284552845529 0.7994579945799458 0.05081300813008131 0.07588075880758807
3 0.3810975609756098 0.518970189701897 0.026422764227642278 0.04065040650406504
3 0.5619918699186992 0.34552845528455284 0.014227642276422765 0.056910569105691054
3 0.6107723577235773 0.37398373983739835 0.0467479674796748 0.02710027100271003
3 0.5691056910569107 0.3915989159891599 0.02845528455284553 0.018970189701897018
3 0.9796747967479675 0.6395663956639567 0.032520325203252036 0.02168021680216802
3 0.6300813008130082 0.6368563685636857 0.020325203252032523 0.03252032520325203
2 0.6260162601626017 0.8130081300813008 0.16666666666666669 0.10840108401084012
4 0.5853658536585367 0.7818428184281843 0.032520325203252036 0.024390243902439025
3 0.5396341463414634 0.7262872628726287 0.01829268292682927 0.016260162601626015
3 0.5020325203252033 0.5880758807588076 0.016260162601626018 0.016260162601626015