2 0.8418803418803419 0.3018867924528302 0.30484330484330485 0.21132075471698114
3 0.774928774928775 0.8962264150943396 0.02849002849002849 0.026415094339622643
3 0.7763532763532764 0.9830188679245283 0.019943019943019943 0.018867924528301886
2 0.7507122507122508 0.4867924528301887 0.1623931623931624 0.14339622641509434
2 0.21794871794871795 0.35094339622641507 0.25925925925925924 0.2792452830188679
2 0.07834757834757836 0.6528301886792452 0.1566951566951567 0.3320754716981132
4 0.14102564102564102 0.5169811320754717 0.019943019943019943 0.03773584905660377
4 0.15242165242165243 0.47547169811320755 0.025641025641025644 0.022641509433962266
3 0.7891737891737892 0.630188679245283 0.02849002849002849 0.03018867924528302
4 0.8418803418803419 0.3679245283018868 0.03133903133903134 0.04150943396226415
4 0.9301994301994303 0.3679245283018868 0.03133903133903134 0.033962264150943396
4 0.792022792022792 0.35660377358490564 0.017094017094017096 0.026415094339622643
4 0.7393162393162394 0.2641509433962264 0.014245014245014245 0.022641509433962266