1 0.9480198019801981 0.8152866242038217 0.04455445544554455 0.050955414012738856
3 0.5297029702970297 0.8694267515923567 0.024752475247524754 0.038216560509554146
3 0.3613861386138614 0.8232484076433122 0.019801980198019802 0.06050955414012739
3 0.30445544554455445 0.7993630573248408 0.024752475247524754 0.03184713375796178
3 0.0853960396039604 0.9522292993630573 0.017326732673267328 0.038216560509554146
3 0.5680693069306931 0.5286624203821656 0.022277227722772276 0.025477707006369428
3 0.3069306930693069 0.21815286624203822 0.034653465346534656 0.01592356687898089
3 0.2103960396039604 0.11942675159235669 0.054455445544554455 0.028662420382165606
3 0.39232673267326734 0.07006369426751592 0.03712871287128713 0.038216560509554146
3 0.47153465346534656 0.08598726114649682 0.022277227722772276 0.0445859872611465
3 0.6311881188118812 0.2229299363057325 0.01485148514851485 0.025477707006369428
3 0.5965346534653465 0.2770700636942675 0.01485148514851485 0.025477707006369428
3 0.719059405940594 0.7611464968152867 0.017326732673267328 0.025477707006369428