1 0.37531486146095716 0.48509933774834435 0.030226700251889168 0.03642384105960265
1 0.14105793450881612 0.8410596026490066 0.03526448362720403 0.039735099337748346
3 0.015113350125944584 0.8990066225165563 0.030226700251889168 0.03642384105960265
3 0.1801007556675063 0.8195364238410596 0.04785894206549118 0.023178807947019868
3 0.9534005037783375 0.9288079470198676 0.05289672544080604 0.076158940397351
3 0.38161209068010077 0.640728476821192 0.027707808564231738 0.04304635761589404
3 0.561712846347607 0.4768211920529801 0.015113350125944584 0.059602649006622516
3 0.6095717884130982 0.5082781456953642 0.05037783375314861 0.029801324503311258
3 0.5692695214105793 0.5231788079470199 0.030226700251889168 0.019867549668874173
3 0.9659949622166246 0.7764900662251656 0.0327455919395466 0.023178807947019868
3 0.6234256926952141 0.7615894039735099 0.022670025188916875 0.033112582781456956
2 0.6171284634760705 0.9321192052980133 0.16624685138539042 0.10927152317880795
4 0.5768261964735516 0.9006622516556292 0.03526448362720403 0.026490066225165563
3 0.5340050377833753 0.8443708609271523 0.020151133501259445 0.019867549668874173
3 0.49874055415617125 0.7102649006622517 0.020151133501259445 0.016556291390728478