2 0.8922764227642277 0.22493224932249323 0.06504065040650407 0.0975609756097561
2 0.9563008130081302 0.4959349593495935 0.07926829268292684 0.11924119241192412
2 0.032520325203252036 0.8075880758807588 0.06910569105691057 0.10840108401084012
2 0.07621951219512196 0.510840108401084 0.15650406504065043 0.44173441734417346
2 0.09247967479674797 0.16937669376693767 0.09146341463414635 0.14363143631436315
2 0.24085365853658539 0.11788617886178862 0.09146341463414635 0.08401084010840108
2 0.7794715447154472 0.07452574525745258 0.1321138211382114 0.1111111111111111
2 0.44918699186991873 0.10569105691056911 0.13008130081300814 0.07588075880758807
4 0.9288617886178863 0.5392953929539296 0.016260162601626018 0.016260162601626015
4 0.978658536585366 0.489159891598916 0.022357723577235776 0.018970189701897018
4 0.9420731707317074 0.45528455284552843 0.010162601626016262 0.016260162601626015
4 0.8871951219512196 0.21138211382113822 0.01829268292682927 0.02168021680216802
4 0.7367886178861789 0.10298102981029811 0.014227642276422765 0.02168021680216802
4 0.7560975609756099 0.08943089430894309 0.016260162601626018 0.016260162601626015
4 0.25 0.11924119241192412 0.020325203252032523 0.03252032520325203
4 0.4024390243902439 0.08672086720867209 0.016260162601626018 0.02168021680216802
4 0.0975609756097561 0.12872628726287264 0.020325203252032523 0.018970189701897018
4 0.04065040650406505 0.42140921409214094 0.032520325203252036 0.03523035230352303
4 0.025406504065040653 0.5094850948509485 0.03861788617886179 0.07046070460704607
4 0.05691056910569106 0.6300813008130082 0.02845528455284553 0.04065040650406504
4 0.09247967479674797 0.3685636856368564 0.01829268292682927 0.016260162601626015