2 0.8089430894308943 0.2534722222222222 0.2899728997289973 0.19444444444444442
3 0.7804878048780488 0.8072916666666666 0.02710027100271003 0.024305555555555552
3 0.7859078590785907 0.8871527777777777 0.016260162601626015 0.017361111111111112
2 0.7330623306233063 0.43229166666666663 0.15447154471544716 0.13541666666666666
2 0.21544715447154472 0.359375 0.24661246612466126 0.2534722222222222
2 0.0989159891598916 0.6527777777777778 0.14905149051490515 0.3055555555555555
4 0.15040650406504066 0.5208333333333333 0.018970189701897018 0.034722222222222224
4 0.15853658536585366 0.48090277777777773 0.024390243902439025 0.017361111111111112
3 0.7777777777777778 0.5625 0.02710027100271003 0.027777777777777776
4 0.8130081300813008 0.3125 0.02710027100271003 0.041666666666666664
4 0.8970189701897019 0.3038194444444444 0.03252032520325203 0.03125
4 0.7642276422764228 0.30729166666666663 0.016260162601626015 0.024305555555555552
4 0.7086720867208672 0.22916666666666666 0.013550135501355014 0.020833333333333332