1 0.7347560975609757 0.8468834688346883 0.5223577235772359 0.3008130081300813
1 0.5792682926829269 0.6056910569105691 0.03658536585365854 0.08943089430894309
1 0.18800813008130082 0.5880758807588076 0.042682926829268296 0.05962059620596206
2 0.8465447154471546 0.4986449864498645 0.2987804878048781 0.3252032520325203
2 0.33130081300813014 0.14905149051490515 0.42276422764227645 0.25474254742547425
2 0.07926829268292684 0.2926829268292683 0.1626016260162602 0.11924119241192412
3 0.28963414634146345 0.32113821138211385 0.022357723577235776 0.02981029810298103
4 0.334349593495935 0.23712737127371275 0.014227642276422765 0.051490514905149054
4 0.2134146341463415 0.12601626016260162 0.020325203252032523 0.024390243902439025
4 0.1819105691056911 0.12737127371273713 0.014227642276422765 0.02168021680216802
4 0.4502032520325204 0.15582655826558264 0.014227642276422765 0.018970189701897018
4 0.5030487804878049 0.15040650406504066 0.014227642276422765 0.018970189701897018