2 0.055970149253731345 0.7467741935483871 0.06716417910447761 0.11935483870967742
2 0.21019900497512436 0.8725806451612903 0.09203980099502487 0.08064516129032258
2 0.30845771144278605 0.8838709677419355 0.0945273631840796 0.08387096774193549
2 0.27487562189054726 0.7645161290322581 0.04228855721393035 0.05806451612903226
2 0.33582089552238803 0.7935483870967742 0.06467661691542288 0.08387096774193549
2 0.4166666666666667 0.6419354838709678 0.04228855721393035 0.05161290322580645
2 0.30597014925373134 0.4532258064516129 0.11940298507462686 0.34516129032258064
2 0.4689054726368159 0.36774193548387096 0.11691542288557213 0.15483870967741936
2 0.6181592039800995 0.27580645161290324 0.1517412935323383 0.15806451612903225
2 0.2027363184079602 0.29354838709677417 0.21144278606965175 0.5032258064516129
2 0.3743781094527363 0.1596774193548387 0.09203980099502487 0.15806451612903225
2 0.5087064676616916 0.635483870967742 0.07711442786069651 0.03870967741935484
2 0.6828358208955224 0.8435483870967742 0.12189054726368159 0.22903225806451613
4 0.5733830845771144 0.3258064516129032 0.022388059701492536 0.025806451612903226
4 0.3345771144278607 0.47580645161290325 0.022388059701492536 0.02903225806451613
4 0.2972636815920398 0.5403225806451613 0.05223880597014925 0.035483870967741936
4 0.3246268656716418 0.3419354838709677 0.01243781094527363 0.01935483870967742
4 0.30223880597014924 0.43548387096774194 0.01243781094527363 0.012903225806451613
4 0.2997512437810945 0.5661290322580645 0.022388059701492536 0.02258064516129032