1 0.26117886178861793 0.14769647696476965 0.5223577235772359 0.3008130081300813
1 0.4166666666666667 0.3888888888888889 0.03658536585365854 0.08943089430894309
1 0.8079268292682927 0.4065040650406504 0.042682926829268296 0.05962059620596206
2 0.14939024390243905 0.4959349593495935 0.2987804878048781 0.3252032520325203
2 0.6646341463414634 0.8455284552845529 0.42276422764227645 0.25474254742547425
2 0.9166666666666667 0.7018970189701897 0.1626016260162602 0.11924119241192412
3 0.7063008130081302 0.6734417344173441 0.022357723577235776 0.02981029810298103
4 0.6615853658536586 0.7574525745257452 0.014227642276422765 0.051490514905149054
4 0.7825203252032521 0.8685636856368564 0.020325203252032523 0.024390243902439025
4 0.8140243902439025 0.8672086720867209 0.014227642276422765 0.02168021680216802
4 0.5457317073170732 0.8387533875338753 0.014227642276422765 0.018970189701897018
4 0.49288617886178865 0.8441734417344173 0.014227642276422765 0.018970189701897018