1 0.7347560975609757 0.8414634146341463 0.5223577235772359 0.3008130081300813
1 0.5792682926829269 0.6002710027100271 0.03658536585365854 0.08943089430894309
1 0.18800813008130082 0.5826558265582655 0.042682926829268296 0.05962059620596206
2 0.8465447154471546 0.4932249322493225 0.2987804878048781 0.3252032520325203
2 0.33130081300813014 0.14363143631436315 0.42276422764227645 0.25474254742547425
2 0.07926829268292684 0.2872628726287263 0.1626016260162602 0.11924119241192412
3 0.28963414634146345 0.3157181571815718 0.022357723577235776 0.02981029810298103
4 0.334349593495935 0.23170731707317074 0.014227642276422765 0.051490514905149054
4 0.2134146341463415 0.12059620596205962 0.020325203252032523 0.024390243902439025
4 0.1819105691056911 0.12195121951219512 0.014227642276422765 0.02168021680216802
4 0.4502032520325204 0.15040650406504066 0.014227642276422765 0.018970189701897018
4 0.5030487804878049 0.14498644986449866 0.014227642276422765 0.018970189701897018