1 0.8658536585365855 0.7777777777777778 0.13821138211382114 0.2005420054200542
2 0.8770325203252033 0.43089430894308944 0.18089430894308944 0.46612466124661245
3 0.9745934959349595 0.7344173441734417 0.01829268292682927 0.02168021680216802
3 0.9735772357723578 0.8753387533875339 0.03658536585365854 0.037940379403794036
3 0.6016260162601627 0.7899728997289973 0.020325203252032523 0.024390243902439025
3 0.24288617886178865 0.7872628726287263 0.022357723577235776 0.02981029810298103
3 0.14735772357723578 0.8211382113821138 0.022357723577235776 0.05962059620596206
3 0.10975609756097562 0.7967479674796748 0.04471544715447155 0.07588075880758807
3 0.9308943089430896 0.1111111111111111 0.05691056910569106 0.05420054200542006
2 0.6595528455284554 0.41192411924119243 0.2378048780487805 0.15718157181571815
4 0.8058943089430896 0.6449864498644986 0.01829268292682927 0.02710027100271003
4 0.8191056910569107 0.5948509485094851 0.032520325203252036 0.02981029810298103
4 0.6534552845528456 0.4634146341463415 0.026422764227642278 0.016260162601626015
4 0.5579268292682927 0.46883468834688347 0.022357723577235776 0.016260162601626015
4 0.58739837398374 0.4173441734417344 0.06504065040650407 0.04878048780487805
4 0.6432926829268293 0.3509485094850949 0.01829268292682927 0.018970189701897018
3 0.49288617886178865 0.3428184281842818 0.03861788617886179 0.06233062330623306
3 0.4735772357723578 0.2940379403794038 0.032520325203252036 0.051490514905149054
3 0.4024390243902439 0.44173441734417346 0.024390243902439025 0.037940379403794036
3 0.35467479674796754 0.3875338753387534 0.034552845528455285 0.02710027100271003
3 0.3384146341463415 0.24932249322493225 0.05487804878048781 0.05962059620596206
3 0.41463414634146345 0.39295392953929537 0.032520325203252036 0.03252032520325203
3 0.40142276422764234 0.10975609756097561 0.026422764227642278 0.04065040650406504
3 0.2540650406504065 0.3048780487804878 0.032520325203252036 0.04607046070460705
3 0.03556910569105692 0.33062330623306235 0.034552845528455285 0.05420054200542006
3 0.06910569105691057 0.3604336043360434 0.02845528455284553 0.05962059620596206
3 0.047764227642276426 0.42953929539295393 0.09959349593495936 0.04607046070460705
3 0.35264227642276424 0.540650406504065 0.022357723577235776 0.03523035230352303
3 0.007113821138211383 0.6409214092140921 0.01829268292682927 0.04607046070460705
1 0.0741869918699187 0.6165311653116531 0.15243902439024393 0.33875338753387535
1 0.25 0.6517615176151762 0.10975609756097562 0.11653116531165311