2 0.9390243902439025 0.5853658536585366 0.06097560975609757 0.14634146341463414
2 0.9380081300813009 0.03929539295392954 0.06300813008130082 0.04607046070460705
2 0.4237804878048781 0.6463414634146342 0.16869918699186995 0.12195121951219512
2 0.8455284552845529 0.6571815718157181 0.10975609756097562 0.07317073170731707
2 0.6839430894308944 0.8726287262872628 0.07926829268292684 0.10840108401084012
2 0.12296747967479676 0.5284552845528455 0.06707317073170732 0.08130081300813008
2 0.7784552845528456 0.4823848238482385 0.03658536585365854 0.05962059620596206
4 0.7713414634146343 0.4959349593495935 0.014227642276422765 0.02710027100271003
4 0.47154471544715454 0.6775067750677507 0.016260162601626018 0.04336043360433604
4 0.9491869918699188 0.5718157181571816 0.04065040650406505 0.06504065040650406
4 0.96239837398374 0.03929539295392954 0.014227642276422765 0.018970189701897018
4 0.9390243902439025 0.03116531165311653 0.016260162601626018 0.018970189701897018