2 0.9267955801104972 0.2554347826086957 0.06906077348066297 0.11956521739130435
2 0.7720994475138121 0.12318840579710146 0.09116022099447513 0.08695652173913043
2 0.6726519337016574 0.10869565217391304 0.09668508287292818 0.08695652173913043
2 0.7058011049723757 0.2318840579710145 0.04143646408839779 0.057971014492753624
2 0.643646408839779 0.2028985507246377 0.06629834254143646 0.08695652173913043
2 0.5593922651933702 0.3532608695652174 0.04696132596685083 0.05434782608695652
2 0.6685082872928176 0.5507246376811594 0.12154696132596685 0.35507246376811596
2 0.5013812154696132 0.6322463768115942 0.11878453038674033 0.16304347826086957
2 0.35082872928176795 0.7246376811594203 0.15469613259668508 0.15942028985507248
2 0.7707182320441989 0.7155797101449275 0.2154696132596685 0.5181159420289855
2 0.5953038674033149 0.8496376811594203 0.09116022099447513 0.16304347826086957
2 0.46685082872928174 0.358695652173913 0.07734806629834254 0.043478260869565216
2 0.292817679558011 0.14130434782608695 0.12154696132596685 0.2391304347826087
4 0.3964088397790055 0.6739130434782609 0.019337016574585635 0.028985507246376812
4 0.6395027624309392 0.5253623188405797 0.024861878453038673 0.028985507246376812
4 0.6781767955801105 0.4601449275362319 0.052486187845303865 0.036231884057971016
4 0.6477900552486188 0.6648550724637681 0.013812154696132596 0.018115942028985508
4 0.6712707182320442 0.5670289855072463 0.011049723756906077 0.018115942028985508
4 0.675414364640884 0.43478260869565216 0.024861878453038673 0.021739130434782608