2 0.030487804878048783 0.5663956639566395 0.06097560975609757 0.14634146341463414
2 0.03150406504065041 0.02032520325203252 0.06300813008130082 0.04607046070460705
2 0.5457317073170732 0.6273712737127372 0.16869918699186995 0.12195121951219512
2 0.12398373983739838 0.6382113821138211 0.10975609756097562 0.07317073170731707
2 0.2855691056910569 0.8536585365853658 0.07926829268292684 0.10840108401084012
2 0.8465447154471546 0.5094850948509485 0.06707317073170732 0.08130081300813008
2 0.1910569105691057 0.4634146341463415 0.03658536585365854 0.05962059620596206
4 0.19817073170731708 0.47696476964769646 0.014227642276422765 0.02710027100271003
4 0.4979674796747968 0.6585365853658537 0.016260162601626018 0.04336043360433604
4 0.020325203252032523 0.5528455284552846 0.04065040650406505 0.06504065040650406
4 0.007113821138211383 0.02032520325203252 0.014227642276422765 0.018970189701897018
4 0.030487804878048783 0.012195121951219513 0.016260162601626018 0.018970189701897018