2 0.9613821138211384 0.4173441734417344 0.06097560975609757 0.14634146341463414
2 0.9603658536585367 0.9634146341463414 0.06300813008130082 0.04607046070460705
2 0.44613821138211385 0.35636856368563685 0.16869918699186995 0.12195121951219512
2 0.8678861788617888 0.34552845528455284 0.10975609756097562 0.07317073170731707
2 0.7063008130081302 0.13008130081300812 0.07926829268292684 0.10840108401084012
2 0.14532520325203255 0.4742547425474255 0.06707317073170732 0.08130081300813008
2 0.8008130081300814 0.5203252032520325 0.03658536585365854 0.05962059620596206
4 0.79369918699187 0.5067750677506775 0.014227642276422765 0.02710027100271003
4 0.4939024390243903 0.3252032520325203 0.016260162601626018 0.04336043360433604
4 0.9715447154471546 0.43089430894308944 0.04065040650406505 0.06504065040650406
4 0.9847560975609757 0.9634146341463414 0.014227642276422765 0.018970189701897018
4 0.9613821138211384 0.9715447154471545 0.016260162601626018 0.018970189701897018