1 0.1278772378516624 0.2676767676767677 0.1381074168797954 0.19865319865319864
2 0.12404092071611254 0.6043771043771043 0.18158567774936063 0.45454545454545453
3 0.023017902813299233 0.3131313131313131 0.020460358056265986 0.026936026936026935
3 0.02173913043478261 0.17508417508417506 0.03836317135549872 0.0404040404040404
3 0.3874680306905371 0.24915824915824913 0.023017902813299233 0.026936026936026935
3 0.7404092071611253 0.24074074074074073 0.023017902813299233 0.0303030303030303
3 0.8337595907928389 0.20538720538720537 0.025575447570332484 0.0606060606060606
3 0.8721227621483376 0.22727272727272727 0.04603580562659847 0.07744107744107744
3 0.07544757033248083 0.9158249158249158 0.05882352941176471 0.05387205387205387
2 0.3375959079283888 0.6161616161616161 0.23529411764705885 0.15488215488215487
4 0.18925831202046037 0.3956228956228956 0.020460358056265986 0.0303030303030303
4 0.17774936061381075 0.4444444444444444 0.03324808184143223 0.03367003367003367
4 0.34271099744245526 0.5656565656565656 0.030690537084398978 0.0202020202020202
4 0.4360613810741688 0.5589225589225589 0.023017902813299233 0.0202020202020202
4 0.40920716112531974 0.6077441077441077 0.06649616368286446 0.050505050505050504
4 0.3554987212276215 0.6750841750841751 0.020460358056265986 0.02356902356902357
3 0.5025575447570333 0.6784511784511784 0.03836317135549872 0.06397306397306397
3 0.5217391304347827 0.7255892255892256 0.03580562659846548 0.050505050505050504
3 0.5895140664961638 0.5791245791245792 0.02813299232736573 0.0404040404040404
3 0.6368286445012789 0.6313131313131313 0.03580562659846548 0.0303030303030303
3 0.6547314578005116 0.7643097643097643 0.05626598465473146 0.0606060606060606
3 0.5780051150895141 0.6279461279461279 0.03580562659846548 0.037037037037037035
3 0.5959079283887468 0.9023569023569024 0.030690537084398978 0.0404040404040404
3 0.7378516624040922 0.7087542087542087 0.03324808184143223 0.050505050505050504
3 0.9514066496163683 0.6784511784511784 0.03580562659846548 0.057239057239057235
3 0.9181585677749361 0.6498316498316498 0.030690537084398978 0.0606060606060606
3 0.9386189258312021 0.5824915824915825 0.10230179028132994 0.04713804713804714
3 0.6368286445012789 0.48316498316498313 0.025575447570332484 0.037037037037037035
3 0.9744245524296676 0.3754208754208754 0.020460358056265986 0.050505050505050504
1 0.9092071611253197 0.4006734006734007 0.15089514066496165 0.32996632996632996
1 0.7352941176470589 0.372053872053872 0.10997442455242967 0.11784511784511784