2 0.8740359897172236 0.7432432432432433 0.06683804627249357 0.12162162162162163
2 0.7197943444730076 0.8766891891891893 0.09254498714652956 0.08445945945945946
2 0.6195372750642673 0.8918918918918919 0.09768637532133675 0.08783783783783784
2 0.6516709511568123 0.7685810810810811 0.04370179948586118 0.057432432432432436
2 0.5886889460154241 0.8006756756756758 0.06683804627249357 0.08783783783783784
2 0.5051413881748071 0.6469594594594595 0.04370179948586118 0.057432432432432436
2 0.6143958868894601 0.44763513513513514 0.11825192802056554 0.35472972972972977
2 0.4473007712082262 0.36655405405405406 0.11825192802056554 0.1587837837837838
2 0.29434447300771205 0.27533783783783783 0.15681233933161953 0.1587837837837838
2 0.7159383033419022 0.2820945945945946 0.21336760925449869 0.5168918918918919
2 0.5398457583547558 0.14864864864864866 0.09254498714652956 0.16216216216216217
2 0.4125964010282776 0.6435810810810811 0.07969151670951156 0.04391891891891892
2 0.23907455012853468 0.8614864864864865 0.12339331619537275 0.2364864864864865
4 0.33933161953727503 0.32432432432432434 0.02056555269922879 0.02702702702702703
4 0.5848329048843187 0.472972972972973 0.02313624678663239 0.02702702702702703
4 0.6246786632390745 0.5388513513513514 0.051413881748071974 0.037162162162162164
4 0.5925449871465295 0.3344594594594595 0.012853470437017993 0.02027027027027027
4 0.6169665809768637 0.43074324324324326 0.010282776349614395 0.016891891891891893
4 0.6221079691516709 0.5641891891891893 0.025706940874035987 0.02027027027027027