1 0.13414634146341464 0.289198606271777 0.13279132791327913 0.18815331010452963
2 0.13956639566395665 0.6097560975609756 0.17615176151761516 0.43205574912891986
3 0.03387533875338753 0.33797909407665505 0.018970189701897018 0.020905923344947737
3 0.02710027100271003 0.2073170731707317 0.037940379403794036 0.03832752613240418
3 0.38482384823848237 0.25609756097560976 0.02168021680216802 0.024390243902439025
3 0.7276422764227642 0.23170731707317074 0.024390243902439025 0.0313588850174216
3 0.8170731707317073 0.1916376306620209 0.024390243902439025 0.05574912891986063
3 0.8536585365853658 0.21080139372822299 0.04336043360433604 0.07317073170731707
3 0.1043360433604336 0.9076655052264808 0.056910569105691054 0.05226480836236934
2 0.34823848238482386 0.60801393728223 0.23035230352303523 0.14982578397212543
4 0.1978319783197832 0.4076655052264808 0.02168021680216802 0.027874564459930314
4 0.18699186991869918 0.4547038327526132 0.03252032520325203 0.0313588850174216
4 0.3523035230352303 0.5609756097560976 0.02710027100271003 0.020905923344947737
4 0.44308943089430897 0.5487804878048781 0.024390243902439025 0.017421602787456445
4 0.4173441734417344 0.5975609756097561 0.06504065040650406 0.04529616724738676
4 0.36720867208672087 0.662020905923345 0.018970189701897018 0.020905923344947737
3 0.5094850948509485 0.6585365853658537 0.037940379403794036 0.0627177700348432
3 0.5311653116531165 0.7020905923344948 0.03252032520325203 0.05226480836236934
3 0.5907859078590786 0.5592334494773519 0.02710027100271003 0.03832752613240418
3 0.6395663956639567 0.6062717770034843 0.037940379403794036 0.027874564459930314
3 0.6612466124661247 0.7317073170731707 0.05420054200542006 0.05574912891986063
3 0.5826558265582655 0.6062717770034843 0.03252032520325203 0.03484320557491289
3 0.6084010840108401 0.8641114982578397 0.02981029810298103 0.041811846689895474
3 0.7398373983739838 0.6742160278745645 0.03252032520325203 0.04529616724738676
3 0.94579945799458 0.632404181184669 0.037940379403794036 0.05226480836236934
3 0.9119241192411924 0.60801393728223 0.02981029810298103 0.059233449477351915
3 0.9295392953929539 0.5418118466898955 0.0975609756097561 0.04529616724738676
3 0.6341463414634146 0.4651567944250871 0.02168021680216802 0.03832752613240418
3 0.9579945799457995 0.34668989547038326 0.018970189701897018 0.04529616724738676
1 0.8956639566395664 0.37282229965156793 0.14905149051490515 0.313588850174216
1 0.7262872628726287 0.3554006968641115 0.10840108401084012 0.11149825783972125