2 0.032133676092544985 0.4249146757679181 0.06426735218508997 0.14675767918088736
2 0.030848329048843187 0.9658703071672355 0.06683804627249357 0.04778156996587031
2 0.5449871465295629 0.36689419795221845 0.16966580976863752 0.12627986348122866
2 0.12467866323907455 0.3532423208191126 0.11053984575835475 0.07849829351535836
2 0.2866323907455013 0.13993174061433447 0.07969151670951156 0.10921501706484642
2 0.8444730077120822 0.48464163822525597 0.06940874035989716 0.08191126279863481
2 0.1915167095115681 0.5273037542662116 0.038560411311053984 0.06484641638225257
4 0.1979434447300771 0.5136518771331058 0.015424164524421594 0.030716723549488054
4 0.4974293059125964 0.33447098976109213 0.01799485861182519 0.04778156996587031
4 0.02185089974293059 0.43686006825938567 0.04370179948586118 0.06825938566552901
4 0.006426735218508997 0.9658703071672355 0.01799485861182519 0.020477815699658702
4 0.029562982005141385 0.9744027303754267 0.01799485861182519 0.023890784982935155