1 0.25578406169665807 0.8029801324503312 0.5012853470437018 0.2814569536423841
1 0.41516709511568123 0.5894039735099338 0.038560411311053984 0.08609271523178808
1 0.7904884318766067 0.6026490066225165 0.04370179948586118 0.059602649006622516
2 0.16452442159383032 0.47019867549668876 0.28791773778920304 0.304635761589404
2 0.6709511568123393 0.18543046357615894 0.4061696658097686 0.23841059602649006
2 0.9061696658097685 0.33774834437086093 0.15681233933161953 0.11258278145695365
3 0.7043701799485861 0.347682119205298 0.025706940874035987 0.033112582781456956
4 0.665809768637532 0.26655629139072845 0.015424164524421594 0.04966887417218543
4 0.7853470437017994 0.17218543046357615 0.02313624678663239 0.026490066225165563
4 0.8149100257069408 0.1771523178807947 0.015424164524421594 0.023178807947019868
4 0.5578406169665809 0.1837748344370861 0.015424164524421594 0.023178807947019868
4 0.506426735218509 0.17549668874172186 0.015424164524421594 0.019867549668874173