2 0.49593495934959353 0.2005420054200542 0.08536585365853659 0.12466124661246612
2 0.0741869918699187 0.08265582655826559 0.15243902439024393 0.15989159891598917
2 0.08739837398373984 0.6747967479674797 0.1788617886178862 0.3794037940379404
2 0.7317073170731708 0.8035230352303523 0.17073170731707318 0.19241192411924118
2 0.9502032520325204 0.23577235772357724 0.09146341463414635 0.0921409214092141
3 0.4075203252032521 0.9607046070460704 0.022357723577235776 0.02981029810298103
4 0.7520325203252033 0.8021680216802168 0.02845528455284553 0.037940379403794036
4 0.7002032520325204 0.8048780487804879 0.014227642276422765 0.02168021680216802
4 0.4908536585365854 0.22764227642276422 0.01829268292682927 0.03252032520325203
4 0.5142276422764228 0.2086720867208672 0.020325203252032523 0.016260162601626015
4 0.47967479674796754 0.17750677506775067 0.020325203252032523 0.04065040650406504
4 0.5050813008130082 0.15311653116531165 0.010162601626016262 0.018970189701897018
4 0.11991869918699188 0.11246612466124661 0.016260162601626018 0.018970189701897018
4 0.034552845528455285 0.6775067750677507 0.024390243902439025 0.02710027100271003
4 0.13313008130081302 0.7262872628726287 0.01829268292682927 0.02710027100271003
4 0.0813008130081301 0.7330623306233063 0.04878048780487805 0.08401084010840108
4 0.10670731707317074 0.6653116531165312 0.014227642276422765 0.018970189701897018
4 0.15040650406504066 0.8333333333333334 0.020325203252032523 0.018970189701897018