3 0.8750000000000001 0.21544715447154472 0.05894308943089432 0.07317073170731707
3 0.9563008130081302 0.2967479674796748 0.06300813008130082 0.04607046070460705
3 0.902439024390244 0.34146341463414637 0.05691056910569106 0.05420054200542006
2 0.19004065040650409 0.7330623306233063 0.07113821138211383 0.15989159891598917
2 0.23882113821138215 0.3685636856368564 0.19715447154471546 0.2926829268292683
3 0.34756097560975613 0.3997289972899729 0.02845528455284553 0.056910569105691054
4 0.20020325203252035 0.6707317073170732 0.022357723577235776 0.018970189701897018
3 0.10873983739837399 0.7073170731707317 0.026422764227642278 0.04878048780487805
3 0.024390243902439025 0.518970189701897 0.020325203252032523 0.04065040650406504
3 0.17784552845528456 0.8292682926829268 0.03861788617886179 0.02710027100271003
3 0.225609756097561 0.8590785907859079 0.016260162601626018 0.02168021680216802