3 0.12158469945355191 0.3350694444444444 0.05737704918032787 0.06597222222222222
3 0.050546448087431695 0.4149305555555555 0.06284153005464481 0.04513888888888889
3 0.10382513661202186 0.44965277777777773 0.0546448087431694 0.05208333333333333
2 0.796448087431694 0.7291666666666666 0.06830601092896176 0.14583333333333331
2 0.7281420765027322 0.4079861111111111 0.1885245901639344 0.2673611111111111
3 0.6284153005464481 0.4461805555555555 0.0273224043715847 0.05208333333333333
4 0.7827868852459017 0.673611111111111 0.02459016393442623 0.020833333333333332
3 0.8715846994535519 0.6979166666666666 0.0273224043715847 0.048611111111111105
3 0.9398907103825137 0.5208333333333333 0.02185792349726776 0.041666666666666664
3 0.8142076502732241 0.8125 0.03825136612021858 0.027777777777777776
3 0.7704918032786885 0.845486111111111 0.01639344262295082 0.024305555555555552