2 0.042682926829268296 0.3983739837398374 0.06097560975609757 0.14634146341463414
2 0.04369918699186992 0.9444444444444444 0.06300813008130082 0.04607046070460705
2 0.5579268292682927 0.33739837398373984 0.16869918699186995 0.12195121951219512
2 0.1361788617886179 0.3265582655826558 0.10975609756097562 0.07317073170731707
2 0.29776422764227645 0.1111111111111111 0.07926829268292684 0.10840108401084012
2 0.8587398373983741 0.45528455284552843 0.06707317073170732 0.08130081300813008
2 0.20325203252032523 0.5013550135501355 0.03658536585365854 0.05962059620596206
4 0.2103658536585366 0.4878048780487805 0.014227642276422765 0.02710027100271003
4 0.5101626016260163 0.3062330623306233 0.016260162601626018 0.04336043360433604
4 0.032520325203252036 0.41192411924119243 0.04065040650406505 0.06504065040650406
4 0.019308943089430895 0.9444444444444444 0.014227642276422765 0.018970189701897018
4 0.042682926829268296 0.9525745257452575 0.016260162601626018 0.018970189701897018