3 0.8729281767955801 0.7184115523465704 0.06077348066298342 0.07220216606498195
3 0.9502762430939227 0.6371841155234658 0.06629834254143646 0.04693140794223827
3 0.8964088397790055 0.5974729241877257 0.058011049723756904 0.05415162454873646
2 0.19337016574585636 0.2527075812274368 0.0718232044198895 0.1588447653429603
2 0.24861878453038672 0.5992779783393501 0.19337016574585636 0.2815884476534296
3 0.35497237569060774 0.5649819494584838 0.03038674033149171 0.06137184115523466
4 0.20303867403314915 0.3104693140794224 0.024861878453038673 0.021660649819494587
3 0.11325966850828728 0.2815884476534296 0.027624309392265192 0.05054151624548737
3 0.03591160220994475 0.4657039711191336 0.022099447513812154 0.043321299638989175
3 0.1781767955801105 0.1624548736462094 0.04143646408839779 0.02888086642599278
3 0.22375690607734805 0.13176895306859207 0.016574585635359115 0.025270758122743684