2 0.9282051282051282 0.7508250825082509 0.06666666666666667 0.11551155115511551
2 0.7730769230769231 0.8712871287128713 0.08974358974358974 0.07920792079207921
2 0.676923076923077 0.8778877887788779 0.09230769230769231 0.0858085808580858
2 0.7128205128205128 0.7623762376237624 0.041025641025641026 0.052805280528052806
2 0.6525641025641026 0.7871287128712872 0.0641025641025641 0.08250825082508251
2 0.5756410256410256 0.6402640264026402 0.04358974358974359 0.052805280528052806
2 0.6884615384615385 0.4570957095709571 0.11538461538461539 0.3333333333333333
2 0.5282051282051282 0.36963696369636967 0.11282051282051282 0.15181518151815182
2 0.38461538461538464 0.27722772277227725 0.14871794871794872 0.15181518151815182
2 0.791025641025641 0.3069306930693069 0.2076923076923077 0.4884488448844885
2 0.6256410256410256 0.16996699669966997 0.08717948717948718 0.1551155115511551
2 0.4858974358974359 0.6303630363036303 0.07435897435897436 0.039603960396039604
2 0.31025641025641026 0.8267326732673267 0.11794871794871795 0.22112211221122113
4 0.4282051282051282 0.32673267326732675 0.020512820512820513 0.026402640264026403
4 0.658974358974359 0.4801980198019802 0.020512820512820513 0.0297029702970297
4 0.6948717948717948 0.5429042904290429 0.05128205128205128 0.036303630363036306
4 0.6705128205128205 0.3481848184818482 0.01282051282051282 0.0165016501650165
4 0.6923076923076923 0.4405940594059406 0.010256410256410256 0.0165016501650165
4 0.691025641025641 0.5676567656765676 0.023076923076923078 0.019801980198019802