2 0.49865951742627346 0.19444444444444442 0.08579088471849866 0.11805555555555555
2 0.9088471849865952 0.1111111111111111 0.15013404825737264 0.15277777777777776
2 0.8726541554959786 0.6649305555555555 0.1742627345844504 0.3576388888888889
2 0.24932975871313673 0.7413194444444444 0.16621983914209115 0.18402777777777776
2 0.06166219839142091 0.19791666666666666 0.09115281501340483 0.09027777777777778
3 0.5563002680965148 0.9114583333333333 0.02412868632707775 0.03125
4 0.23056300268096516 0.7395833333333333 0.032171581769437 0.041666666666666664
4 0.2801608579088472 0.7447916666666666 0.01876675603217158 0.024305555555555552
4 0.5026809651474531 0.2204861111111111 0.01876675603217158 0.03125
4 0.4812332439678284 0.20138888888888887 0.02412868632707775 0.020833333333333332
4 0.514745308310992 0.1736111111111111 0.021447721179624665 0.041666666666666664
4 0.49195710455764075 0.14930555555555555 0.013404825737265416 0.020833333333333332
4 0.8632707774798928 0.13715277777777776 0.0160857908847185 0.024305555555555552
4 0.9249329758713137 0.6701388888888888 0.02680965147453083 0.027777777777777776
4 0.8270777479892761 0.7083333333333333 0.01876675603217158 0.027777777777777776
4 0.8766756032171582 0.71875 0.0482573726541555 0.08333333333333333
4 0.8552278820375335 0.6527777777777778 0.0160857908847185 0.020833333333333332
4 0.806970509383378 0.8090277777777777 0.021447721179624665 0.020833333333333332