1 0.13008130081300814 0.24390243902439024 0.13821138211382114 0.2005420054200542
2 0.11890243902439025 0.5907859078590786 0.18089430894308944 0.46612466124661245
3 0.021341463414634148 0.2872628726287263 0.01829268292682927 0.02168021680216802
3 0.022357723577235776 0.14634146341463414 0.03658536585365854 0.037940379403794036
3 0.39430894308943093 0.23170731707317074 0.020325203252032523 0.024390243902439025
3 0.753048780487805 0.23441734417344173 0.022357723577235776 0.02981029810298103
3 0.8485772357723578 0.2005420054200542 0.022357723577235776 0.05962059620596206
3 0.8861788617886179 0.22493224932249323 0.04471544715447155 0.07588075880758807
3 0.06504065040650407 0.9105691056910569 0.05691056910569106 0.05420054200542006
2 0.33638211382113825 0.6097560975609756 0.2378048780487805 0.15718157181571815
4 0.19004065040650409 0.37669376693766937 0.01829268292682927 0.02710027100271003
4 0.17682926829268295 0.4268292682926829 0.032520325203252036 0.02981029810298103
4 0.342479674796748 0.5582655826558266 0.026422764227642278 0.016260162601626015
4 0.43800813008130085 0.5528455284552846 0.022357723577235776 0.016260162601626015
4 0.4085365853658537 0.6043360433604336 0.06504065040650407 0.04878048780487805
4 0.35264227642276424 0.6707317073170732 0.01829268292682927 0.018970189701897018
3 0.5030487804878049 0.6788617886178862 0.03861788617886179 0.06233062330623306
3 0.5223577235772359 0.7276422764227642 0.032520325203252036 0.051490514905149054
3 0.5934959349593496 0.5799457994579946 0.024390243902439025 0.037940379403794036
3 0.6412601626016261 0.6341463414634146 0.034552845528455285 0.02710027100271003
3 0.6575203252032521 0.7723577235772358 0.05487804878048781 0.05962059620596206
3 0.5813008130081302 0.6287262872628726 0.032520325203252036 0.03252032520325203
3 0.5945121951219513 0.9119241192411924 0.026422764227642278 0.04065040650406504
3 0.7418699186991871 0.7168021680216802 0.032520325203252036 0.04607046070460705
3 0.9603658536585367 0.6910569105691057 0.034552845528455285 0.05420054200542006
3 0.926829268292683 0.6612466124661247 0.02845528455284553 0.05962059620596206
3 0.9481707317073171 0.592140921409214 0.09959349593495936 0.04607046070460705
3 0.6432926829268293 0.481029810298103 0.022357723577235776 0.03523035230352303
3 0.9888211382113822 0.3807588075880759 0.01829268292682927 0.04607046070460705
1 0.9217479674796749 0.4051490514905149 0.15243902439024393 0.33875338753387535
1 0.7459349593495935 0.3699186991869919 0.10975609756097562 0.11653116531165311