2 0.03353658536585366 0.26151761517615174 0.06707317073170732 0.12195121951219512
2 0.18800813008130082 0.11788617886178862 0.09146341463414635 0.08401084010840108
2 0.28963414634146345 0.1002710027100271 0.09552845528455285 0.08672086720867209
2 0.25813008130081305 0.22899728997289973 0.04065040650406505 0.056910569105691054
2 0.32113821138211385 0.1951219512195122 0.06504065040650407 0.08672086720867209
2 0.40955284552845533 0.34959349593495936 0.042682926829268296 0.05420054200542006
2 0.301829268292683 0.5582655826558266 0.11991869918699188 0.36314363143631434
2 0.4735772357723578 0.6368563685636857 0.11788617886178863 0.16260162601626016
2 0.6300813008130082 0.7262872628726287 0.15447154471544716 0.16260162601626016
2 0.20121951219512196 0.7317073170731707 0.21544715447154475 0.5311653116531165
2 0.38313008130081305 0.8644986449864499 0.09146341463414635 0.16260162601626016
2 0.5040650406504066 0.3509485094850949 0.07723577235772358 0.04065040650406504
2 0.676829268292683 0.12059620596205962 0.12195121951219513 0.24119241192411925
4 0.5823170731707318 0.6761517615176151 0.01829268292682927 0.024390243902439025
4 0.33130081300813014 0.5311653116531165 0.020325203252032523 0.02710027100271003
4 0.28963414634146345 0.46476964769647694 0.05081300813008131 0.03523035230352303
4 0.32621951219512196 0.6747967479674797 0.010162601626016262 0.016260162601626015
4 0.2987804878048781 0.575880758807588 0.008130081300813009 0.013550135501355014
4 0.2916666666666667 0.43766937669376693 0.022357723577235776 0.018970189701897018