3 0.12359550561797752 0.2693726937269373 0.06179775280898876 0.07380073800738007
3 0.04073033707865169 0.34501845018450183 0.0646067415730337 0.047970479704797044
3 0.09410112359550561 0.3892988929889299 0.05898876404494382 0.055350553505535055
2 0.7851123595505618 0.7915129151291512 0.0702247191011236 0.15867158671586715
2 0.7443820224719101 0.4372693726937269 0.19662921348314605 0.28413284132841327
3 0.6362359550561798 0.46494464944649444 0.03089887640449438 0.05904059040590406
4 0.7766853932584269 0.7306273062730627 0.025280898876404494 0.02214022140221402
3 0.8651685393258427 0.7675276752767527 0.028089887640449437 0.05166051660516605
3 0.9522471910112359 0.5904059040590406 0.02247191011235955 0.04428044280442804
3 0.7949438202247191 0.8856088560885609 0.03932584269662921 0.02952029520295203
3 0.7485955056179775 0.9114391143911439 0.019662921348314606 0.02214022140221402