1 0.14210526315789473 0.2396551724137931 0.1368421052631579 0.19655172413793104
2 0.12368421052631579 0.5706896551724138 0.17894736842105263 0.4517241379310345
3 0.034210526315789476 0.2775862068965517 0.021052631578947368 0.02413793103448276
3 0.038157894736842106 0.1413793103448276 0.039473684210526314 0.041379310344827586
3 0.4013157894736842 0.23620689655172414 0.02368421052631579 0.02413793103448276
3 0.7513157894736842 0.25 0.02368421052631579 0.03103448275862069
3 0.8460526315789474 0.2206896551724138 0.02368421052631579 0.06206896551724138
3 0.8828947368421053 0.24655172413793103 0.04473684210526316 0.0793103448275862
3 0.06578947368421052 0.8793103448275862 0.05789473684210526 0.05517241379310345
2 0.3368421052631579 0.5982758620689655 0.23684210526315788 0.15517241379310345
4 0.19736842105263158 0.3689655172413793 0.021052631578947368 0.027586206896551724
4 0.18289473684210525 0.41551724137931034 0.034210526315789476 0.03103448275862069
4 0.34342105263157896 0.5482758620689655 0.02894736842105263 0.020689655172413793
4 0.43684210526315786 0.5465517241379311 0.02631578947368421 0.017241379310344827
4 0.40657894736842104 0.5948275862068966 0.06578947368421052 0.05172413793103448
4 0.3513157894736842 0.656896551724138 0.018421052631578946 0.02413793103448276
3 0.4986842105263158 0.6706896551724137 0.039473684210526314 0.06551724137931034
3 0.5171052631578947 0.7172413793103448 0.034210526315789476 0.05517241379310345
3 0.5894736842105263 0.5775862068965517 0.02631578947368421 0.03793103448275862
3 0.6342105263157894 0.6327586206896552 0.03684210526315789 0.03103448275862069
3 0.6486842105263158 0.7655172413793103 0.05526315789473684 0.06206896551724138
3 0.575 0.6241379310344828 0.034210526315789476 0.034482758620689655
3 0.5828947368421052 0.8982758620689655 0.02894736842105263 0.04482758620689655
3 0.731578947368421 0.7137931034482758 0.03684210526315789 0.04827586206896552
3 0.9473684210526315 0.696551724137931 0.03684210526315789 0.05517241379310345
3 0.9144736842105263 0.6689655172413793 0.02894736842105263 0.06206896551724138
3 0.9368421052631579 0.603448275862069 0.09999999999999999 0.04827586206896552
3 0.6394736842105263 0.4844827586206896 0.02631578947368421 0.03793103448275862
3 0.9802631578947368 0.4 0.018421052631578946 0.04827586206896552
1 0.9131578947368421 0.4206896551724138 0.15263157894736842 0.3310344827586207
1 0.7421052631578947 0.3810344827586207 0.11052631578947368 0.11379310344827587