1 0.15365239294710328 0.7687296416938111 0.13602015113350124 0.18892508143322476
2 0.12846347607052896 0.4462540716612378 0.17632241813602015 0.4364820846905538
3 0.04785894206549118 0.7345276872964169 0.020151133501259445 0.02280130293159609
3 0.054156171284634756 0.8664495114006515 0.03778337531486146 0.03908794788273616
3 0.4080604534005038 0.762214983713355 0.020151133501259445 0.026058631921824105
3 0.7518891687657431 0.7345276872964169 0.022670025188916875 0.02931596091205212
3 0.8450881612090679 0.758957654723127 0.022670025188916875 0.05863192182410424
3 0.8816120906801007 0.7345276872964169 0.04534005037783375 0.0749185667752443
3 0.0654911838790932 0.15146579804560262 0.055415617128463476 0.055374592833876225
2 0.3375314861460957 0.41368078175895767 0.2317380352644836 0.1498371335504886
4 0.20654911838790932 0.6400651465798046 0.020151133501259445 0.02931596091205212
4 0.19143576826196473 0.5944625407166124 0.03526448362720403 0.02931596091205212
4 0.3463476070528967 0.4609120521172639 0.027707808564231738 0.016286644951140065
4 0.4370277078085642 0.4592833876221499 0.022670025188916875 0.01954397394136808
4 0.4080604534005038 0.41205211726384366 0.0654911838790932 0.048859934853420196
4 0.35012594458438284 0.3550488599348534 0.020151133501259445 0.01954397394136808
3 0.49496221662468515 0.3371335504885994 0.03778337531486146 0.06188925081433225
3 0.5113350125944585 0.2899022801302932 0.03526448362720403 0.05211726384364821
3 0.5856423173803527 0.4234527687296417 0.027707808564231738 0.03908794788273616
3 0.6297229219143576 0.3697068403908795 0.03526448362720403 0.02931596091205212
3 0.6397984886649873 0.241042345276873 0.055415617128463476 0.05863192182410424
3 0.5717884130982368 0.3794788273615635 0.03526448362720403 0.035830618892508145
3 0.5730478589420654 0.11400651465798047 0.027707808564231738 0.03908794788273616
3 0.7229219143576826 0.28664495114006516 0.03526448362720403 0.04560260586319218
3 0.9345088161209067 0.2964169381107492 0.03526448362720403 0.05211726384364821
3 0.9017632241813601 0.32573289902280134 0.030226700251889168 0.05863192182410424
3 0.9256926952141058 0.38762214983713356 0.0982367758186398 0.04560260586319218
3 0.6372795969773299 0.5130293159609121 0.025188916876574305 0.035830618892508145
3 0.9722921914357683 0.5830618892508144 0.020151133501259445 0.04560260586319218
1 0.9080604534005038 0.5635179153094463 0.1486146095717884 0.3192182410423453
1 0.7392947103274559 0.6091205211726385 0.10831234256926951 0.11074918566775245