2 0.9517326732673267 0.4565916398713826 0.06188118811881188 0.1414790996784566
2 0.9331683168316832 0.972668810289389 0.06435643564356436 0.04823151125401929
2 0.4566831683168317 0.37138263665594856 0.16584158415841585 0.1189710610932476
2 0.8638613861386139 0.3858520900321543 0.10891089108910891 0.0707395498392283
2 0.7153465346534653 0.1720257234726688 0.07920792079207921 0.10610932475884244
2 0.1608910891089109 0.4646302250803859 0.06930693069306931 0.08038585209003216
2 0.7933168316831684 0.5466237942122186 0.03712871287128713 0.05787781350482315
4 0.7871287128712872 0.5321543408360129 0.01485148514851485 0.028938906752411574
4 0.5037128712871287 0.3440514469453376 0.017326732673267328 0.04501607717041801
4 0.9616336633663366 0.47266881028938906 0.04207920792079208 0.06430868167202572
4 0.9566831683168316 0.9742765273311897 0.017326732673267328 0.01929260450160772
4 0.9331683168316832 0.9807073954983923 0.019801980198019802 0.01929260450160772