3 0.8703703703703705 0.2792452830188679 0.05982905982905983 0.07547169811320754
3 0.9501424501424501 0.35660377358490564 0.06552706552706553 0.04905660377358491
3 0.8988603988603989 0.4018867924528302 0.05982905982905983 0.05660377358490566
2 0.19373219373219375 0.7981132075471699 0.07407407407407408 0.16226415094339622
2 0.23931623931623933 0.4377358490566038 0.19943019943019943 0.2943396226415094
3 0.34615384615384615 0.4679245283018868 0.03133903133903134 0.06037735849056604
4 0.20370370370370372 0.7358490566037736 0.025641025641025644 0.022641509433962266
3 0.11111111111111112 0.7735849056603774 0.02849002849002849 0.052830188679245285
3 0.02849002849002849 0.5886792452830188 0.022792022792022793 0.04528301886792453
3 0.18091168091168092 0.8924528301886793 0.042735042735042736 0.033962264150943396
3 0.22934472934472935 0.9207547169811321 0.019943019943019943 0.022641509433962266