2 0.06808943089430895 0.2588075880758808 0.06707317073170732 0.12195121951219512
2 0.22256097560975613 0.11517615176151762 0.09146341463414635 0.08401084010840108
2 0.32418699186991873 0.0975609756097561 0.09552845528455285 0.08672086720867209
2 0.29268292682926833 0.22628726287262874 0.04065040650406505 0.056910569105691054
2 0.3556910569105691 0.19241192411924118 0.06504065040650407 0.08672086720867209
2 0.4441056910569106 0.34688346883468835 0.042682926829268296 0.05420054200542006
2 0.33638211382113825 0.5555555555555556 0.11991869918699188 0.36314363143631434
2 0.508130081300813 0.6341463414634146 0.11788617886178863 0.16260162601626016
2 0.6646341463414634 0.7235772357723578 0.15447154471544716 0.16260162601626016
2 0.23577235772357727 0.7289972899728997 0.21544715447154475 0.5311653116531165
2 0.41768292682926833 0.8617886178861789 0.09146341463414635 0.16260162601626016
2 0.5386178861788619 0.34823848238482386 0.07723577235772358 0.04065040650406504
2 0.7113821138211383 0.11788617886178862 0.12195121951219513 0.24119241192411925
4 0.6168699186991871 0.6734417344173441 0.01829268292682927 0.024390243902439025
4 0.3658536585365854 0.5284552845528455 0.020325203252032523 0.02710027100271003
4 0.32418699186991873 0.462059620596206 0.05081300813008131 0.03523035230352303
4 0.3607723577235773 0.6720867208672087 0.010162601626016262 0.016260162601626015
4 0.33333333333333337 0.573170731707317 0.008130081300813009 0.013550135501355014
4 0.32621951219512196 0.4349593495934959 0.022357723577235776 0.018970189701897018