1 0.12804878048780488 0.7425474254742548 0.13821138211382114 0.2005420054200542
2 0.116869918699187 0.3956639566395664 0.18089430894308944 0.46612466124661245
3 0.019308943089430895 0.6991869918699187 0.01829268292682927 0.02168021680216802
3 0.020325203252032523 0.8401084010840109 0.03658536585365854 0.037940379403794036
3 0.3922764227642277 0.7547425474254743 0.020325203252032523 0.024390243902439025
3 0.7510162601626017 0.7520325203252033 0.022357723577235776 0.02981029810298103
3 0.8465447154471546 0.7859078590785907 0.022357723577235776 0.05962059620596206
3 0.8841463414634148 0.7615176151761518 0.04471544715447155 0.07588075880758807
3 0.06300813008130082 0.07588075880758807 0.05691056910569106 0.05420054200542006
2 0.334349593495935 0.37669376693766937 0.2378048780487805 0.15718157181571815
4 0.18800813008130082 0.6097560975609756 0.01829268292682927 0.02710027100271003
4 0.17479674796747968 0.559620596205962 0.032520325203252036 0.02981029810298103
4 0.3404471544715448 0.4281842818428184 0.026422764227642278 0.016260162601626015
4 0.4359756097560976 0.43360433604336046 0.022357723577235776 0.016260162601626015
4 0.40650406504065045 0.3821138211382114 0.06504065040650407 0.04878048780487805
4 0.350609756097561 0.3157181571815718 0.01829268292682927 0.018970189701897018
3 0.5010162601626017 0.3075880758807588 0.03861788617886179 0.06233062330623306
3 0.5203252032520326 0.2588075880758808 0.032520325203252036 0.051490514905149054
3 0.5914634146341464 0.4065040650406504 0.024390243902439025 0.037940379403794036
3 0.6392276422764228 0.3523035230352303 0.034552845528455285 0.02710027100271003
3 0.6554878048780488 0.2140921409214092 0.05487804878048781 0.05962059620596206
3 0.5792682926829269 0.35772357723577236 0.032520325203252036 0.03252032520325203
3 0.592479674796748 0.07452574525745258 0.026422764227642278 0.04065040650406504
3 0.7398373983739838 0.2696476964769648 0.032520325203252036 0.04607046070460705
3 0.9583333333333335 0.2953929539295393 0.034552845528455285 0.05420054200542006
3 0.9247967479674798 0.3252032520325203 0.02845528455284553 0.05962059620596206
3 0.946138211382114 0.3943089430894309 0.09959349593495936 0.04607046070460705
3 0.6412601626016261 0.505420054200542 0.022357723577235776 0.03523035230352303
3 0.986788617886179 0.6056910569105691 0.01829268292682927 0.04607046070460705
1 0.9197154471544716 0.5813008130081301 0.15243902439024393 0.33875338753387535
1 0.7439024390243903 0.6165311653116531 0.10975609756097562 0.11653116531165311