1 0.2559681697612732 0.8013698630136986 0.5013262599469496 0.2808219178082192
1 0.41379310344827586 0.5907534246575342 0.03713527851458886 0.08561643835616438
1 0.7877984084880636 0.6044520547945205 0.042440318302387266 0.05821917808219178
2 0.16312997347480104 0.4708904109589041 0.2891246684350132 0.3047945205479452
2 0.669761273209549 0.18664383561643835 0.4058355437665782 0.2363013698630137
2 0.9045092838196286 0.33732876712328763 0.15915119363395225 0.11301369863013698
3 0.7015915119363395 0.3476027397260274 0.023872679045092837 0.030821917808219176
4 0.6631299734748011 0.26883561643835613 0.015915119363395226 0.05136986301369863
4 0.7838196286472148 0.17465753424657532 0.023872679045092837 0.0273972602739726
4 0.8143236074270557 0.1780821917808219 0.015915119363395226 0.02054794520547945
4 0.5570291777188329 0.18493150684931506 0.015915119363395226 0.02054794520547945
4 0.506631299734748 0.17465753424657532 0.015915119363395226 0.02054794520547945