2 0.06162464985994398 0.29562043795620435 0.06722689075630252 0.11678832116788321
2 0.20728291316526612 0.15145985401459852 0.0896358543417367 0.08394160583941605
2 0.30532212885154064 0.12956204379562045 0.09523809523809523 0.08394160583941605
2 0.27871148459383754 0.25182481751824815 0.04201680672268908 0.058394160583941604
2 0.3389355742296919 0.21715328467153283 0.06722689075630252 0.08394160583941605
2 0.42857142857142855 0.3594890510948905 0.04481792717086835 0.05474452554744525
2 0.33053221288515405 0.5638686131386861 0.11764705882352941 0.34671532846715325
2 0.49859943977591037 0.6295620437956204 0.11764705882352941 0.15693430656934307
2 0.6526610644257703 0.7062043795620437 0.15126050420168066 0.15693430656934307
2 0.2380952380952381 0.7317518248175182 0.21288515406162464 0.5072992700729927
2 0.41876750700280113 0.8485401459854014 0.09243697478991597 0.15693430656934307
2 0.5210084033613446 0.35583941605839414 0.0784313725490196 0.040145985401459854
2 0.680672268907563 0.12956204379562045 0.12324929971988796 0.22992700729927007
4 0.6050420168067226 0.6587591240875912 0.022408963585434174 0.025547445255474453
4 0.3585434173669468 0.5364963503649635 0.022408963585434174 0.029197080291970802
4 0.31512605042016806 0.4744525547445255 0.05322128851540616 0.0364963503649635
4 0.35714285714285715 0.6715328467153284 0.014005602240896359 0.021897810218978103
4 0.3277310924369748 0.5784671532846715 0.011204481792717087 0.01824817518248175
4 0.3179271708683473 0.4489051094890511 0.025210084033613446 0.021897810218978103