2 0.4979674796747968 0.7913279132791328 0.08536585365853659 0.12466124661246612
2 0.9197154471544716 0.9092140921409214 0.15243902439024393 0.15989159891598917
2 0.9065040650406505 0.3170731707317073 0.1788617886178862 0.3794037940379404
2 0.2621951219512195 0.18834688346883469 0.17073170731707318 0.19241192411924118
2 0.04369918699186992 0.7560975609756098 0.09146341463414635 0.0921409214092141
3 0.5863821138211383 0.03116531165311653 0.022357723577235776 0.02981029810298103
4 0.24186991869918703 0.1897018970189702 0.02845528455284553 0.037940379403794036
4 0.29369918699187 0.18699186991869918 0.014227642276422765 0.02168021680216802
4 0.5030487804878049 0.7642276422764228 0.01829268292682927 0.03252032520325203
4 0.47967479674796754 0.7831978319783198 0.020325203252032523 0.016260162601626015
4 0.5142276422764228 0.8143631436314364 0.020325203252032523 0.04065040650406504
4 0.4888211382113822 0.8387533875338753 0.010162601626016262 0.018970189701897018
4 0.8739837398373985 0.8794037940379403 0.016260162601626018 0.018970189701897018
4 0.9593495934959351 0.3143631436314363 0.024390243902439025 0.02710027100271003
4 0.8607723577235773 0.26558265582655827 0.01829268292682927 0.02710027100271003
4 0.9126016260162603 0.2588075880758808 0.04878048780487805 0.08401084010840108
4 0.8871951219512196 0.3265582655826558 0.014227642276422765 0.018970189701897018
4 0.8434959349593497 0.15853658536585366 0.020325203252032523 0.018970189701897018