3 0.2530487804878049 0.06910569105691057 0.07520325203252033 0.04607046070460705
3 0.06808943089430895 0.2032520325203252 0.03861788617886179 0.02168021680216802
3 0.08333333333333334 0.3943089430894309 0.024390243902439025 0.03523035230352303
3 0.43292682926829273 0.23441734417344173 0.16666666666666669 0.12737127371273713
3 0.5497967479674797 0.26287262872628725 0.05894308943089432 0.06504065040650406
3 0.5782520325203253 0.3238482384823848 0.08739837398373984 0.07859078590785908
3 0.4857723577235773 0.4634146341463415 0.04878048780487805 0.037940379403794036
3 0.6554878048780488 0.9444444444444444 0.03861788617886179 0.04065040650406504
3 0.9166666666666667 0.7899728997289973 0.06097560975609757 0.06233062330623306
3 0.5792682926829269 0.8319783197831978 0.03658536585365854 0.02168021680216802
1 0.6310975609756099 0.4905149051490515 0.10365853658536586 0.04878048780487805
3 0.5792682926829269 0.12195121951219512 0.04065040650406505 0.037940379403794036