3 0.7448979591836734 0.9172297297297298 0.07653061224489795 0.05067567567567568
3 0.9260204081632653 0.7820945945945946 0.04081632653061224 0.02364864864864865
3 0.9107142857142856 0.5945945945945946 0.02551020408163265 0.04054054054054054
3 0.5637755102040816 0.7567567567567568 0.1683673469387755 0.1283783783783784
3 0.44897959183673464 0.7297297297297298 0.061224489795918366 0.06756756756756757
3 0.4196428571428571 0.668918918918919 0.08928571428571427 0.08108108108108109
3 0.5102040816326531 0.5304054054054055 0.0510204081632653 0.04054054054054054
3 0.33928571428571425 0.05912162162162163 0.04081632653061224 0.04391891891891892
3 0.08035714285714285 0.21452702702702703 0.06377551020408163 0.0641891891891892
3 0.41454081632653056 0.16891891891891891 0.038265306122448974 0.02702702702702703
1 0.36607142857142855 0.5050675675675675 0.10459183673469387 0.05067567567567568
3 0.4196428571428571 0.8682432432432433 0.04336734693877551 0.04054054054054054