3 0.2729528535980149 0.08038585209003216 0.07444168734491315 0.04501607717041801
3 0.09181141439205956 0.1945337620578778 0.03970223325062035 0.022508038585209004
3 0.09801488833746898 0.3729903536977492 0.02729528535980149 0.03858520900321544
3 0.4392059553349876 0.24758842443729903 0.16377171215880892 0.12218649517684887
3 0.5508684863523573 0.28135048231511256 0.05955334987593052 0.06109324758842444
3 0.575682382133995 0.3408360128617363 0.08436724565756824 0.07717041800643087
3 0.4813895781637717 0.4630225080385852 0.04962779156327543 0.03858520900321544
3 0.6253101736972705 0.9244372990353698 0.03970223325062035 0.04180064308681672
3 0.8821339950372209 0.7990353697749196 0.062034739454094295 0.06109324758842444
3 0.5570719602977667 0.815112540192926 0.03722084367245657 0.022508038585209004
1 0.6191066997518611 0.5 0.10173697270471464 0.04823151125401929
3 0.5843672456575683 0.15112540192926044 0.04218362282878412 0.03858520900321544