3 0.75 0.12068965517241378 0.07671957671957672 0.04827586206896552
3 0.9259259259259258 0.25689655172413794 0.042328042328042326 0.02413793103448276
3 0.9047619047619047 0.4379310344827586 0.026455026455026454 0.034482758620689655
3 0.5714285714285714 0.2689655172413793 0.164021164021164 0.12413793103448276
3 0.4576719576719577 0.28793103448275864 0.0582010582010582 0.06551724137931034
3 0.4272486772486772 0.3448275862068966 0.0873015873015873 0.07586206896551724
3 0.5132275132275133 0.4810344827586207 0.047619047619047616 0.03793103448275862
3 0.33465608465608465 0.9275862068965517 0.03968253968253968 0.041379310344827586
3 0.08597883597883597 0.7689655172413793 0.06084656084656084 0.06206896551724138
3 0.41137566137566134 0.8258620689655173 0.03968253968253968 0.02413793103448276
1 0.3716931216931217 0.5 0.10317460317460317 0.04827586206896552
3 0.43386243386243384 0.15344827586206897 0.042328042328042326 0.03793103448275862