3 0.624 0.06076388888888889 0.06933333333333333 0.10069444444444443
3 0.644 0.21354166666666666 0.024 0.03125
3 0.9186666666666666 0.21527777777777776 0.034666666666666665 0.034722222222222224
3 0.636 0.17881944444444445 0.024 0.03125
3 0.8866666666666666 0.20833333333333331 0.018666666666666665 0.05555555555555555
3 0.876 0.8107638888888888 0.04 0.05208333333333333
3 0.6826666666666666 0.7013888888888888 0.03733333333333333 0.027777777777777776
3 0.4693333333333333 0.6788194444444444 0.021333333333333333 0.03125
3 0.30933333333333335 0.6493055555555555 0.016 0.027777777777777776
3 0.504 0.90625 0.021333333333333333 0.020833333333333332
3 0.11866666666666666 0.9270833333333333 0.024 0.034722222222222224
3 0.244 0.9618055555555555 0.056 0.034722222222222224
3 0.16266666666666665 0.9375 0.064 0.05555555555555555
1 0.028 0.5625 0.024 0.027777777777777776