3 0.05984042553191489 0.2396551724137931 0.06648936170212766 0.05862068965517241
3 0.2646276595744681 0.5482758620689655 0.125 0.20689655172413793
3 0.3031914893617021 0.6551724137931034 0.05851063829787234 0.027586206896551724
3 0.3523936170212766 0.6637931034482758 0.0398936170212766 0.02413793103448276
3 0.7632978723404256 0.55 0.02127659574468085 0.05172413793103448
3 0.2101063829787234 0.7758620689655172 0.03723404255319149 0.041379310344827586
3 0.23404255319148937 0.7482758620689655 0.07446808510638298 0.041379310344827586
3 0.2180851063829787 0.7120689655172414 0.0425531914893617 0.03793103448275862
3 0.41356382978723405 0.7137931034482758 0.023936170212765957 0.020689655172413793
3 0.47606382978723405 0.7551724137931034 0.015957446808510637 0.027586206896551724
3 0.9401595744680851 0.7655172413793103 0.023936170212765957 0.020689655172413793
1 0.8497340425531915 0.15 0.045212765957446804 0.03793103448275862
3 0.4281914893617021 0.12241379310344827 0.02127659574468085 0.03103448275862069