3 0.0625 0.7567114093959731 0.06770833333333333 0.05704697986577181
3 0.2669270833333333 0.44798657718120805 0.12239583333333333 0.2046979865771812
3 0.3046875 0.34060402684563756 0.057291666666666664 0.030201342281879193
3 0.35416666666666663 0.33053691275167785 0.041666666666666664 0.02348993288590604
3 0.7643229166666666 0.44295302013422816 0.0234375 0.053691275167785234
3 0.20963541666666666 0.22147651006711408 0.0390625 0.040268456375838924
3 0.234375 0.2483221476510067 0.07291666666666666 0.040268456375838924
3 0.21875 0.28523489932885904 0.041666666666666664 0.03355704697986577
3 0.4140625 0.2802013422818792 0.026041666666666664 0.02348993288590604
3 0.47526041666666663 0.23993288590604026 0.018229166666666664 0.02348993288590604
3 0.9388020833333333 0.22483221476510068 0.0234375 0.020134228187919462
1 0.8502604166666666 0.837248322147651 0.04427083333333333 0.03691275167785235
3 0.43229166666666663 0.8674496644295302 0.020833333333333332 0.030201342281879193