3 0.3328729281767956 0.09430604982206406 0.06906077348066297 0.09608540925266904
3 0.3273480662983425 0.24377224199288255 0.024861878453038673 0.03202846975088968
3 0.055248618784530384 0.28113879003558717 0.03314917127071823 0.03558718861209964
3 0.330110497237569 0.2099644128113879 0.024861878453038673 0.028469750889679714
3 0.08701657458563536 0.2722419928825623 0.019337016574585635 0.05338078291814946
3 0.14502762430939226 0.8558718861209964 0.04143646408839779 0.05338078291814946
3 0.324585635359116 0.7241992882562277 0.03591160220994475 0.02491103202846975
3 0.5345303867403315 0.6725978647686832 0.019337016574585635 0.028469750889679714
3 0.6878453038674033 0.6245551601423487 0.016574585635359115 0.02491103202846975
3 0.5179558011049723 0.900355871886121 0.019337016574585635 0.021352313167259787
3 0.899171270718232 0.8701067615658362 0.024861878453038673 0.03202846975088968
3 0.7776243093922651 0.9217081850533807 0.058011049723756904 0.03558718861209964
3 0.8549723756906077 0.8843416370106761 0.06353591160220995 0.05338078291814946
1 0.9599447513812154 0.5017793594306049 0.024861878453038673 0.028469750889679714