3 0.03556910569105692 0.22764227642276422 0.06707317073170732 0.05962059620596206
3 0.2621951219512195 0.5433604336043361 0.12601626016260165 0.21951219512195122
3 0.3069105691056911 0.6558265582655827 0.05691056910569106 0.02710027100271003
3 0.3577235772357724 0.6612466124661247 0.04065040650406505 0.02168021680216802
3 0.7804878048780488 0.5094850948509485 0.020325203252032523 0.05420054200542006
3 0.2134146341463415 0.7899728997289973 0.03658536585365854 0.04065040650406504
3 0.2378048780487805 0.7601626016260162 0.07317073170731708 0.04065040650406504
3 0.21951219512195125 0.7222222222222222 0.04065040650406505 0.03523035230352303
3 0.4237804878048781 0.7113821138211383 0.022357723577235776 0.018970189701897018
3 0.48983739837398377 0.7493224932249323 0.016260162601626018 0.024390243902439025
3 0.9725609756097562 0.7276422764227642 0.022357723577235776 0.018970189701897018
1 0.8516260162601627 0.07588075880758807 0.04471544715447155 0.037940379403794036
3 0.41463414634146345 0.07723577235772358 0.020325203252032523 0.02981029810298103