3 0.25761772853185594 0.07169117647058823 0.07756232686980609 0.04779411764705882
3 0.07617728531855955 0.20404411764705882 0.04155124653739612 0.025735294117647058
3 0.09418282548476455 0.39338235294117646 0.027700831024930747 0.03676470588235294
3 0.4376731301939058 0.22977941176470587 0.16620498614958448 0.12867647058823528
3 0.554016620498615 0.25735294117647056 0.060941828254847646 0.0661764705882353
3 0.5817174515235457 0.3161764705882353 0.0886426592797784 0.08088235294117647
3 0.4916897506925208 0.4540441176470588 0.05263157894736842 0.04044117647058824
3 0.6634349030470914 0.9264705882352942 0.04155124653739612 0.044117647058823525
3 0.9210526315789473 0.7702205882352942 0.06371191135734072 0.0625
3 0.5872576177285319 0.8180147058823529 0.038781163434903045 0.025735294117647058
1 0.6371191135734072 0.48161764705882354 0.10526315789473684 0.051470588235294115
3 0.5817174515235457 0.11764705882352941 0.0443213296398892 0.044117647058823525