3 0.6510695187165775 0.054964539007092195 0.07219251336898395 0.10283687943262411
3 0.6617647058823529 0.21453900709219859 0.02406417112299465 0.031914893617021274
3 0.9438502673796791 0.23581560283687944 0.0374331550802139 0.03900709219858156
3 0.6564171122994652 0.17907801418439717 0.02406417112299465 0.031914893617021274
3 0.910427807486631 0.22695035460992907 0.01871657754010695 0.05673758865248227
3 0.8770053475935828 0.8546099290780141 0.0427807486631016 0.05673758865248227
3 0.6844919786096256 0.7269503546099291 0.0374331550802139 0.028368794326241134
3 0.4652406417112299 0.6879432624113475 0.0213903743315508 0.035460992907801414
3 0.3048128342245989 0.648936170212766 0.0160427807486631 0.028368794326241134
3 0.49331550802139035 0.9290780141843972 0.01871657754010695 0.02127659574468085
3 0.09759358288770052 0.9237588652482269 0.02406417112299465 0.03900709219858156
3 0.2245989304812834 0.9716312056737588 0.058823529411764705 0.035460992907801414
3 0.1443850267379679 0.9361702127659575 0.0641711229946524 0.05673758865248227
1 0.01871657754010695 0.5372340425531915 0.026737967914438502 0.031914893617021274