3 0.3455284552845529 0.9444444444444444 0.06910569105691057 0.1002710027100271
3 0.3323170731707317 0.7818428184281843 0.022357723577235776 0.02981029810298103
3 0.047764227642276426 0.7642276422764228 0.034552845528455285 0.03252032520325203
3 0.3384146341463415 0.8184281842818428 0.022357723577235776 0.02710027100271003
3 0.0813008130081301 0.7723577235772358 0.016260162601626018 0.05420054200542006
3 0.1128048780487805 0.13685636856368563 0.03861788617886179 0.051490514905149054
3 0.30792682926829273 0.26422764227642276 0.034552845528455285 0.024390243902439025
3 0.5274390243902439 0.3021680216802168 0.01829268292682927 0.02981029810298103
3 0.6900406504065041 0.34010840108401086 0.014227642276422765 0.024390243902439025
3 0.4989837398373984 0.058265582655826556 0.01829268292682927 0.018970189701897018
3 0.8973577235772359 0.05962059620596206 0.022357723577235776 0.03252032520325203
3 0.7682926829268294 0.013550135501355014 0.05691056910569106 0.03252032520325203
3 0.8506097560975611 0.04607046070460705 0.06300813008130082 0.05420054200542006
1 0.978658536585366 0.44986449864498645 0.022357723577235776 0.02710027100271003