3 0.93717277486911 0.24319727891156462 0.06806282722513089 0.057823129251700675
3 0.7277486910994765 0.5510204081632653 0.12565445026178013 0.21088435374149658
3 0.6884816753926702 0.6615646258503401 0.05759162303664922 0.030612244897959183
3 0.6387434554973822 0.6683673469387755 0.041884816753926704 0.023809523809523808
3 0.2238219895287958 0.5476190476190476 0.02356020942408377 0.05442176870748299
3 0.7827225130890053 0.782312925170068 0.03664921465968587 0.04081632653061224
3 0.7578534031413613 0.7551020408163265 0.07591623036649216 0.04081632653061224
3 0.774869109947644 0.7193877551020408 0.041884816753926704 0.03741496598639456
3 0.5759162303664922 0.7193877551020408 0.02617801047120419 0.023809523809523808
3 0.5117801047120419 0.7585034013605442 0.018324607329842934 0.027210884353741496
3 0.044502617801047126 0.7636054421768708 0.02617801047120419 0.023809523809523808
1 0.14267015706806283 0.141156462585034 0.044502617801047126 0.03741496598639456
3 0.5654450261780105 0.12074829931972789 0.020942408376963352 0.030612244897959183