3 0.03353658536585366 0.7425474254742548 0.06707317073170732 0.05962059620596206
3 0.2601626016260163 0.4268292682926829 0.12601626016260165 0.21951219512195122
3 0.30487804878048785 0.3143631436314363 0.05691056910569106 0.02710027100271003
3 0.3556910569105691 0.3089430894308943 0.04065040650406505 0.02168021680216802
3 0.7784552845528456 0.46070460704607047 0.020325203252032523 0.05420054200542006
3 0.21138211382113822 0.1802168021680217 0.03658536585365854 0.04065040650406504
3 0.23577235772357727 0.21002710027100271 0.07317073170731708 0.04065040650406504
3 0.21747967479674798 0.24796747967479674 0.04065040650406505 0.03523035230352303
3 0.42174796747967486 0.2588075880758808 0.022357723577235776 0.018970189701897018
3 0.48780487804878053 0.22086720867208673 0.016260162601626018 0.024390243902439025
3 0.9705284552845529 0.24254742547425473 0.022357723577235776 0.018970189701897018
1 0.8495934959349595 0.8943089430894309 0.04471544715447155 0.037940379403794036
3 0.4126016260162602 0.8929539295392954 0.020325203252032523 0.02981029810298103