3 0.03353658536585366 0.25203252032520324 0.06707317073170732 0.05962059620596206
3 0.2601626016260163 0.5677506775067751 0.12601626016260165 0.21951219512195122
3 0.30487804878048785 0.6802168021680217 0.05691056910569106 0.02710027100271003
3 0.3556910569105691 0.6856368563685636 0.04065040650406505 0.02168021680216802
3 0.7784552845528456 0.5338753387533876 0.020325203252032523 0.05420054200542006
3 0.21138211382113822 0.8143631436314364 0.03658536585365854 0.04065040650406504
3 0.23577235772357727 0.7845528455284553 0.07317073170731708 0.04065040650406504
3 0.21747967479674798 0.7466124661246613 0.04065040650406505 0.03523035230352303
3 0.42174796747967486 0.7357723577235772 0.022357723577235776 0.018970189701897018
3 0.48780487804878053 0.7737127371273713 0.016260162601626018 0.024390243902439025
3 0.9705284552845529 0.7520325203252033 0.022357723577235776 0.018970189701897018
1 0.8495934959349595 0.1002710027100271 0.04471544715447155 0.037940379403794036
3 0.4126016260162602 0.1016260162601626 0.020325203252032523 0.02981029810298103