3 0.2367886178861789 0.07181571815718157 0.07520325203252033 0.04607046070460705
3 0.05182926829268293 0.20596205962059622 0.03861788617886179 0.02168021680216802
3 0.06707317073170732 0.3970189701897019 0.024390243902439025 0.03523035230352303
3 0.4166666666666667 0.23712737127371275 0.16666666666666669 0.12737127371273713
3 0.5335365853658537 0.26558265582655827 0.05894308943089432 0.06504065040650406
3 0.5619918699186992 0.3265582655826558 0.08739837398373984 0.07859078590785908
3 0.46951219512195125 0.46612466124661245 0.04878048780487805 0.037940379403794036
3 0.6392276422764228 0.9471544715447154 0.03861788617886179 0.04065040650406504
3 0.9004065040650407 0.7926829268292683 0.06097560975609757 0.06233062330623306
3 0.5630081300813009 0.8346883468834688 0.03658536585365854 0.02168021680216802
1 0.6148373983739838 0.4932249322493225 0.10365853658536586 0.04878048780487805
3 0.5630081300813009 0.12466124661246612 0.04065040650406505 0.037940379403794036