3 0.9553571428571428 0.28716216216216217 0.06887755102040816 0.060810810810810814
3 0.7270408163265305 0.5929054054054055 0.12755102040816327 0.2195945945945946
3 0.6823979591836734 0.7043918918918919 0.0586734693877551 0.030405405405405407
3 0.6313775510204082 0.7077702702702703 0.04336734693877551 0.02364864864864865
3 0.2155612244897959 0.5523648648648649 0.022959183673469385 0.057432432432432436
3 0.774234693877551 0.8361486486486487 0.038265306122448974 0.04391891891891892
3 0.7499999999999999 0.8074324324324325 0.07653061224489795 0.04054054054054054
3 0.7691326530612245 0.7702702702702703 0.04336734693877551 0.04054054054054054
3 0.5663265306122448 0.7567567567567568 0.02551020408163265 0.02027027027027027
3 0.5012755102040816 0.793918918918919 0.017857142857142856 0.02702702702702703
3 0.022959183673469385 0.7635135135135136 0.02551020408163265 0.02027027027027027
1 0.14795918367346939 0.125 0.04591836734693877 0.04054054054054054
3 0.5803571428571428 0.13344594594594594 0.022959183673469385 0.030405405405405407