3 0.6634615384615385 0.8890845070422535 0.06868131868131869 0.09507042253521127
3 0.6675824175824177 0.7411971830985916 0.02197802197802198 0.03169014084507042
3 0.9354395604395606 0.698943661971831 0.03571428571428572 0.03169014084507042
3 0.6634615384615385 0.7746478873239436 0.024725274725274728 0.028169014084507043
3 0.9052197802197803 0.7095070422535211 0.019230769230769232 0.0528169014084507
3 0.8406593406593407 0.13732394366197184 0.038461538461538464 0.04929577464788733
3 0.6634615384615385 0.2693661971830986 0.03571428571428572 0.024647887323943664
3 0.45741758241758246 0.323943661971831 0.019230769230769232 0.028169014084507043
3 0.3076923076923077 0.3732394366197183 0.016483516483516484 0.028169014084507043
3 0.4711538461538462 0.10035211267605634 0.019230769230769232 0.017605633802816902
3 0.09615384615384616 0.13908450704225353 0.02197802197802198 0.03169014084507042
3 0.21565934065934067 0.08450704225352113 0.057692307692307696 0.035211267605633804
3 0.13873626373626374 0.12147887323943662 0.0631868131868132 0.0528169014084507
1 0.03983516483516484 0.5 0.024725274725274728 0.028169014084507043