3 0.6504065040650407 0.9471544715447154 0.06910569105691057 0.1002710027100271
3 0.6636178861788619 0.7845528455284553 0.022357723577235776 0.02981029810298103
3 0.9481707317073171 0.7669376693766937 0.034552845528455285 0.03252032520325203
3 0.6575203252032521 0.8211382113821138 0.022357723577235776 0.02710027100271003
3 0.9146341463414636 0.7750677506775068 0.016260162601626018 0.05420054200542006
3 0.883130081300813 0.13956639566395665 0.03861788617886179 0.051490514905149054
3 0.6880081300813009 0.2669376693766938 0.034552845528455285 0.024390243902439025
3 0.46849593495934966 0.3048780487804878 0.01829268292682927 0.02981029810298103
3 0.30589430894308944 0.3428184281842818 0.014227642276422765 0.024390243902439025
3 0.4969512195121952 0.06097560975609756 0.01829268292682927 0.018970189701897018
3 0.09857723577235773 0.06233062330623306 0.022357723577235776 0.03252032520325203
3 0.22764227642276424 0.016260162601626015 0.05691056910569106 0.03252032520325203
3 0.14532520325203255 0.04878048780487805 0.06300813008130082 0.05420054200542006
1 0.017276422764227643 0.45257452574525747 0.022357723577235776 0.02710027100271003