3 0.2552910052910053 0.09059233449477352 0.07671957671957672 0.04878048780487805
3 0.07539682539682539 0.22822299651567945 0.03968253968253968 0.024390243902439025
3 0.09259259259259259 0.41289198606271776 0.026455026455026454 0.03832752613240418
3 0.4325396825396825 0.24738675958188153 0.16666666666666666 0.1254355400696864
3 0.548941798941799 0.2700348432055749 0.06084656084656084 0.06620209059233449
3 0.578042328042328 0.32926829268292684 0.0873015873015873 0.08013937282229965
3 0.4880952380952381 0.46689895470383275 0.05026455026455026 0.041811846689895474
3 0.664021164021164 0.9285714285714286 0.042328042328042326 0.04529616724738676
3 0.9179894179894179 0.7700348432055749 0.06349206349206349 0.0627177700348432
3 0.5873015873015872 0.8205574912891986 0.037037037037037035 0.024390243902439025
1 0.6322751322751322 0.4895470383275261 0.10582010582010581 0.05226480836236934
3 0.5740740740740741 0.13240418118466898 0.042328042328042326 0.041811846689895474