2 0.9217479674796749 0.11517615176151762 0.15243902439024393 0.23035230352303523
2 0.3089430894308943 0.16937669376693767 0.1951219512195122 0.2086720867208672
2 0.29776422764227645 0.521680216802168 0.16869918699186995 0.25203252032520324
2 0.44308943089430897 0.8089430894308943 0.15447154471544716 0.3008130081300813
2 0.3465447154471545 0.8780487804878049 0.11991869918699188 0.11924119241192412
2 0.9522357723577237 0.7913279132791328 0.09146341463414635 0.3143631436314363
2 0.2876016260162602 0.6924119241192412 0.1443089430894309 0.051490514905149054
4 0.48780487804878053 0.7655826558265583 0.016260162601626018 0.018970189701897018
4 0.49593495934959353 0.9336043360433605 0.012195121951219513 0.018970189701897018
4 0.43495934959349597 0.8319783197831978 0.012195121951219513 0.02168021680216802
4 0.4573170731707318 0.8699186991869918 0.016260162601626018 0.02168021680216802
4 0.25508130081300817 0.6775067750677507 0.014227642276422765 0.016260162601626015
4 0.33333333333333337 0.6097560975609756 0.012195121951219513 0.02168021680216802
4 0.9319105691056911 0.8523035230352304 0.01829268292682927 0.024390243902439025
4 0.9756097560975611 0.07452574525745258 0.012195121951219513 0.018970189701897018
4 0.9603658536585367 0.06233062330623306 0.014227642276422765 0.016260162601626015
4 0.9593495934959351 0.09620596205962059 0.012195121951219513 0.013550135501355014