3 0.6191066997518611 0.2756410256410256 0.12158808933002481 0.07051282051282051
3 0.7841191066997518 0.3221153846153846 0.03970223325062035 0.041666666666666664
2 0.7555831265508685 0.8846153846153846 0.1315136476426799 0.1923076923076923
4 0.7109181141439206 0.8509615384615384 0.02729528535980149 0.022435897435897436
3 0.41687344913151364 0.8205128205128205 0.024813895781637715 0.019230769230769232
3 0.10669975186104218 0.0641025641025641 0.14392059553349876 0.04487179487179487
3 0.3746898263027295 0.04326923076923077 0.09925558312655086 0.041666666666666664
3 0.5397022332506204 0.21955128205128205 0.05707196029776675 0.08653846153846154
3 0.5607940446650124 0.15705128205128205 0.02977667493796526 0.038461538461538464
3 0.7208436724565757 0.6362179487179487 0.022332506203473945 0.028846153846153844
3 0.7531017369727047 0.6698717948717948 0.022332506203473945 0.02564102564102564