3 0.1278772378516624 0.1726384364820847 0.1483375959079284 0.1693811074918567
3 0.6764705882352942 0.7068403908794788 0.13554987212276215 0.13680781758957655
3 0.581841432225064 0.7117263843648208 0.0741687979539642 0.055374592833876225
3 0.7097186700767264 0.4625407166123779 0.05882352941176471 0.07817589576547232
2 0.4028132992327366 0.6384364820846906 0.329923273657289 0.19543973941368079
4 0.329923273657289 0.5635179153094463 0.030690537084398978 0.026058631921824105
3 0.30051150895140666 0.8110749185667753 0.023017902813299233 0.03257328990228013
3 0.30946291560102307 0.8485342019543974 0.025575447570332484 0.02280130293159609
3 0.870843989769821 0.7149837133550488 0.04347826086956522 0.02280130293159609
3 0.6381074168797954 0.8762214983713356 0.023017902813299233 0.026058631921824105
3 0.8196930946291561 0.8566775244299675 0.023017902813299233 0.026058631921824105
3 0.7915601023017903 0.8664495114006515 0.03324808184143223 0.013029315960912053