1 0.861788617886179 0.4078590785907859 0.052845528455284556 0.08401084010840108
1 0.5040650406504066 0.8360433604336044 0.3170731707317074 0.24119241192411925
2 0.24186991869918703 0.8482384823848238 0.17479674796747968 0.1842818428184282
2 0.1717479674796748 0.35501355013550134 0.11178861788617887 0.20596205962059622
2 0.4979674796747968 0.43089430894308944 0.1829268292682927 0.14634146341463414
2 0.649390243902439 0.2764227642276423 0.11178861788617887 0.31978319783197834
2 0.6056910569105691 0.09078590785907859 0.11382113821138212 0.06775067750677506
2 0.83739837398374 0.7710027100271003 0.10975609756097562 0.27371273712737126
4 0.8160569105691058 0.7018970189701897 0.026422764227642278 0.02710027100271003
4 0.8282520325203253 0.7926829268292683 0.01829268292682927 0.024390243902439025
4 0.8414634146341464 0.8346883468834688 0.012195121951219513 0.016260162601626015
4 0.5020325203252033 0.4173441734417344 0.016260162601626018 0.02168021680216802
4 0.44817073170731714 0.494579945799458 0.014227642276422765 0.013550135501355014
4 0.18089430894308944 0.37533875338753386 0.016260162601626018 0.024390243902439025
4 0.1829268292682927 0.3983739837398374 0.012195121951219513 0.016260162601626015
2 0.08841463414634147 0.1016260162601626 0.10772357723577237 0.07859078590785908