3 0.878048780487805 0.14634146341463414 0.15447154471544716 0.1842818428184282
3 0.3353658536585366 0.8008130081300813 0.14227642276422767 0.14905149051490515
3 0.43495934959349597 0.7953929539295393 0.07723577235772358 0.056910569105691054
3 0.28252032520325204 0.535230352303523 0.06097560975609757 0.08401084010840108
2 0.6189024390243903 0.6924119241192412 0.34756097560975613 0.2140921409214092
4 0.6910569105691058 0.6016260162601627 0.02845528455284553 0.02710027100271003
3 0.7388211382113822 0.8726287262872628 0.022357723577235776 0.03252032520325203
3 0.7317073170731708 0.9132791327913279 0.024390243902439025 0.02168021680216802
3 0.13109756097560976 0.8319783197831978 0.042682926829268296 0.02168021680216802
3 0.3871951219512196 0.983739837398374 0.022357723577235776 0.02710027100271003
3 0.19410569105691058 0.9823848238482384 0.022357723577235776 0.024390243902439025
3 0.225609756097561 0.9905149051490515 0.032520325203252036 0.013550135501355014