3 0.37017994858611825 0.7289562289562289 0.12339331619537275 0.0707070707070707
3 0.20179948586118251 0.6868686868686869 0.038560411311053984 0.0404040404040404
2 0.2210796915167095 0.10606060606060605 0.13367609254498714 0.19865319865319864
4 0.2647814910025707 0.13973063973063973 0.025706940874035987 0.02356902356902357
3 0.5655526992287917 0.15993265993265993 0.025706940874035987 0.016835016835016835
3 0.8958868894601542 0.9309764309764309 0.14652956298200512 0.050505050505050504
3 0.6233933161953727 0.9595959595959596 0.10025706940874035 0.04713804713804714
3 0.4524421593830334 0.7828282828282828 0.056555269922879174 0.09090909090909091
3 0.4318766066838046 0.8518518518518519 0.030848329048843187 0.0404040404040404
3 0.25964010282776345 0.36026936026936024 0.02056555269922879 0.026936026936026935
3 0.2262210796915167 0.3282828282828283 0.025706940874035987 0.02356902356902357