1 0.1505235602094241 0.5408163265306122 0.0549738219895288 0.08163265306122448
1 0.5104712041884817 0.15986394557823128 0.3089005235602094 0.2312925170068027
2 0.7630890052356022 0.16666666666666666 0.17015706806282724 0.17687074829931973
2 0.8115183246073299 0.6326530612244897 0.1099476439790576 0.19727891156462585
2 0.5013089005235603 0.5408163265306122 0.18062827225130892 0.14285714285714285
2 0.35078534031413616 0.6751700680272109 0.1099476439790576 0.30272108843537415
2 0.3861256544502618 0.8537414965986394 0.11256544502617802 0.06802721088435373
2 0.18717277486910996 0.20068027210884354 0.10732984293193717 0.2585034013605442
4 0.2054973821989529 0.2670068027210884 0.02879581151832461 0.030612244897959183
4 0.19633507853403143 0.18027210884353742 0.020942408376963352 0.027210884353741496
4 0.18586387434554974 0.141156462585034 0.015706806282722516 0.017006802721088433
4 0.4960732984293194 0.5527210884353742 0.018324607329842934 0.023809523809523808
4 0.5523560209424084 0.4846938775510204 0.015706806282722516 0.017006802721088433
4 0.8049738219895288 0.6122448979591837 0.018324607329842934 0.027210884353741496
4 0.8036649214659687 0.5901360544217686 0.015706806282722516 0.017006802721088433
2 0.8835078534031414 0.8758503401360543 0.10732984293193717 0.0782312925170068