3 0.032981530343007916 0.046875 0.05013192612137203 0.03819444444444444
3 0.048812664907651716 0.08159722222222222 0.029023746701846966 0.03125
2 0.3496042216358839 0.10763888888888888 0.5567282321899736 0.18055555555555555
2 0.4538258575197889 0.6527777777777778 0.24802110817941952 0.3611111111111111
4 0.5329815303430079 0.0625 0.021108179419525065 0.027777777777777776
4 0.5184696569920844 0.6666666666666666 0.055408970976253295 0.16666666666666666
4 0.5554089709762533 0.6840277777777778 0.018469656992084433 0.048611111111111105
4 0.5686015831134564 0.6197916666666666 0.018469656992084433 0.024305555555555552
3 0.23482849604221634 0.6788194444444444 0.0316622691292876 0.03125
3 0.8139841688654353 0.5868055555555555 0.029023746701846966 0.027777777777777776
3 0.5910290237467019 0.5069444444444444 0.02638522427440633 0.034722222222222224
3 0.5857519788918205 0.4704861111111111 0.021108179419525065 0.024305555555555552
3 0.5857519788918205 0.578125 0.04221635883905013 0.03819444444444444
3 0.49736147757255933 0.3333333333333333 0.05013192612137203 0.05555555555555555
3 0.6187335092348285 0.1892361111111111 0.03430079155672823 0.04513888888888889
3 0.7651715039577837 0.1423611111111111 0.021108179419525065 0.027777777777777776
3 0.6609498680738786 0.13194444444444445 0.029023746701846966 0.027777777777777776