1 0.8342175066312997 0.3084745762711864 0.023872679045092837 0.04067796610169491
1 0.22546419098143236 0.4813559322033898 0.403183023872679 0.2305084745762712
1 0.6339522546419097 0.48983050847457626 0.22811671087533156 0.12542372881355932
4 0.2718832891246684 0.5169491525423728 0.029177718832891244 0.030508474576271184
4 0.13527851458885942 0.5389830508474576 0.021220159151193633 0.03389830508474576
4 0.286472148541114 0.4949152542372881 0.021220159151193633 0.020338983050847456
4 0.35278514588859416 0.4542372881355932 0.02652519893899204 0.020338983050847456
4 0.34615384615384615 0.4271186440677966 0.029177718832891244 0.02711864406779661
4 0.41114058355437666 0.3711864406779661 0.021220159151193633 0.023728813559322035
2 0.23872679045092837 0.6898305084745763 0.07957559681697612 0.09152542372881356
4 0.2572944297082228 0.6745762711864407 0.010610079575596816 0.020338983050847456