1 0.14173228346456693 0.3976109215017065 0.026246719160104987 0.04436860068259386
1 0.7650918635170604 0.552901023890785 0.4120734908136483 0.23890784982935154
1 0.35039370078740156 0.5767918088737202 0.2335958005249344 0.12969283276450513
4 0.7191601049868767 0.5887372013651877 0.026246719160104987 0.030716723549488054
4 0.8595800524934383 0.6075085324232082 0.023622047244094488 0.034129692832764506
4 0.7034120734908136 0.5665529010238908 0.02099737532808399 0.020477815699658702
4 0.6351706036745407 0.5290102389078498 0.026246719160104987 0.020477815699658702
4 0.6404199475065617 0.5 0.031496062992125984 0.023890784982935155
4 0.5721784776902887 0.4453924914675768 0.02099737532808399 0.023890784982935155
2 0.7572178477690289 0.7679180887372014 0.08136482939632546 0.09556313993174062
4 0.7375328083989501 0.7542662116040956 0.010498687664041995 0.020477815699658702