2 0.8628048780487806 0.8685636856368564 0.15243902439024393 0.23035230352303523
2 0.25 0.8143631436314364 0.1951219512195122 0.2086720867208672
2 0.23882113821138215 0.462059620596206 0.16869918699186995 0.25203252032520324
2 0.3841463414634147 0.17479674796747968 0.15447154471544716 0.3008130081300813
2 0.2876016260162602 0.10569105691056911 0.11991869918699188 0.11924119241192412
2 0.8932926829268294 0.19241192411924118 0.09146341463414635 0.3143631436314363
2 0.2286585365853659 0.29132791327913277 0.1443089430894309 0.051490514905149054
4 0.4288617886178862 0.2181571815718157 0.016260162601626018 0.018970189701897018
4 0.43699186991869926 0.05013550135501355 0.012195121951219513 0.018970189701897018
4 0.37601626016260165 0.15176151761517614 0.012195121951219513 0.02168021680216802
4 0.39837398373983746 0.11382113821138211 0.016260162601626018 0.02168021680216802
4 0.19613821138211385 0.3062330623306233 0.014227642276422765 0.016260162601626015
4 0.27439024390243905 0.37398373983739835 0.012195121951219513 0.02168021680216802
4 0.8729674796747968 0.13143631436314362 0.01829268292682927 0.024390243902439025
4 0.9166666666666667 0.9092140921409214 0.012195121951219513 0.018970189701897018
4 0.9014227642276423 0.9214092140921409 0.014227642276422765 0.016260162601626015
4 0.9004065040650407 0.8875338753387534 0.012195121951219513 0.013550135501355014