1 0.1046747967479675 0.33062330623306235 0.022357723577235776 0.04336043360433604
1 0.7540650406504066 0.45528455284552843 0.42276422764227645 0.24932249322493225
1 0.32621951219512196 0.5067750677506775 0.2378048780487805 0.13550135501355012
4 0.7083333333333334 0.497289972899729 0.026422764227642278 0.02981029810298103
4 0.853658536585366 0.5094850948509485 0.020325203252032523 0.03252032520325203
4 0.6910569105691058 0.47560975609756095 0.020325203252032523 0.018970189701897018
4 0.6189024390243903 0.44037940379403795 0.026422764227642278 0.018970189701897018
4 0.6239837398373984 0.4078590785907859 0.02845528455284553 0.024390243902439025
4 0.551829268292683 0.35501355013550134 0.01829268292682927 0.02168021680216802
2 0.7540650406504066 0.6856368563685636 0.0813008130081301 0.0975609756097561
4 0.7327235772357724 0.6707317073170732 0.010162601626016262 0.018970189701897018