3 0.878048780487805 0.8482384823848238 0.15447154471544716 0.1842818428184282
3 0.3353658536585366 0.1937669376693767 0.14227642276422767 0.14905149051490515
3 0.43495934959349597 0.1991869918699187 0.07723577235772358 0.056910569105691054
3 0.28252032520325204 0.45934959349593496 0.06097560975609757 0.08401084010840108
2 0.6189024390243903 0.3021680216802168 0.34756097560975613 0.2140921409214092
4 0.6910569105691058 0.39295392953929537 0.02845528455284553 0.02710027100271003
3 0.7388211382113822 0.12195121951219512 0.022357723577235776 0.03252032520325203
3 0.7317073170731708 0.08130081300813008 0.024390243902439025 0.02168021680216802
3 0.13109756097560976 0.16260162601626016 0.042682926829268296 0.02168021680216802
3 0.3871951219512196 0.01084010840108401 0.022357723577235776 0.02710027100271003
3 0.19410569105691058 0.012195121951219513 0.022357723577235776 0.024390243902439025
3 0.225609756097561 0.004065040650406504 0.032520325203252036 0.013550135501355014