1 0.8054187192118226 0.40664556962025317 0.054187192118226604 0.07911392405063292
1 0.48891625615763545 0.8275316455696202 0.30295566502463056 0.22468354430379747
2 0.24014778325123154 0.8607594936708861 0.16995073891625617 0.17088607594936708
2 0.1477832512315271 0.4177215189873418 0.10837438423645321 0.18987341772151897
2 0.4618226600985222 0.4588607594936709 0.1748768472906404 0.13924050632911392
2 0.5985221674876847 0.30537974683544306 0.10837438423645321 0.29430379746835444
2 0.5467980295566502 0.13924050632911392 0.10837438423645321 0.06329113924050633
2 0.8004926108374384 0.740506329113924 0.10837438423645321 0.25316455696202533
4 0.7770935960591133 0.6787974683544303 0.027093596059113302 0.028481012658227847
4 0.7931034482758621 0.7594936708860759 0.019704433497536946 0.02531645569620253
4 0.8078817733990148 0.7974683544303798 0.014778325123152709 0.0189873417721519
4 0.4642857142857143 0.4462025316455696 0.017241379310344827 0.02531645569620253
4 0.41748768472906406 0.5205696202531646 0.017241379310344827 0.015822784810126583
4 0.15886699507389163 0.43670886075949367 0.017241379310344827 0.02531645569620253
4 0.16133004926108374 0.45569620253164556 0.012315270935960592 0.0189873417721519
2 0.05665024630541872 0.1930379746835443 0.10344827586206896 0.0759493670886076