2 0.8300492610837439 0.11146496815286625 0.1477832512315271 0.21656050955414013
2 0.24507389162561577 0.2054140127388535 0.1896551724137931 0.1942675159235669
2 0.24876847290640394 0.5334394904458599 0.1625615763546798 0.23885350318471338
2 0.4002463054187192 0.7882165605095541 0.15024630541871922 0.28343949044585987
2 0.3103448275862069 0.8598726114649682 0.11822660098522167 0.11464968152866242
2 0.8866995073891626 0.7356687898089173 0.08866995073891626 0.2929936305732484
2 0.24753694581280788 0.6910828025477708 0.14039408866995073 0.050955414012738856
4 0.4408866995073892 0.7452229299363058 0.019704433497536946 0.019108280254777073
4 0.45566502463054187 0.9012738853503185 0.014778325123152709 0.019108280254777073
4 0.39408866995073893 0.8105095541401274 0.014778325123152709 0.02229299363057325
4 0.41625615763546797 0.8455414012738854 0.019704433497536946 0.02229299363057325
4 0.21551724137931036 0.6815286624203822 0.017241379310344827 0.019108280254777073
4 0.2869458128078818 0.6130573248407644 0.012315270935960592 0.02229299363057325
4 0.8694581280788177 0.7929936305732485 0.019704433497536946 0.025477707006369428
4 0.8793103448275862 0.07006369426751592 0.014778325123152709 0.019108280254777073
4 0.8633004926108374 0.06050955414012739 0.017241379310344827 0.019108280254777073
4 0.8645320197044335 0.09076433121019109 0.014778325123152709 0.01592356687898089