3 0.8902439024390245 0.8644986449864499 0.15447154471544716 0.1842818428184282
3 0.34756097560975613 0.21002710027100271 0.14227642276422767 0.14905149051490515
3 0.4471544715447155 0.21544715447154472 0.07723577235772358 0.056910569105691054
3 0.29471544715447157 0.47560975609756095 0.06097560975609757 0.08401084010840108
2 0.6310975609756099 0.31842818428184283 0.34756097560975613 0.2140921409214092
4 0.7032520325203253 0.4092140921409214 0.02845528455284553 0.02710027100271003
3 0.7510162601626017 0.13821138211382114 0.022357723577235776 0.03252032520325203
3 0.7439024390243903 0.0975609756097561 0.024390243902439025 0.02168021680216802
3 0.14329268292682928 0.17886178861788618 0.042682926829268296 0.02168021680216802
3 0.39939024390243905 0.02710027100271003 0.022357723577235776 0.02710027100271003
3 0.2063008130081301 0.028455284552845527 0.022357723577235776 0.024390243902439025
3 0.2378048780487805 0.02032520325203252 0.032520325203252036 0.013550135501355014