3 0.8299748110831234 0.8491803278688524 0.15365239294710328 0.17704918032786884
3 0.3236775818639798 0.2 0.1385390428211587 0.14426229508196722
3 0.4193954659949622 0.21147540983606558 0.07808564231738035 0.05573770491803279
3 0.26448362720403024 0.45081967213114754 0.060453400503778336 0.08196721311475409
2 0.5957178841309824 0.319672131147541 0.34005037783375314 0.20655737704918034
4 0.6624685138539043 0.4081967213114754 0.030226700251889168 0.029508196721311476
3 0.716624685138539 0.1540983606557377 0.022670025188916875 0.03278688524590164
3 0.7115869017632241 0.11639344262295082 0.027707808564231738 0.022950819672131147
3 0.12720403022670024 0.16229508196721312 0.042821158690176324 0.022950819672131147
3 0.3790931989924433 0.03114754098360656 0.022670025188916875 0.029508196721311476
3 0.19269521410579343 0.022950819672131147 0.022670025188916875 0.02622950819672131
3 0.2229219143576826 0.014754098360655738 0.0327455919395466 0.01639344262295082