3 0.0375 0.14630225080385853 0.045 0.03536977491961415
3 0.05375 0.18006430868167203 0.0275 0.03215434083601286
2 0.34500000000000003 0.18810289389067525 0.54 0.17041800643086816
2 0.465 0.6945337620578778 0.24 0.3408360128617363
4 0.52125 0.13183279742765272 0.0175 0.02572347266881029
4 0.5275 0.7057877813504823 0.055 0.15755627009646303
4 0.56375 0.7186495176848875 0.0175 0.04823151125401929
4 0.5750000000000001 0.657556270096463 0.015 0.022508038585209004
3 0.2525 0.7331189710610932 0.03 0.02572347266881029
3 0.81 0.6109324758842444 0.03 0.02572347266881029
3 0.5925 0.5498392282958199 0.025 0.03215434083601286
3 0.58625 0.5176848874598071 0.0225 0.02572347266881029
3 0.58875 0.6189710610932476 0.0425 0.03536977491961415
3 0.49625 0.39228295819935693 0.0475 0.05144694533762058
3 0.60875 0.2491961414790997 0.0325 0.04180064308681672
3 0.75 0.19614147909967847 0.02 0.02572347266881029
3 0.64875 0.19131832797427653 0.0275 0.022508038585209004