1 0.13215258855585832 0.42730496453900707 0.024523160762942777 0.04609929078014184
1 0.7670299727520435 0.5141843971631206 0.41144414168937327 0.24113475177304963
1 0.3528610354223433 0.5833333333333334 0.2316076294277929 0.13120567375886524
4 0.723433242506812 0.5549645390070922 0.02997275204359673 0.031914893617021274
4 0.8651226158038147 0.5602836879432624 0.024523160762942777 0.035460992907801414
4 0.7057220708446866 0.5354609929078014 0.021798365122615803 0.02127659574468085
4 0.6348773841961852 0.5070921985815603 0.027247956403269755 0.02127659574468085
4 0.6389645776566757 0.47517730496453897 0.02997275204359673 0.028368794326241134
4 0.5681198910081744 0.42730496453900707 0.01907356948228883 0.024822695035460994
2 0.773841961852861 0.7322695035460993 0.08174386920980926 0.09574468085106383
4 0.7520435967302452 0.7198581560283688 0.010899182561307902 0.02127659574468085