3 0.057926829268292686 0.03929539295392954 0.0467479674796748 0.03523035230352303
3 0.07215447154471545 0.07723577235772358 0.026422764227642278 0.02981029810298103
2 0.37804878048780494 0.11246612466124661 0.5650406504065041 0.18157181571815717
2 0.475609756097561 0.6747967479674797 0.24796747967479676 0.3685636856368564
4 0.5650406504065041 0.06910569105691057 0.016260162601626018 0.024390243902439025
4 0.5406504065040652 0.6910569105691057 0.052845528455284556 0.16802168021680217
4 0.5782520325203253 0.7100271002710027 0.014227642276422765 0.04878048780487805
4 0.592479674796748 0.6449864498644986 0.014227642276422765 0.02168021680216802
3 0.2520325203252033 0.6964769647696477 0.02845528455284553 0.02710027100271003
3 0.8414634146341464 0.6165311653116531 0.02845528455284553 0.024390243902439025
3 0.6168699186991871 0.5284552845528455 0.022357723577235776 0.03252032520325203
3 0.6117886178861789 0.491869918699187 0.020325203252032523 0.024390243902439025
3 0.6097560975609757 0.6029810298102981 0.04065040650406505 0.03523035230352303
3 0.524390243902439 0.34823848238482386 0.04878048780487805 0.051490514905149054
3 0.6504065040650407 0.2032520325203252 0.032520325203252036 0.04336043360433604
3 0.7997967479674798 0.15853658536585366 0.01829268292682927 0.024390243902439025
3 0.6941056910569107 0.14498644986449866 0.026422764227642278 0.024390243902439025