1 0.8272357723577237 0.42953929539295393 0.052845528455284556 0.08401084010840108
1 0.46951219512195125 0.8577235772357723 0.3170731707317074 0.24119241192411925
2 0.20731707317073172 0.8699186991869918 0.17479674796747968 0.1842818428184282
2 0.13719512195121952 0.37669376693766937 0.11178861788617887 0.20596205962059622
2 0.4634146341463415 0.45257452574525747 0.1829268292682927 0.14634146341463414
2 0.6148373983739838 0.2981029810298103 0.11178861788617887 0.31978319783197834
2 0.5711382113821138 0.11246612466124661 0.11382113821138212 0.06775067750677506
2 0.8028455284552847 0.7926829268292683 0.10975609756097562 0.27371273712737126
4 0.7815040650406505 0.7235772357723578 0.026422764227642278 0.02710027100271003
4 0.79369918699187 0.8143631436314364 0.01829268292682927 0.024390243902439025
4 0.8069105691056911 0.8563685636856369 0.012195121951219513 0.016260162601626015
4 0.467479674796748 0.43902439024390244 0.016260162601626018 0.02168021680216802
4 0.41361788617886186 0.516260162601626 0.014227642276422765 0.013550135501355014
4 0.14634146341463417 0.3970189701897019 0.016260162601626018 0.024390243902439025
4 0.1483739837398374 0.42005420054200543 0.012195121951219513 0.016260162601626015
2 0.05386178861788619 0.12330623306233063 0.10772357723577237 0.07859078590785908