2 0.0741869918699187 0.8794037940379403 0.15243902439024393 0.23035230352303523
2 0.6869918699186992 0.8252032520325203 0.1951219512195122 0.2086720867208672
2 0.6981707317073171 0.47289972899729 0.16869918699186995 0.25203252032520324
2 0.5528455284552846 0.1856368563685637 0.15447154471544716 0.3008130081300813
2 0.649390243902439 0.11653116531165311 0.11991869918699188 0.11924119241192412
2 0.04369918699186992 0.2032520325203252 0.09146341463414635 0.3143631436314363
2 0.7083333333333334 0.3021680216802168 0.1443089430894309 0.051490514905149054
4 0.508130081300813 0.22899728997289973 0.016260162601626018 0.018970189701897018
4 0.5 0.06097560975609756 0.012195121951219513 0.018970189701897018
4 0.5609756097560976 0.16260162601626016 0.012195121951219513 0.02168021680216802
4 0.5386178861788619 0.12466124661246612 0.016260162601626018 0.02168021680216802
4 0.7408536585365855 0.3170731707317073 0.014227642276422765 0.016260162601626015
4 0.6626016260162603 0.38482384823848237 0.012195121951219513 0.02168021680216802
4 0.06402439024390244 0.14227642276422764 0.01829268292682927 0.024390243902439025
4 0.020325203252032523 0.9200542005420054 0.012195121951219513 0.018970189701897018
4 0.03556910569105692 0.9322493224932249 0.014227642276422765 0.016260162601626015
4 0.03658536585365854 0.8983739837398373 0.012195121951219513 0.013550135501355014