3 0.051351351351351354 0.017605633802816902 0.04864864864864865 0.035211267605633804
3 0.06486486486486487 0.0545774647887324 0.02702702702702703 0.03169014084507042
2 0.35945945945945945 0.10211267605633803 0.5513513513513514 0.17605633802816903
2 0.4364864864864865 0.6408450704225352 0.24054054054054055 0.35211267605633806
4 0.5418918918918919 0.0721830985915493 0.01891891891891892 0.024647887323943664
4 0.5 0.6584507042253521 0.05405405405405406 0.1619718309859155
4 0.5351351351351352 0.6795774647887324 0.016216216216216217 0.04929577464788733
4 0.5513513513513514 0.6179577464788732 0.016216216216216217 0.024647887323943664
3 0.2202702702702703 0.647887323943662 0.02972972972972973 0.028169014084507043
3 0.7932432432432432 0.6038732394366197 0.02972972972972973 0.024647887323943664
3 0.577027027027027 0.5088028169014085 0.024324324324324326 0.03169014084507042
3 0.572972972972973 0.4735915492957747 0.021621621621621623 0.024647887323943664
3 0.568918918918919 0.5792253521126761 0.04054054054054054 0.03873239436619719
3 0.49324324324324326 0.33274647887323944 0.051351351351351354 0.0528169014084507
3 0.6202702702702703 0.20246478873239437 0.03513513513513514 0.045774647887323945
3 0.7662162162162163 0.16901408450704225 0.01891891891891892 0.028169014084507043
3 0.6635135135135135 0.14964788732394366 0.02972972972972973 0.024647887323943664