3 0.3770325203252033 0.7452574525745257 0.12398373983739838 0.07046070460704607
3 0.20426829268292684 0.7086720867208672 0.03861788617886179 0.04065040650406504
2 0.209349593495935 0.1016260162601626 0.13414634146341464 0.2032520325203252
4 0.25609756097560976 0.13550135501355012 0.024390243902439025 0.02168021680216802
3 0.5640243902439025 0.14363143631436315 0.022357723577235776 0.016260162601626015
3 0.9217479674796749 0.9336043360433605 0.1483739837398374 0.04607046070460705
3 0.6432926829268293 0.975609756097561 0.09959349593495936 0.04336043360433604
3 0.4634146341463415 0.7994579945799458 0.05691056910569106 0.0921409214092141
3 0.4441056910569106 0.8699186991869918 0.030487804878048783 0.037940379403794036
3 0.25609756097560976 0.36585365853658536 0.020325203252032523 0.02710027100271003
3 0.22052845528455287 0.3333333333333333 0.022357723577235776 0.02168021680216802