2 0.88375 0.11093247588424437 0.1475 0.21543408360128616
2 0.30125 0.20739549839228297 0.1875 0.19614147909967847
2 0.30625 0.5321543408360129 0.1625 0.23472668810289388
2 0.4575 0.7861736334405145 0.15 0.2797427652733119
2 0.36875 0.8569131832797428 0.11750000000000001 0.11254019292604502
2 0.9425 0.7315112540192926 0.09 0.29260450160771706
2 0.305 0.6913183279742765 0.14 0.05144694533762058
4 0.49875 0.7427652733118971 0.0175 0.01929260450160772
4 0.515 0.8971061093247589 0.015 0.01929260450160772
4 0.4525 0.8086816720257235 0.015 0.022508038585209004
4 0.47500000000000003 0.8408360128617364 0.02 0.022508038585209004
4 0.27375 0.680064308681672 0.0175 0.01607717041800643
4 0.34500000000000003 0.612540192926045 0.015 0.022508038585209004
4 0.9275 0.7877813504823151 0.02 0.02572347266881029
4 0.9325 0.06913183279742766 0.015 0.022508038585209004
4 0.9175 0.0594855305466238 0.015 0.01607717041800643
4 0.9175 0.09163987138263666 0.015 0.01607717041800643