1 0.8597560975609757 0.4186991869918699 0.052845528455284556 0.08401084010840108
1 0.5020325203252033 0.8468834688346883 0.3170731707317074 0.24119241192411925
2 0.23983739837398377 0.8590785907859079 0.17479674796747968 0.1842818428184282
2 0.16971544715447157 0.36585365853658536 0.11178861788617887 0.20596205962059622
2 0.49593495934959353 0.44173441734417346 0.1829268292682927 0.14634146341463414
2 0.6473577235772359 0.2872628726287263 0.11178861788617887 0.31978319783197834
2 0.603658536585366 0.1016260162601626 0.11382113821138212 0.06775067750677506
2 0.8353658536585367 0.7818428184281843 0.10975609756097562 0.27371273712737126
4 0.8140243902439025 0.7127371273712737 0.026422764227642278 0.02710027100271003
4 0.826219512195122 0.8035230352303523 0.01829268292682927 0.024390243902439025
4 0.8394308943089431 0.8455284552845529 0.012195121951219513 0.016260162601626015
4 0.5 0.4281842818428184 0.016260162601626018 0.02168021680216802
4 0.44613821138211385 0.505420054200542 0.014227642276422765 0.013550135501355014
4 0.1788617886178862 0.3861788617886179 0.016260162601626018 0.024390243902439025
4 0.18089430894308944 0.4092140921409214 0.012195121951219513 0.016260162601626015
2 0.08638211382113822 0.11246612466124661 0.10772357723577237 0.07859078590785908