2 0.9198966408268734 0.15151515151515152 0.14987080103359174 0.2222222222222222
2 0.32170542635658916 0.17508417508417506 0.1937984496124031 0.20202020202020202
2 0.3023255813953489 0.5084175084175084 0.165374677002584 0.2424242424242424
2 0.43540051679586567 0.7878787878787878 0.1524547803617571 0.2895622895622896
2 0.3385012919896641 0.8501683501683501 0.11886304909560724 0.11784511784511784
2 0.9302325581395349 0.7962962962962963 0.09302325581395349 0.29966329966329963
2 0.28811369509043927 0.67003367003367 0.1421188630490956 0.05387205387205387
4 0.47932816537467704 0.7491582491582491 0.018087855297157625 0.02356902356902357
4 0.4832041343669251 0.9090909090909091 0.015503875968992248 0.0202020202020202
4 0.42635658914728686 0.8097643097643097 0.015503875968992248 0.02356902356902357
4 0.44832041343669254 0.8468013468013468 0.018087855297157625 0.02356902356902357
4 0.2558139534883721 0.6548821548821548 0.015503875968992248 0.016835016835016835
4 0.33333333333333337 0.5942760942760943 0.015503875968992248 0.02356902356902357
4 0.9095607235142119 0.8518518518518519 0.020671834625323 0.026936026936026935
4 0.9728682170542636 0.11616161616161616 0.012919896640826874 0.02356902356902357
4 0.9586563307493541 0.10437710437710437 0.015503875968992248 0.0202020202020202
4 0.9560723514211886 0.13636363636363635 0.015503875968992248 0.016835016835016835