3 0.6615853658536586 0.24932249322493225 0.12398373983739838 0.07046070460704607
3 0.8343495934959351 0.2859078590785908 0.03861788617886179 0.04065040650406504
2 0.8292682926829269 0.8929539295392954 0.13414634146341464 0.2032520325203252
4 0.7825203252032521 0.8590785907859079 0.024390243902439025 0.02168021680216802
3 0.4745934959349594 0.8509485094850948 0.022357723577235776 0.016260162601626015
3 0.116869918699187 0.06097560975609756 0.1483739837398374 0.04607046070460705
3 0.3953252032520326 0.018970189701897018 0.09959349593495936 0.04336043360433604
3 0.5752032520325204 0.1951219512195122 0.05691056910569106 0.0921409214092141
3 0.5945121951219513 0.12466124661246612 0.030487804878048783 0.037940379403794036
3 0.7825203252032521 0.6287262872628726 0.020325203252032523 0.02710027100271003
3 0.8180894308943091 0.6612466124661247 0.022357723577235776 0.02168021680216802