3 0.6189839572192513 0.734982332155477 0.12566844919786097 0.0706713780918728
3 0.7874331550802138 0.696113074204947 0.040106951871657755 0.04240282685512367
2 0.7767379679144385 0.10247349823321554 0.13636363636363635 0.20494699646643108
4 0.729946524064171 0.13604240282685512 0.026737967914438502 0.024734982332155476
3 0.4264705882352941 0.15017667844522967 0.02406417112299465 0.0176678445229682
3 0.08288770053475936 0.9293286219081272 0.1497326203208556 0.04946996466431095
3 0.3582887700534759 0.9664310954063604 0.1016042780748663 0.045936395759717315
3 0.53475935828877 0.7897526501766784 0.058823529411764705 0.09540636042402827
3 0.553475935828877 0.8586572438162544 0.0320855614973262 0.04240282685512367
3 0.7339572192513368 0.3621908127208481 0.02406417112299465 0.03180212014134275
3 0.7687165775401069 0.3303886925795053 0.02406417112299465 0.024734982332155476