3 0.3881401617250674 0.7368421052631579 0.12398921832884098 0.07017543859649122
3 0.2196765498652291 0.7087719298245614 0.04043126684636119 0.042105263157894736
2 0.20619946091644206 0.13508771929824562 0.1320754716981132 0.1929824561403509
4 0.2533692722371968 0.1649122807017544 0.026954177897574125 0.021052631578947368
3 0.5512129380053908 0.156140350877193 0.02425876010781671 0.017543859649122806
3 0.9218328840970351 0.887719298245614 0.14555256064690028 0.04912280701754386
3 0.6522911051212938 0.9421052631578948 0.09703504043126684 0.0456140350877193
3 0.4730458221024259 0.7824561403508772 0.05660377358490566 0.0912280701754386
3 0.4555256064690027 0.8508771929824561 0.03234501347708895 0.03859649122807018
3 0.2587601078167116 0.3824561403508772 0.0215633423180593 0.028070175438596492
3 0.22237196765498654 0.3526315789473684 0.02425876010781671 0.02456140350877193