1 0.8639705882352942 0.7390625000000001 0.022058823529411763 0.040625
1 0.26348039215686275 0.5609375 0.3995098039215686 0.22812500000000002
1 0.6666666666666666 0.5593750000000001 0.22549019607843138 0.125
4 0.31004901960784315 0.5281250000000001 0.02696078431372549 0.03125
4 0.17401960784313725 0.5015625 0.0196078431372549 0.034375
4 0.3247549019607843 0.5484375 0.022058823529411763 0.021875000000000002
4 0.38848039215686275 0.5875 0.02696078431372549 0.018750000000000003
4 0.38235294117647056 0.6156250000000001 0.029411764705882353 0.025
4 0.446078431372549 0.6703125000000001 0.0196078431372549 0.021875000000000002
2 0.2769607843137255 0.35468750000000004 0.0784313725490196 0.09062500000000001
4 0.2977941176470588 0.37031250000000004 0.012254901960784314 0.021875000000000002