3 0.0233739837398374 0.017615176151761516 0.0467479674796748 0.03523035230352303
3 0.037601626016260166 0.05555555555555555 0.026422764227642278 0.02981029810298103
2 0.3434959349593496 0.09078590785907859 0.5650406504065041 0.18157181571815717
2 0.44105691056910573 0.6531165311653117 0.24796747967479676 0.3685636856368564
4 0.5304878048780488 0.04742547425474255 0.016260162601626018 0.024390243902439025
4 0.5060975609756098 0.6693766937669376 0.052845528455284556 0.16802168021680217
4 0.54369918699187 0.6883468834688347 0.014227642276422765 0.04878048780487805
4 0.5579268292682927 0.6233062330623306 0.014227642276422765 0.02168021680216802
3 0.21747967479674798 0.6747967479674797 0.02845528455284553 0.02710027100271003
3 0.8069105691056911 0.5948509485094851 0.02845528455284553 0.024390243902439025
3 0.5823170731707318 0.5067750677506775 0.022357723577235776 0.03252032520325203
3 0.5772357723577236 0.470189701897019 0.020325203252032523 0.024390243902439025
3 0.5752032520325204 0.5813008130081301 0.04065040650406505 0.03523035230352303
3 0.48983739837398377 0.3265582655826558 0.04878048780487805 0.051490514905149054
3 0.6158536585365855 0.18157181571815717 0.032520325203252036 0.04336043360433604
3 0.7652439024390245 0.13685636856368563 0.01829268292682927 0.024390243902439025
3 0.6595528455284554 0.12330623306233063 0.026422764227642278 0.024390243902439025