1 0.8109452736318408 0.582258064516129 0.05472636815920398 0.08064516129032258
1 0.4825870646766169 0.1596774193548387 0.30845771144278605 0.22903225806451613
2 0.2300995024875622 0.13064516129032258 0.17164179104477612 0.1774193548387097
2 0.14427860696517414 0.5887096774193549 0.10945273631840796 0.1967741935483871
2 0.4626865671641791 0.5370967741935484 0.1791044776119403 0.13870967741935483
2 0.6019900497512438 0.6903225806451613 0.10945273631840796 0.3032258064516129
2 0.5534825870646766 0.8629032258064516 0.11194029850746269 0.06774193548387097
2 0.8009950248756219 0.2403225806451613 0.10945273631840796 0.26129032258064516
4 0.7773631840796019 0.3032258064516129 0.02736318407960199 0.025806451612903226
4 0.7935323383084577 0.21935483870967742 0.01990049751243781 0.025806451612903226
4 0.8072139303482587 0.18064516129032257 0.01243781094527363 0.01935483870967742
4 0.4651741293532338 0.55 0.01990049751243781 0.02258064516129032
4 0.4166666666666667 0.47580645161290325 0.017412935323383085 0.016129032258064516
4 0.15422885572139303 0.5709677419354838 0.01990049751243781 0.025806451612903226
4 0.15671641791044777 0.5483870967741935 0.014925373134328358 0.01935483870967742
2 0.055970149253731345 0.8209677419354838 0.10696517412935323 0.07419354838709677