3 0.11548223350253806 0.8506711409395973 0.1548223350253807 0.18456375838926173
3 0.6459390862944162 0.19966442953020133 0.1446700507614213 0.15100671140939598
3 0.5469543147208121 0.2080536912751678 0.07868020304568528 0.060402684563758385
3 0.700507614213198 0.4597315436241611 0.06091370558375634 0.087248322147651
2 0.36548223350253806 0.31208053691275167 0.34517766497461927 0.21476510067114093
4 0.29568527918781723 0.401006711409396 0.032994923857868015 0.030201342281879193
3 0.24619289340101522 0.13758389261744966 0.025380710659898477 0.03355704697986577
3 0.25253807106598986 0.09731543624161074 0.027918781725888322 0.026845637583892617
3 0.8477157360406091 0.16610738255033558 0.04568527918781726 0.02348993288590604
3 0.5926395939086294 0.02181208053691275 0.02284263959390863 0.030201342281879193
3 0.7842639593908629 0.020134228187919462 0.025380710659898477 0.026845637583892617
3 0.7512690355329948 0.01174496644295302 0.035532994923857864 0.016778523489932886