3 0.02357320099255583 0.07395498392282958 0.04714640198511166 0.03858520900321544
3 0.038461538461538464 0.10932475884244373 0.02729528535980149 0.03215434083601286
2 0.3337468982630273 0.12218649517684887 0.5483870967741935 0.17363344051446944
2 0.4478908188585608 0.6446945337620579 0.24069478908188585 0.3504823151125402
4 0.5124069478908189 0.0707395498392283 0.017369727047146403 0.02572347266881029
4 0.511166253101737 0.6559485530546624 0.05459057071960298 0.1607717041800643
4 0.5483870967741935 0.6720257234726688 0.01488833746898263 0.05144694533762058
4 0.5595533498759305 0.6093247588424437 0.017369727047146403 0.022508038585209004
3 0.23325062034739455 0.6784565916398714 0.02977667493796526 0.02572347266881029
3 0.7990074441687345 0.5691318327974276 0.02977667493796526 0.02572347266881029
3 0.5781637717121588 0.5 0.024813895781637715 0.03536977491961415
3 0.5719602977667494 0.4662379421221865 0.022332506203473945 0.02572347266881029
3 0.5744416873449132 0.5707395498392283 0.04218362282878412 0.03536977491961415
3 0.4838709677419355 0.33440514469453375 0.04962779156327543 0.05144694533762058
3 0.6004962779156328 0.19292604501607716 0.034739454094292806 0.04501607717041801
3 0.7419354838709677 0.1414790996784566 0.019851116625310174 0.02572347266881029
3 0.6401985111662531 0.13504823151125403 0.02977667493796526 0.02572347266881029