3 0.8776315789473684 0.15505226480836237 0.15526315789473683 0.18466898954703834
3 0.33289473684210524 0.7926829268292683 0.14473684210526316 0.14982578397212543
3 0.43157894736842106 0.789198606271777 0.07894736842105263 0.059233449477351915
3 0.28421052631578947 0.5313588850174216 0.06315789473684211 0.08710801393728224
2 0.6157894736842106 0.6898954703832753 0.34736842105263155 0.21602787456445993
4 0.6868421052631579 0.6010452961672473 0.031578947368421054 0.0313588850174216
3 0.7328947368421053 0.8693379790940766 0.02368421052631579 0.03832752613240418
3 0.725 0.9076655052264808 0.02894736842105263 0.024390243902439025
3 0.13026315789473683 0.8205574912891986 0.04473684210526316 0.024390243902439025
3 0.38289473684210523 0.9738675958188153 0.02368421052631579 0.0313588850174216
3 0.19210526315789472 0.9686411149825784 0.02631578947368421 0.027874564459930314
3 0.22236842105263158 0.9773519163763066 0.034210526315789476 0.017421602787456445