1 0.8606138107416881 0.659322033898305 0.023017902813299233 0.04406779661016949
1 0.2161125319693095 0.5457627118644067 0.421994884910486 0.25084745762711863
1 0.6406649616368287 0.48813559322033895 0.23785166240409208 0.13559322033898305
4 0.26214833759590794 0.5033898305084745 0.02813299232736573 0.030508474576271184
4 0.11636828644501279 0.49322033898305084 0.023017902813299233 0.03728813559322034
4 0.27877237851662406 0.523728813559322 0.020460358056265986 0.023728813559322035
4 0.350383631713555 0.5576271186440678 0.030690537084398978 0.023728813559322035
4 0.3452685421994885 0.5898305084745763 0.030690537084398978 0.02711864406779661
4 0.41687979539641945 0.6423728813559322 0.020460358056265986 0.023728813559322035
2 0.21483375959079284 0.31864406779661014 0.08184143222506395 0.10169491525423728
4 0.23657289002557547 0.33220338983050846 0.012787723785166242 0.020338983050847456