1 0.8150134048257373 0.4529616724738676 0.05361930294906166 0.08362369337979095
1 0.4571045576407507 0.8327526132404182 0.30831099195710454 0.22996515679442509
2 0.2037533512064343 0.8275261324041812 0.17158176943699732 0.17770034843205576
2 0.15415549597855227 0.3606271777003484 0.10991957104557641 0.1986062717770035
2 0.46514745308310995 0.4529616724738676 0.17962466487935658 0.13937282229965156
2 0.6152815013404825 0.3153310104529617 0.10991957104557641 0.30313588850174217
2 0.5804289544235925 0.13937282229965156 0.10991957104557641 0.06968641114982578
2 0.7801608579088471 0.7926829268292683 0.10723860589812333 0.2613240418118467
4 0.7613941018766757 0.7264808362369338 0.02680965147453083 0.0313588850174216
4 0.7694369973190349 0.8118466898954704 0.021447721179624665 0.027874564459930314
4 0.7815013404825737 0.8519163763066202 0.013404825737265416 0.017421602787456445
4 0.4691689008042896 0.44076655052264807 0.0160857908847185 0.024390243902439025
4 0.4155495978552279 0.5087108013937283 0.0160857908847185 0.013937282229965157
4 0.16219839142091153 0.3797909407665505 0.01876675603217158 0.027874564459930314
4 0.16219839142091153 0.4024390243902439 0.013404825737265416 0.017421602787456445
2 0.08176943699731903 0.11846689895470383 0.10455764075067024 0.07665505226480836