1 0.6581508515815085 0.6594427244582044 0.0705596107055961 0.06811145510835914
2 0.7627737226277372 0.8157894736842106 0.45498783454987834 0.20743034055727555
2 0.08394160583941607 0.9628482972136223 0.05596107055961071 0.061919504643962855
2 0.14598540145985403 0.8173374613003096 0.10705596107055962 0.1609907120743034
2 0.12408759124087591 0.5804953560371517 0.18491484184914841 0.25077399380804954
2 0.3515815085158151 0.608359133126935 0.26034063260340634 0.34984520123839014
2 0.354014598540146 0.3761609907120743 0.17274939172749393 0.08978328173374614
2 0.0827250608272506 0.21826625386996906 0.15085158150851583 0.25696594427244585
2 0.45255474452554745 0.14396284829721362 0.15571776155717762 0.1888544891640867
0 0.20802919708029197 0.2321981424148607 0.39659367396593675 0.30959752321981426
4 0.7299270072992701 0.7275541795665635 0.029197080291970802 0.03715170278637771
4 0.7335766423357665 0.7662538699690403 0.0170316301703163 0.027863777089783284
4 0.7579075425790754 0.7662538699690403 0.0170316301703163 0.021671826625386997
4 0.7858880778588808 0.7708978328173375 0.014598540145985401 0.018575851393188854
4 0.7311435523114356 0.7941176470588236 0.0170316301703163 0.015479876160990714
4 0.7518248175182481 0.8142414860681115 0.014598540145985401 0.02476780185758514
4 0.12530413625304138 0.5882352941176471 0.021897810218978103 0.018575851393188854
4 0.26277372262773724 0.6346749226006192 0.019464720194647202 0.018575851393188854
4 0.2749391727493917 0.5572755417956656 0.014598540145985401 0.018575851393188854
4 0.038929440389294405 0.5325077399380805 0.014598540145985401 0.018575851393188854
4 0.3710462287104623 0.3792569659442725 0.0170316301703163 0.021671826625386997