1 0.6420911528150134 0.29965156794425085 0.07238605898123325 0.06968641114982578
2 0.7332439678284183 0.11846689895470383 0.4691689008042896 0.21602787456445993
2 0.028150134048257374 0.08536585365853659 0.05630026809651475 0.06620209059233449
2 0.10589812332439678 0.22473867595818817 0.10991957104557641 0.17073170731707318
2 0.10857908847184987 0.4738675958188153 0.19034852546916892 0.26480836236933797
2 0.3378016085790885 0.4059233449477352 0.2680965147453083 0.36585365853658536
2 0.3632707774798928 0.6463414634146342 0.17962466487935658 0.09407665505226481
2 0.10455764075067024 0.8554006968641115 0.1554959785522788 0.2682926829268293
2 0.4879356568364611 0.8693379790940766 0.16085790884718498 0.1986062717770035
0 0.23056300268096516 0.8205574912891986 0.4075067024128686 0.3240418118466899
4 0.7091152815013405 0.21602787456445993 0.029490616621983913 0.041811846689895474
4 0.7091152815013405 0.17770034843205576 0.01876675603217158 0.027874564459930314
4 0.7332439678284183 0.16898954703832753 0.01876675603217158 0.024390243902439025
4 0.7613941018766757 0.16202090592334495 0.0160857908847185 0.017421602787456445
4 0.7024128686327078 0.1480836236933798 0.0160857908847185 0.017421602787456445
4 0.7211796246648794 0.12195121951219512 0.0160857908847185 0.027874564459930314
4 0.10857908847184987 0.46689895470383275 0.02412868632707775 0.020905923344947737
4 0.24396782841823056 0.39372822299651566 0.021447721179624665 0.020905923344947737
4 0.26541554959785524 0.4721254355400697 0.0160857908847185 0.017421602787456445
4 0.02680965147453083 0.5383275261324042 0.0160857908847185 0.024390243902439025
4 0.38069705093833783 0.6411149825783972 0.0160857908847185 0.020905923344947737