3 0.8567073170731708 0.9281842818428184 0.09552845528455285 0.13279132791327913
3 0.8932926829268294 0.6517615176151762 0.0467479674796748 0.06233062330623306
3 0.5101626016260163 0.3008130081300813 0.04065040650406505 0.04878048780487805
3 0.3231707317073171 0.959349593495935 0.04878048780487805 0.05420054200542006
3 0.5162601626016261 0.058265582655826556 0.020325203252032523 0.02981029810298103
3 0.6097560975609757 0.21138211382113822 0.04878048780487805 0.03252032520325203
3 0.19613821138211385 0.11788617886178862 0.0467479674796748 0.02981029810298103
3 0.3150406504065041 0.1951219512195122 0.02845528455284553 0.02710027100271003
3 0.3252032520325204 0.44579945799457993 0.020325203252032523 0.04065040650406504
3 0.32926829268292684 0.2750677506775068 0.024390243902439025 0.04065040650406504
3 0.2672764227642277 0.8970189701897019 0.05081300813008131 0.02168021680216802
3 0.37500000000000006 0.8672086720867209 0.026422764227642278 0.03252032520325203