3 0.3119918699186992 0.575880758807588 0.05081300813008131 0.2032520325203252
3 0.2144308943089431 0.5149051490514905 0.07520325203252033 0.14092140921409213
3 0.5010162601626017 0.5948509485094851 0.05081300813008131 0.056910569105691054
3 0.9654471544715448 0.8387533875338753 0.04065040650406505 0.04065040650406504
3 0.8800813008130082 0.8441734417344173 0.04065040650406505 0.04065040650406504
3 0.28963414634146345 0.8672086720867209 0.034552845528455285 0.037940379403794036
3 0.31300813008130085 0.9850948509485095 0.020325203252032523 0.018970189701897018
3 0.4126016260162602 0.6246612466124661 0.05691056910569106 0.12737127371273713
3 0.861788617886179 0.012195121951219513 0.03658536585365854 0.024390243902439025
3 0.45833333333333337 0.21002710027100271 0.034552845528455285 0.03523035230352303
3 0.28658536585365857 0.11653116531165311 0.02845528455284553 0.02710027100271003
3 0.1595528455284553 0.4051490514905149 0.022357723577235776 0.04607046070460705
3 0.30284552845528456 0.17615176151761516 0.02845528455284553 0.02710027100271003
3 0.12703252032520326 0.37262872628726285 0.034552845528455285 0.018970189701897018