3 0.7728531855955678 0.46236559139784944 0.1994459833795014 0.12186379928315412
3 0.8282548476454293 0.36379928315412186 0.060941828254847646 0.06810035842293907
3 0.8725761772853186 0.24193548387096775 0.027700831024930747 0.04659498207885305
3 0.40443213296398894 0.30286738351254483 0.0997229916897507 0.08243727598566308
3 0.3767313019390582 0.3978494623655914 0.038781163434903045 0.035842293906810034
3 0.3254847645429363 0.3225806451612903 0.030470914127423823 0.02867383512544803
3 0.22437673130193905 0.2956989247311828 0.0332409972299169 0.03942652329749104
2 0.37257617728531855 0.12365591397849462 0.14681440443213298 0.11827956989247312
4 0.3476454293628809 0.15053763440860216 0.030470914127423823 0.043010752688172046
4 0.40443213296398894 0.13978494623655913 0.0332409972299169 0.02867383512544803
1 0.3518005540166205 0.3727598566308244 0.038781163434903045 0.02867383512544803