3 0.6671159029649596 0.4087719298245614 0.05121293800539084 0.1929824561403509
3 0.7628032345013478 0.4614035087719298 0.07547169811320756 0.1368421052631579
3 0.4838274932614556 0.4 0.05121293800539084 0.056140350877192984
3 0.026954177897574125 0.19649122807017544 0.0431266846361186 0.042105263157894736
3 0.1091644204851752 0.18596491228070175 0.04043126684636119 0.042105263157894736
3 0.679245283018868 0.13157894736842105 0.03773584905660378 0.03859649122807018
3 0.6522911051212938 0.021052631578947368 0.0215633423180593 0.021052631578947368
3 0.5673854447439354 0.3666666666666667 0.05660377358490566 0.12280701754385966
3 0.15363881401617252 0.9701754385964912 0.03773584905660378 0.02456140350877193
3 0.5363881401617251 0.7614035087719299 0.03773584905660378 0.03508771929824561
3 0.7048517520215634 0.8421052631578948 0.02964959568733154 0.028070175438596492
3 0.8207547169811321 0.5614035087719298 0.02425876010781671 0.04912280701754386
3 0.6886792452830189 0.7859649122807018 0.02964959568733154 0.028070175438596492
3 0.8517520215633424 0.5894736842105264 0.03773584905660378 0.021052631578947368