3 0.10873983739837399 0.06368563685636856 0.09552845528455285 0.13279132791327913
3 0.07215447154471545 0.34010840108401086 0.0467479674796748 0.06233062330623306
3 0.4552845528455285 0.6910569105691057 0.04065040650406505 0.04878048780487805
3 0.6422764227642277 0.03252032520325203 0.04878048780487805 0.05420054200542006
3 0.44918699186991873 0.9336043360433605 0.020325203252032523 0.02981029810298103
3 0.3556910569105691 0.7804878048780488 0.04878048780487805 0.03252032520325203
3 0.769308943089431 0.8739837398373984 0.0467479674796748 0.02981029810298103
3 0.6504065040650407 0.7967479674796748 0.02845528455284553 0.02710027100271003
3 0.6402439024390244 0.5460704607046071 0.020325203252032523 0.04065040650406504
3 0.6361788617886179 0.7168021680216802 0.024390243902439025 0.04065040650406504
3 0.6981707317073171 0.0948509485094851 0.05081300813008131 0.02168021680216802
3 0.5904471544715448 0.12466124661246612 0.026422764227642278 0.03252032520325203