3 0.7825203252032521 0.44037940379403795 0.20325203252032523 0.12737127371273713
3 0.8363821138211383 0.33062330623306235 0.05894308943089432 0.07046070460704607
3 0.8770325203252033 0.19647696476964768 0.026422764227642278 0.04607046070460705
3 0.3922764227642277 0.2981029810298103 0.10162601626016261 0.08672086720867209
3 0.3689024390243903 0.4010840108401084 0.03861788617886179 0.03252032520325203
3 0.31300813008130085 0.3238482384823848 0.02845528455284553 0.02981029810298103
3 0.2063008130081301 0.3035230352303523 0.030487804878048783 0.037940379403794036
2 0.35162601626016265 0.10840108401084012 0.15040650406504066 0.12466124661246612
4 0.3272357723577236 0.13956639566395665 0.02845528455284553 0.04065040650406504
4 0.38617886178861793 0.12330623306233063 0.032520325203252036 0.024390243902439025
1 0.342479674796748 0.37669376693766937 0.03861788617886179 0.02710027100271003