3 0.7912371134020618 0.4407894736842105 0.1958762886597938 0.11842105263157894
3 0.8492268041237113 0.5345394736842105 0.059278350515463915 0.06907894736842105
3 0.8943298969072164 0.6513157894736842 0.02577319587628866 0.046052631578947366
3 0.4329896907216495 0.606907894736842 0.0979381443298969 0.08223684210526315
3 0.40335051546391754 0.5164473684210527 0.03865979381443299 0.03289473684210526
3 0.3556701030927835 0.5921052631578947 0.030927835051546393 0.03289473684210526
3 0.25773195876288657 0.6200657894736842 0.030927835051546393 0.03618421052631579
2 0.40463917525773196 0.78125 0.14432989690721648 0.11513157894736842
4 0.3801546391752577 0.756578947368421 0.028350515463917526 0.039473684210526314
4 0.4368556701030928 0.7664473684210525 0.03350515463917526 0.02631578947368421
1 0.3801546391752577 0.5411184210526315 0.03865979381443299 0.029605263157894735