3 0.255 0.444078947368421 0.2 0.125
3 0.20500000000000002 0.5526315789473684 0.06 0.07236842105263158
3 0.16625 0.6842105263157894 0.0275 0.046052631578947366
3 0.64125 0.5707236842105263 0.10250000000000001 0.08881578947368421
3 0.6625 0.47039473684210525 0.04 0.03289473684210526
3 0.7175 0.5427631578947368 0.03 0.03289473684210526
3 0.82375 0.5592105263157895 0.0325 0.039473684210526314
2 0.6825 0.7532894736842105 0.15 0.125
4 0.7075 0.7220394736842105 0.03 0.042763157894736836
4 0.65 0.7401315789473684 0.035 0.02631578947368421
1 0.6875 0.4917763157894737 0.04 0.029605263157894735