3 0.8902116402116401 0.10344827586206896 0.09788359788359788 0.13103448275862067
3 0.9179894179894179 0.36724137931034484 0.047619047619047616 0.06551724137931034
3 0.537037037037037 0.6844827586206896 0.042328042328042326 0.05172413793103448
3 0.3716931216931217 0.04827586206896552 0.05026455026455026 0.05517241379310345
3 0.537037037037037 0.9155172413793103 0.021164021164021163 0.03103448275862069
3 0.6309523809523809 0.7758620689655172 0.05026455026455026 0.034482758620689655
3 0.22619047619047616 0.8448275862068966 0.05026455026455026 0.034482758620689655
3 0.3439153439153439 0.7758620689655172 0.031746031746031744 0.027586206896551724
3 0.35978835978835977 0.5379310344827586 0.021164021164021163 0.041379310344827586
3 0.35978835978835977 0.7 0.026455026455026454 0.041379310344827586
3 0.31481481481481477 0.10517241379310345 0.05291005291005291 0.02413793103448276
3 0.4193121693121693 0.13793103448275862 0.0291005291005291 0.034482758620689655