3 0.7525000000000001 0.40390879478827363 0.2 0.1237785016286645
3 0.8075 0.506514657980456 0.06 0.06840390879478828
3 0.85 0.6319218241042346 0.03 0.04560260586319218
3 0.3775 0.5586319218241043 0.1 0.08794788273615635
3 0.3525 0.4625407166123779 0.04 0.03257328990228013
3 0.3 0.5374592833876222 0.03 0.03257328990228013
3 0.19625 0.5635179153094463 0.0325 0.03908794788273616
2 0.34375 0.741042345276873 0.1475 0.1205211726384365
4 0.31875000000000003 0.7117263843648208 0.0325 0.042345276872964174
4 0.37625000000000003 0.7247557003257329 0.0325 0.02931596091205212
1 0.3275 0.48697068403908794 0.04 0.02931596091205212