3 0.24186991869918703 0.5948509485094851 0.20325203252032523 0.12737127371273713
3 0.18800813008130082 0.48509485094850946 0.05894308943089432 0.07046070460704607
3 0.14735772357723578 0.3509485094850949 0.026422764227642278 0.04607046070460705
3 0.6321138211382115 0.45257452574525747 0.10162601626016261 0.08672086720867209
3 0.6554878048780488 0.5555555555555556 0.03861788617886179 0.03252032520325203
3 0.7113821138211383 0.47831978319783197 0.02845528455284553 0.02981029810298103
3 0.8180894308943091 0.45799457994579945 0.030487804878048783 0.037940379403794036
2 0.6727642276422765 0.26287262872628725 0.15040650406504066 0.12466124661246612
4 0.6971544715447155 0.2940379403794038 0.02845528455284553 0.04065040650406504
4 0.6382113821138212 0.2777777777777778 0.032520325203252036 0.024390243902439025
1 0.6819105691056911 0.5311653116531165 0.03861788617886179 0.02710027100271003