1 0.6544715447154472 0.2967479674796748 0.07317073170731708 0.07317073170731707
2 0.7550813008130082 0.1111111111111111 0.48170731707317077 0.22764227642276422
2 0.026422764227642278 0.02981029810298103 0.05691056910569106 0.06504065040650406
2 0.10162601626016261 0.18292682926829268 0.10975609756097562 0.17615176151761516
2 0.09552845528455285 0.44850948509485095 0.1951219512195122 0.2791327913279133
2 0.334349593495935 0.3902439024390244 0.27439024390243905 0.38482384823848237
2 0.3536585365853659 0.6476964769647696 0.1829268292682927 0.0975609756097561
2 0.07723577235772358 0.8536585365853658 0.1585365853658537 0.28184281842818426
2 0.4735772357723578 0.8915989159891599 0.1626016260162602 0.20596205962059622
0 0.20833333333333334 0.8238482384823849 0.4207317073170732 0.34146341463414637
4 0.7256097560975611 0.2127371273712737 0.02845528455284553 0.04065040650406504
4 0.7276422764227644 0.17073170731707318 0.016260162601626018 0.02710027100271003
4 0.753048780487805 0.16531165311653118 0.014227642276422765 0.02168021680216802
4 0.7815040650406505 0.15718157181571815 0.014227642276422765 0.016260162601626015
4 0.7225609756097562 0.13956639566395665 0.014227642276422765 0.013550135501355014
4 0.7428861788617886 0.11382113821138211 0.014227642276422765 0.02710027100271003
4 0.09552845528455285 0.44037940379403795 0.020325203252032523 0.018970189701897018
4 0.23882113821138215 0.3712737127371274 0.01829268292682927 0.016260162601626015
4 0.2571138211382114 0.45528455284552843 0.014227642276422765 0.016260162601626015
4 0.009146341463414635 0.510840108401084 0.014227642276422765 0.018970189701897018
4 0.37093495934959353 0.6409214092140921 0.014227642276422765 0.018970189701897018