3 0.8445121951219513 0.06639566395663957 0.09552845528455285 0.13279132791327913
3 0.8810975609756099 0.3428184281842818 0.0467479674796748 0.06233062330623306
3 0.4979674796747968 0.6937669376693767 0.04065040650406505 0.04878048780487805
3 0.3109756097560976 0.03523035230352303 0.04878048780487805 0.05420054200542006
3 0.5040650406504066 0.9363143631436315 0.020325203252032523 0.02981029810298103
3 0.5975609756097562 0.7831978319783198 0.04878048780487805 0.03252032520325203
3 0.18394308943089432 0.8766937669376694 0.0467479674796748 0.02981029810298103
3 0.30284552845528456 0.7994579945799458 0.02845528455284553 0.02710027100271003
3 0.31300813008130085 0.5487804878048781 0.020325203252032523 0.04065040650406504
3 0.3170731707317074 0.7195121951219512 0.024390243902439025 0.04065040650406504
3 0.25508130081300817 0.0975609756097561 0.05081300813008131 0.02168021680216802
3 0.36280487804878053 0.12737127371273713 0.026422764227642278 0.03252032520325203