3 0.3221544715447155 0.4186991869918699 0.05081300813008131 0.2032520325203252
3 0.22459349593495936 0.4796747967479675 0.07520325203252033 0.14092140921409213
3 0.5111788617886179 0.3997289972899729 0.05081300813008131 0.056910569105691054
3 0.9756097560975611 0.15582655826558264 0.04065040650406505 0.04065040650406504
3 0.8902439024390245 0.15040650406504066 0.04065040650406505 0.04065040650406504
3 0.2997967479674797 0.12737127371273713 0.034552845528455285 0.037940379403794036
3 0.3231707317073171 0.009485094850948509 0.020325203252032523 0.018970189701897018
3 0.42276422764227645 0.3699186991869919 0.05691056910569106 0.12737127371273713
3 0.8719512195121952 0.9823848238482384 0.03658536585365854 0.024390243902439025
3 0.46849593495934966 0.7845528455284553 0.034552845528455285 0.03523035230352303
3 0.2967479674796748 0.8780487804878049 0.02845528455284553 0.02710027100271003
3 0.16971544715447157 0.5894308943089431 0.022357723577235776 0.04607046070460705
3 0.31300813008130085 0.8184281842818428 0.02845528455284553 0.02710027100271003
3 0.13719512195121952 0.6219512195121951 0.034552845528455285 0.018970189701897018