3 0.09857723577235773 0.9173441734417345 0.09552845528455285 0.13279132791327913
3 0.06199186991869919 0.6409214092140921 0.0467479674796748 0.06233062330623306
3 0.44512195121951226 0.2899728997289973 0.04065040650406505 0.04878048780487805
3 0.6321138211382115 0.948509485094851 0.04878048780487805 0.05420054200542006
3 0.4390243902439025 0.04742547425474255 0.020325203252032523 0.02981029810298103
3 0.3455284552845529 0.2005420054200542 0.04878048780487805 0.03252032520325203
3 0.7591463414634148 0.1070460704607046 0.0467479674796748 0.02981029810298103
3 0.6402439024390244 0.1842818428184282 0.02845528455284553 0.02710027100271003
3 0.6300813008130082 0.4349593495934959 0.020325203252032523 0.04065040650406504
3 0.6260162601626017 0.26422764227642276 0.024390243902439025 0.04065040650406504
3 0.6880081300813009 0.8861788617886179 0.05081300813008131 0.02168021680216802
3 0.5802845528455285 0.8563685636856369 0.026422764227642278 0.03252032520325203