3 0.7650130548302873 0.445 0.19321148825065274 0.11666666666666667
3 0.8093994778067886 0.55 0.057441253263707574 0.06666666666666667
3 0.839425587467363 0.675 0.028720626631853787 0.043333333333333335
3 0.38903394255874674 0.5366666666666667 0.09921671018276762 0.08
3 0.3720626631853786 0.44 0.0391644908616188 0.03333333333333333
3 0.31462140992167104 0.505 0.028720626631853787 0.030000000000000002
3 0.21409921671018278 0.5116666666666667 0.03133159268929504 0.03666666666666667
2 0.33942558746736295 0.7033333333333334 0.1462140992167102 0.11333333333333334
4 0.3185378590078329 0.6733333333333333 0.03133159268929504 0.04
4 0.3720626631853786 0.6933333333333334 0.033942558746736295 0.02666666666666667
1 0.34595300261096606 0.46 0.0391644908616188 0.02666666666666667