3 0.6737804878048781 0.4186991869918699 0.05081300813008131 0.2032520325203252
3 0.7713414634146343 0.4796747967479675 0.07520325203252033 0.14092140921409213
3 0.48475609756097565 0.3997289972899729 0.05081300813008131 0.056910569105691054
3 0.020325203252032523 0.15582655826558264 0.04065040650406505 0.04065040650406504
3 0.10569105691056911 0.15040650406504066 0.04065040650406505 0.04065040650406504
3 0.6961382113821138 0.12737127371273713 0.034552845528455285 0.037940379403794036
3 0.6727642276422765 0.009485094850948509 0.020325203252032523 0.018970189701897018
3 0.5731707317073171 0.3699186991869919 0.05691056910569106 0.12737127371273713
3 0.12398373983739838 0.9823848238482384 0.03658536585365854 0.024390243902439025
3 0.5274390243902439 0.7845528455284553 0.034552845528455285 0.03523035230352303
3 0.6991869918699187 0.8780487804878049 0.02845528455284553 0.02710027100271003
3 0.826219512195122 0.5894308943089431 0.022357723577235776 0.04607046070460705
3 0.6829268292682927 0.8184281842818428 0.02845528455284553 0.02710027100271003
3 0.8587398373983741 0.6219512195121951 0.034552845528455285 0.018970189701897018