2 0.015873015873015872 0.05226480836236934 0.037037037037037035 0.0627177700348432
2 0.04497354497354497 0.42857142857142855 0.042328042328042326 0.08362369337979095
2 0.6283068783068783 0.9233449477351916 0.05555555555555555 0.11149825783972125
2 0.5582010582010581 0.921602787456446 0.042328042328042326 0.09407665505226481
2 0.6851851851851851 0.8658536585365854 0.06878306878306878 0.07317073170731707
2 0.626984126984127 0.7961672473867596 0.07407407407407407 0.05226480836236934
2 0.6706349206349206 0.6794425087108014 0.07671957671957672 0.04878048780487805
2 0.7063492063492063 0.5993031358885017 0.13227513227513227 0.09059233449477352
2 0.6018518518518519 0.5975609756097561 0.03439153439153439 0.06620209059233449
2 0.9708994708994708 0.37630662020905925 0.037037037037037035 0.06968641114982578
3 0.8518518518518519 0.12195121951219512 0.042328042328042326 0.027874564459930314
4 0.6574074074074073 0.6149825783972126 0.0291005291005291 0.024390243902439025
4 0.6719576719576719 0.8710801393728222 0.021164021164021163 0.020905923344947737
4 0.6349206349206349 0.7996515679442509 0.015873015873015872 0.017421602787456445