3 0.9644308943089432 0.14092140921409213 0.042682926829268296 0.0921409214092141
3 0.9430894308943091 0.2140921409214092 0.0894308943089431 0.06504065040650406
3 0.7957317073170732 0.3333333333333333 0.01829268292682927 0.02710027100271003
3 0.758130081300813 0.37262872628726285 0.016260162601626018 0.03523035230352303
3 0.9684959349593497 0.9417344173441734 0.030487804878048783 0.03523035230352303
3 0.717479674796748 0.959349593495935 0.052845528455284556 0.07046070460704607
3 0.3191056910569106 0.3685636856368564 0.024390243902439025 0.07046070460704607
3 0.25508130081300817 0.3523035230352303 0.09959349593495936 0.04878048780487805
3 0.24796747967479676 0.44715447154471544 0.04065040650406505 0.04336043360433604
3 0.19410569105691058 0.4444444444444444 0.03861788617886179 0.02710027100271003
3 0.17581300813008133 0.3807588075880759 0.03861788617886179 0.024390243902439025
3 0.06300813008130082 0.4159891598915989 0.052845528455284556 0.056910569105691054
3 0.3556910569105691 0.9634146341463414 0.07723577235772358 0.056910569105691054
3 0.3252032520325204 0.9037940379403794 0.03658536585365854 0.056910569105691054
3 0.3384146341463415 0.6544715447154471 0.07926829268292684 0.04065040650406504
3 0.23983739837398377 0.7262872628726287 0.04878048780487805 0.02710027100271003
3 0.2804878048780488 0.7493224932249323 0.02845528455284553 0.04065040650406504
3 0.1554878048780488 0.6951219512195121 0.022357723577235776 0.024390243902439025
2 0.29268292682926833 0.09620596205962059 0.08536585365853659 0.1978319783197832