4 0.10365853658536586 0.6517615176151762 0.20731707317073172 0.6910569105691057
4 0.1585365853658537 0.8983739837398373 0.06504065040650407 0.06233062330623306
4 0.1951219512195122 0.7398373983739838 0.04065040650406505 0.05420054200542006
4 0.1869918699186992 0.33062330623306235 0.02845528455284553 0.03252032520325203
3 0.15447154471544716 0.9878048780487805 0.03658536585365854 0.018970189701897018
4 0.009146341463414635 0.6517615176151762 0.01829268292682927 0.08943089430894309
4 0.007113821138211383 0.5718157181571816 0.014227642276422765 0.02710027100271003
4 0.012195121951219513 0.505420054200542 0.024390243902439025 0.051490514905149054
2 0.29369918699187 0.3130081300813008 0.16463414634146342 0.24661246612466126
3 0.30589430894308944 0.1842818428184282 0.042682926829268296 0.02710027100271003
3 0.3353658536585366 0.4159891598915989 0.08536585365853659 0.06233062330623306
3 0.3810975609756098 0.7317073170731707 0.030487804878048783 0.03252032520325203
3 0.37093495934959353 0.7723577235772358 0.11178861788617887 0.02710027100271003
3 0.5447154471544716 0.9281842818428184 0.0975609756097561 0.06233062330623306
3 0.46951219512195125 0.983739837398374 0.19918699186991873 0.02710027100271003
3 0.5487804878048781 0.7926829268292683 0.020325203252032523 0.02981029810298103
3 0.8750000000000001 0.6219512195121951 0.01829268292682927 0.03523035230352303
3 0.9095528455284554 0.524390243902439 0.026422764227642278 0.024390243902439025
3 0.8902439024390245 0.37533875338753386 0.02845528455284553 0.02981029810298103
3 0.9278455284552847 0.3888888888888889 0.022357723577235776 0.024390243902439025