4 0.11585365853658537 0.36720867208672087 0.20731707317073172 0.6910569105691057
4 0.17073170731707318 0.12059620596205962 0.06504065040650407 0.06233062330623306
4 0.20731707317073172 0.2791327913279133 0.04065040650406505 0.05420054200542006
4 0.19918699186991873 0.6883468834688347 0.02845528455284553 0.03252032520325203
3 0.16666666666666669 0.03116531165311653 0.03658536585365854 0.018970189701897018
4 0.021341463414634148 0.36720867208672087 0.01829268292682927 0.08943089430894309
4 0.019308943089430895 0.44715447154471544 0.014227642276422765 0.02710027100271003
4 0.024390243902439025 0.513550135501355 0.024390243902439025 0.051490514905149054
2 0.30589430894308944 0.7059620596205962 0.16463414634146342 0.24661246612466126
3 0.31808943089430897 0.8346883468834688 0.042682926829268296 0.02710027100271003
3 0.34756097560975613 0.6029810298102981 0.08536585365853659 0.06233062330623306
3 0.3932926829268293 0.2872628726287263 0.030487804878048783 0.03252032520325203
3 0.38313008130081305 0.24661246612466126 0.11178861788617887 0.02710027100271003
3 0.5569105691056911 0.09078590785907859 0.0975609756097561 0.06233062330623306
3 0.48170731707317077 0.03523035230352303 0.19918699186991873 0.02710027100271003
3 0.5609756097560976 0.22628726287262874 0.020325203252032523 0.02981029810298103
3 0.8871951219512196 0.3970189701897019 0.01829268292682927 0.03523035230352303
3 0.9217479674796749 0.494579945799458 0.026422764227642278 0.024390243902439025
3 0.902439024390244 0.6436314363143631 0.02845528455284553 0.02981029810298103
3 0.9400406504065042 0.6300813008130082 0.022357723577235776 0.024390243902439025