3 0.19863013698630136 0.16129032258064516 0.12328767123287672 0.035842293906810034
3 0.13835616438356166 0.6684587813620072 0.030136986301369864 0.053763440860215055
3 0.1643835616438356 0.6720430107526881 0.016438356164383564 0.04659498207885305
3 0.19041095890410958 0.6810035842293907 0.0410958904109589 0.05734767025089606
3 0.0684931506849315 0.8297491039426523 0.038356164383561646 0.053763440860215055
3 0.20136986301369864 0.8046594982078853 0.030136986301369864 0.06093189964157706
3 0.32465753424657534 0.7150537634408602 0.04657534246575343 0.06810035842293907
3 0.5465753424657535 0.7724014336917563 0.030136986301369864 0.03942652329749104
3 0.2945205479452055 0.7777777777777778 0.052054794520547946 0.02867383512544803
3 0.32054794520547947 0.8136200716845878 0.03287671232876713 0.06451612903225806
1 0.952054794520548 0.3817204301075269 0.0410958904109589 0.04659498207885305
3 0.7301369863013699 0.3978494623655914 0.0410958904109589 0.043010752688172046
3 0.8506849315068493 0.3100358422939068 0.024657534246575342 0.03225806451612903
3 0.6 0.42473118279569894 0.07671232876712329 0.04659498207885305
3 0.563013698630137 0.5053763440860215 0.03561643835616438 0.043010752688172046