1 0.5238693467336684 0.32410423452768733 0.04271356783919598 0.048859934853420196
3 0.2663316582914573 0.08306188925081434 0.02512562814070352 0.048859934853420196
3 0.6256281407035176 0.18729641693811075 0.02512562814070352 0.048859934853420196
3 0.3379396984924623 0.30618892508143325 0.03768844221105528 0.026058631921824105
3 0.2399497487437186 0.1758957654723127 0.022613065326633167 0.01954397394136808
3 0.5590452261306533 0.6498371335504887 0.017587939698492462 0.02280130293159609
3 0.19974874371859297 0.49348534201954397 0.017587939698492462 0.02280130293159609
3 0.05527638190954774 0.6319218241042346 0.020100502512562814 0.03257328990228013
3 0.1042713567839196 0.8241042345276873 0.022613065326633167 0.03257328990228013
3 0.757537688442211 0.9413680781758959 0.02763819095477387 0.04560260586319218
2 0.6444723618090452 0.9055374592833877 0.16331658291457288 0.1237785016286645
2 0.9246231155778895 0.8859934853420196 0.07537688442211056 0.20195439739413681
4 0.9246231155778895 0.8615635179153095 0.02512562814070352 0.042345276872964174
2 0.25 0.8273615635179153 0.2185929648241206 0.22801302931596093
2 0.5439698492462312 0.1465798045602606 0.14321608040201006 0.241042345276873
2 0.13442211055276382 0.20521172638436483 0.2135678391959799 0.32573289902280134