3 0.1955958549222798 0.1271186440677966 0.12176165803108809 0.03728813559322034
3 0.1373056994818653 0.6389830508474577 0.031088082901554404 0.05084745762711864
3 0.16321243523316062 0.6423728813559322 0.015544041450777202 0.04406779661016949
3 0.18911917098445596 0.6491525423728813 0.04145077720207254 0.0576271186440678
3 0.06865284974093265 0.7999999999999999 0.038860103626943004 0.05423728813559322
3 0.20207253886010362 0.7745762711864407 0.031088082901554404 0.06440677966101695
3 0.32512953367875647 0.6847457627118644 0.044041450777202076 0.06779661016949153
3 0.5492227979274612 0.7406779661016949 0.031088082901554404 0.03728813559322034
3 0.2927461139896373 0.7457627118644068 0.05181347150259068 0.02711864406779661
3 0.31994818652849744 0.7830508474576271 0.03367875647668394 0.06779661016949153
1 0.9533678756476685 0.3440677966101695 0.04145077720207254 0.04406779661016949
3 0.7305699481865285 0.36271186440677966 0.04145077720207254 0.04067796610169491
3 0.8523316062176166 0.2745762711864407 0.02590673575129534 0.03389830508474576
3 0.6010362694300518 0.3898305084745763 0.07772020725388601 0.04745762711864407
3 0.5634715025906736 0.4728813559322034 0.03367875647668394 0.04406779661016949