4 0.8821138211382115 0.3888888888888889 0.20731707317073172 0.6910569105691057
4 0.8272357723577237 0.14227642276422764 0.06504065040650407 0.06233062330623306
4 0.7906504065040652 0.3008130081300813 0.04065040650406505 0.05420054200542006
4 0.7987804878048781 0.7100271002710027 0.02845528455284553 0.03252032520325203
3 0.8313008130081302 0.052845528455284556 0.03658536585365854 0.018970189701897018
4 0.9766260162601627 0.3888888888888889 0.01829268292682927 0.08943089430894309
4 0.978658536585366 0.46883468834688347 0.014227642276422765 0.02710027100271003
4 0.9735772357723578 0.535230352303523 0.024390243902439025 0.051490514905149054
2 0.6920731707317074 0.7276422764227642 0.16463414634146342 0.24661246612466126
3 0.6798780487804879 0.8563685636856369 0.042682926829268296 0.02710027100271003
3 0.6504065040650407 0.6246612466124661 0.08536585365853659 0.06233062330623306
3 0.6046747967479675 0.3089430894308943 0.030487804878048783 0.03252032520325203
3 0.6148373983739838 0.2682926829268293 0.11178861788617887 0.02710027100271003
3 0.44105691056910573 0.11246612466124661 0.0975609756097561 0.06233062330623306
3 0.5162601626016261 0.056910569105691054 0.19918699186991873 0.02710027100271003
3 0.43699186991869926 0.24796747967479674 0.020325203252032523 0.02981029810298103
3 0.11077235772357724 0.4186991869918699 0.01829268292682927 0.03523035230352303
3 0.07621951219512196 0.516260162601626 0.026422764227642278 0.024390243902439025
3 0.09552845528455285 0.6653116531165312 0.02845528455284553 0.02981029810298103
3 0.057926829268292686 0.6517615176151762 0.022357723577235776 0.024390243902439025