1 0.524869109947644 0.3333333333333333 0.044502617801047126 0.04713804713804714
3 0.2709424083769634 0.09259259259259259 0.02356020942408377 0.050505050505050504
3 0.6282722513089005 0.19865319865319864 0.02617801047120419 0.04713804713804714
3 0.3403141361256545 0.3131313131313131 0.03664921465968587 0.026936026936026935
3 0.24476439790575918 0.1835016835016835 0.02356020942408377 0.016835016835016835
3 0.5589005235602095 0.6548821548821548 0.018324607329842934 0.02356902356902357
3 0.20287958115183247 0.4966329966329966 0.018324607329842934 0.02356902356902357
3 0.05759162303664922 0.6296296296296297 0.020942408376963352 0.03367003367003367
3 0.10340314136125656 0.8215488215488215 0.02356020942408377 0.03367003367003367
3 0.7539267015706806 0.9444444444444444 0.02617801047120419 0.043771043771043766
2 0.6413612565445027 0.9090909090909091 0.16230366492146597 0.1212121212121212
2 0.9201570680628273 0.8922558922558922 0.07591623036649216 0.20202020202020202
4 0.9188481675392671 0.8686868686868686 0.02617801047120419 0.0404040404040404
2 0.25 0.8265993265993266 0.21727748691099477 0.2255892255892256
2 0.5484293193717278 0.15656565656565655 0.14397905759162305 0.23905723905723905
2 0.1387434554973822 0.21043771043771042 0.21465968586387435 0.31986531986531985