3 0.17784552845528456 0.12330623306233063 0.12398373983739838 0.03523035230352303
3 0.13109756097560976 0.6598915989159891 0.030487804878048783 0.051490514905149054
3 0.15752032520325204 0.6612466124661247 0.014227642276422765 0.04336043360433604
3 0.18495934959349594 0.6680216802168022 0.04065040650406505 0.056910569105691054
3 0.06402439024390244 0.8319783197831978 0.03861788617886179 0.05420054200542006
3 0.20121951219512196 0.7981029810298103 0.02845528455284553 0.06233062330623306
3 0.32418699186991873 0.6978319783197832 0.042682926829268296 0.06775067750677506
3 0.5548780487804879 0.7479674796747967 0.02845528455284553 0.037940379403794036
3 0.29369918699187 0.7655826558265583 0.05081300813008131 0.024390243902439025
3 0.3221544715447155 0.8021680216802168 0.030487804878048783 0.06504065040650406
1 0.9603658536585367 0.3170731707317073 0.03861788617886179 0.04336043360433604
3 0.7317073170731708 0.34552845528455284 0.04065040650406505 0.04065040650406504
3 0.853658536585366 0.24796747967479674 0.024390243902439025 0.02981029810298103
3 0.5995934959349594 0.3807588075880759 0.07723577235772358 0.04607046070460705
3 0.5630081300813009 0.46612466124661245 0.032520325203252036 0.04336043360433604