4 0.8675675675675676 0.3240418118466899 0.2 0.6411149825783972
4 0.8054054054054054 0.10278745644599303 0.06486486486486487 0.059233449477351915
4 0.7770270270270271 0.2508710801393728 0.04054054054054054 0.05574912891986063
4 0.8013513513513514 0.627177700348432 0.02972972972972973 0.03484320557491289
3 0.8054054054054054 0.020905923344947737 0.03783783783783784 0.020905923344947737
4 0.9581081081081082 0.31881533101045295 0.01891891891891892 0.08710801393728224
4 0.9621621621621622 0.3902439024390244 0.016216216216216217 0.027874564459930314
4 0.9608108108108109 0.4529616724738676 0.024324324324324326 0.04878048780487805
2 0.7013513513513514 0.6515679442508711 0.15945945945945947 0.22996515679442509
3 0.6945945945945946 0.7717770034843205 0.043243243243243246 0.0313588850174216
3 0.6581081081081082 0.5609756097560976 0.08378378378378379 0.0627177700348432
3 0.6000000000000001 0.27177700348432055 0.032432432432432434 0.03484320557491289
3 0.6081081081081081 0.23344947735191637 0.10810810810810811 0.027874564459930314
3 0.43513513513513513 0.10452961672473868 0.0972972972972973 0.0627177700348432
3 0.5040540540540541 0.047038327526132406 0.1918918918918919 0.0313588850174216
3 0.43783783783783786 0.22822299651567945 0.021621621621621623 0.0313588850174216
3 0.1337837837837838 0.41114982578397213 0.01891891891891892 0.03484320557491289
3 0.10540540540540541 0.5034843205574913 0.02702702702702703 0.024390243902439025
3 0.13108108108108107 0.6393728222996515 0.02972972972972973 0.0313588850174216
3 0.09324324324324325 0.6306620209059234 0.024324324324324326 0.027874564459930314