3 0.96239837398374 0.8509485094850948 0.042682926829268296 0.0921409214092141
3 0.9410569105691058 0.7777777777777778 0.0894308943089431 0.06504065040650406
3 0.79369918699187 0.6585365853658537 0.01829268292682927 0.02710027100271003
3 0.7560975609756099 0.6192411924119241 0.016260162601626018 0.03523035230352303
3 0.9664634146341464 0.05013550135501355 0.030487804878048783 0.03523035230352303
3 0.7154471544715448 0.03252032520325203 0.052845528455284556 0.07046070460704607
3 0.3170731707317074 0.6233062330623306 0.024390243902439025 0.07046070460704607
3 0.2530487804878049 0.6395663956639567 0.09959349593495936 0.04878048780487805
3 0.24593495934959353 0.5447154471544715 0.04065040650406505 0.04336043360433604
3 0.19207317073170735 0.5474254742547425 0.03861788617886179 0.02710027100271003
3 0.17378048780487806 0.6111111111111112 0.03861788617886179 0.024390243902439025
3 0.06097560975609757 0.575880758807588 0.052845528455284556 0.056910569105691054
3 0.3536585365853659 0.028455284552845527 0.07723577235772358 0.056910569105691054
3 0.3231707317073171 0.08807588075880758 0.03658536585365854 0.056910569105691054
3 0.33638211382113825 0.33739837398373984 0.07926829268292684 0.04065040650406504
3 0.2378048780487805 0.26558265582655827 0.04878048780487805 0.02710027100271003
3 0.27845528455284557 0.24254742547425473 0.02845528455284553 0.04065040650406504
3 0.15345528455284554 0.2967479674796748 0.022357723577235776 0.024390243902439025
2 0.2906504065040651 0.8956639566395664 0.08536585365853659 0.1978319783197832