2 0.9250681198910081 0.036585365853658534 0.03542234332425068 0.059233449477351915
2 0.9250681198910081 0.3867595818815331 0.04087193460490463 0.07665505226480836
2 0.40599455040871935 0.9181184668989547 0.05449591280653951 0.10104529616724739
2 0.47275204359673023 0.9076655052264808 0.04087193460490463 0.08710801393728224
2 0.3460490463215259 0.8710801393728222 0.0653950953678474 0.06968641114982578
2 0.3978201634877384 0.7996515679442509 0.07084468664850135 0.04529616724738676
2 0.34741144414168934 0.6986062717770035 0.07356948228882834 0.04529616724738676
2 0.3079019073569482 0.627177700348432 0.12534059945504086 0.08362369337979095
2 0.4073569482288828 0.6114982578397212 0.03542234332425068 0.059233449477351915
2 0.039509536784741145 0.4547038327526132 0.03542234332425068 0.06620209059233449
3 0.1335149863760218 0.2038327526132404 0.03814713896457766 0.024390243902439025
4 0.3569482288828338 0.6358885017421603 0.027247956403269755 0.024390243902439025
4 0.35967302452316074 0.8745644599303136 0.021798365122615803 0.020905923344947737
4 0.3896457765667575 0.8031358885017421 0.01634877384196185 0.017421602787456445