2 0.46556122448979587 0.04067796610169491 0.06377551020408163 0.08135593220338982
2 0.37499999999999994 0.020338983050847456 0.08673469387755102 0.04067796610169491
2 0.37499999999999994 0.1135593220338983 0.07142857142857142 0.09152542372881356
2 0.014030612244897957 0.3508474576271186 0.028061224489795915 0.0847457627118644
2 0.22576530612244897 0.5305084745762711 0.06887755102040816 0.0711864406779661
2 0.27933673469387754 0.5169491525423728 0.038265306122448974 0.0576271186440678
2 0.6581632653061223 0.8779661016949152 0.09693877551020408 0.12203389830508474
2 0.6862244897959183 0.5271186440677966 0.07653061224489795 0.09152542372881356
2 0.5599489795918366 0.42203389830508475 0.07397959183673469 0.07796610169491525
2 0.6198979591836734 0.288135593220339 0.08163265306122448 0.08135593220338982
2 0.961734693877551 0.21694915254237288 0.06632653061224489 0.07457627118644068
2 0.7487244897959183 0.08983050847457627 0.04336734693877551 0.09152542372881356
2 0.8316326530612245 0.27288135593220336 0.04591836734693877 0.0983050847457627
2 0.26785714285714285 0.16610169491525423 0.02551020408163265 0.06779661016949153
4 0.4668367346938775 0.01694915254237288 0.04081632653061224 0.03389830508474576
4 0.3647959183673469 0.1152542372881356 0.02040816326530612 0.02711864406779661