2 0.46849593495934966 0.03929539295392954 0.06300813008130082 0.07859078590785908
2 0.3770325203252033 0.017615176151761516 0.08333333333333334 0.03523035230352303
2 0.3770325203252033 0.1111111111111111 0.07113821138211383 0.08672086720867209
2 0.013211382113821139 0.34959349593495936 0.026422764227642278 0.08130081300813008
2 0.225609756097561 0.5311653116531165 0.06504065040650407 0.07046070460704607
2 0.27947154471544716 0.5176151761517616 0.034552845528455285 0.05420054200542006
2 0.6595528455284554 0.8834688346883469 0.09552845528455285 0.11924119241192412
2 0.6880081300813009 0.5298102981029811 0.07520325203252033 0.08943089430894309
2 0.5619918699186992 0.42276422764227645 0.07113821138211383 0.07588075880758807
2 0.6229674796747968 0.2886178861788618 0.07926829268292684 0.07859078590785908
2 0.9664634146341464 0.21951219512195122 0.06300813008130082 0.07046070460704607
2 0.7520325203252033 0.09078590785907859 0.04065040650406505 0.08943089430894309
2 0.8343495934959351 0.2750677506775068 0.042682926829268296 0.0948509485094851
2 0.26930894308943093 0.16395663956639567 0.022357723577235776 0.06233062330623306
4 0.46951219512195125 0.014905149051490514 0.03658536585365854 0.02981029810298103
4 0.366869918699187 0.11246612466124661 0.01829268292682927 0.024390243902439025