2 0.9747899159663865 0.9393382352941176 0.0392156862745098 0.0625
2 0.9453781512605042 0.5680147058823529 0.04201680672268908 0.08455882352941177
2 0.3627450980392157 0.08088235294117647 0.05322128851540616 0.11029411764705882
2 0.4327731092436975 0.08272058823529412 0.04201680672268908 0.09191176470588235
2 0.30532212885154064 0.13786764705882354 0.06722689075630252 0.06985294117647059
2 0.3641456582633053 0.2077205882352941 0.07282913165266107 0.04779411764705882
2 0.32212885154061627 0.32169117647058826 0.0784313725490196 0.04779411764705882
2 0.2857142857142857 0.4025735294117647 0.13445378151260504 0.09191176470588235
2 0.3907563025210084 0.40441176470588236 0.036414565826330535 0.0661764705882353
2 0.023809523809523808 0.6268382352941176 0.036414565826330535 0.06985294117647059
3 0.14285714285714285 0.8786764705882353 0.0392156862745098 0.029411764705882353
4 0.33613445378151263 0.3860294117647059 0.028011204481792718 0.022058823529411763
4 0.3179271708683473 0.13602941176470587 0.0196078431372549 0.022058823529411763
4 0.3557422969187675 0.20404411764705882 0.01680672268907563 0.01838235294117647