4 0.8733153638814016 0.6091549295774648 0.20485175202156336 0.6619718309859155
4 0.8140161725067386 0.8415492957746479 0.0646900269541779 0.06338028169014084
4 0.7830188679245284 0.6883802816901409 0.04043126684636119 0.0528169014084507
4 0.8018867924528302 0.2992957746478873 0.02964959568733154 0.035211267605633804
3 0.8153638814016173 0.926056338028169 0.04043126684636119 0.02112676056338028
4 0.9649595687331537 0.6144366197183099 0.0215633423180593 0.08802816901408451
4 0.9703504043126685 0.5387323943661972 0.016172506738544475 0.028169014084507043
4 0.9676549865229112 0.4735915492957747 0.026954177897574125 0.0528169014084507
2 0.6981132075471699 0.27816901408450706 0.16172506738544476 0.23943661971830987
3 0.6900269541778976 0.15492957746478875 0.0431266846361186 0.028169014084507043
3 0.6549865229110512 0.3732394366197183 0.0862533692722372 0.06338028169014084
3 0.601078167115903 0.6725352112676056 0.03234501347708895 0.035211267605633804
3 0.610512129380054 0.7112676056338029 0.11051212938005392 0.028169014084507043
3 0.43800539083557954 0.852112676056338 0.09973045822102426 0.06338028169014084
3 0.5094339622641509 0.9066901408450705 0.1940700808625337 0.03169014084507042
3 0.43800539083557954 0.7200704225352113 0.02425876010781671 0.03169014084507042
3 0.1266846361185984 0.5440140845070423 0.0215633423180593 0.03873239436619719
3 0.09568733153638814 0.448943661971831 0.02964959568733154 0.024647887323943664
3 0.11725067385444744 0.3080985915492958 0.02964959568733154 0.03169014084507042
3 0.08221024258760108 0.3204225352112676 0.02425876010781671 0.028169014084507043