1 0.519308943089431 0.6747967479674797 0.042682926829268296 0.04878048780487805
3 0.24288617886178865 0.9132791327913279 0.022357723577235776 0.04878048780487805
3 0.6199186991869919 0.8292682926829268 0.024390243902439025 0.04878048780487805
3 0.3252032520325204 0.6815718157181572 0.03658536585365854 0.024390243902439025
3 0.21951219512195125 0.8130081300813008 0.020325203252032523 0.016260162601626015
3 0.5701219512195123 0.33062330623306235 0.014227642276422765 0.02168021680216802
3 0.1910569105691057 0.4715447154471545 0.016260162601626018 0.02168021680216802
3 0.04573170731707318 0.3143631436314363 0.01829268292682927 0.03252032520325203
3 0.1046747967479675 0.1111111111111111 0.022357723577235776 0.03252032520325203
3 0.7876016260162603 0.03387533875338753 0.026422764227642278 0.04607046070460705
2 0.66869918699187 0.06233062330623306 0.16666666666666669 0.13008130081300812
2 0.9593495934959351 0.1043360433604336 0.07723577235772358 0.2140921409214092
4 0.9573170731707318 0.12872628726287264 0.024390243902439025 0.04065040650406504
2 0.25609756097560976 0.11788617886178862 0.22357723577235775 0.24119241192411925
2 0.5335365853658537 0.8672086720867209 0.1483739837398374 0.25474254742547425
2 0.11077235772357724 0.7737127371273713 0.22154471544715448 0.34417344173441733