4 0.10655737704918032 0.6389891696750902 0.20765027322404372 0.6787003610108303
4 0.15710382513661203 0.8808664259927799 0.06830601092896176 0.06498194945848376
4 0.19398907103825136 0.7274368231046932 0.04371584699453552 0.05415162454873646
4 0.1912568306010929 0.32671480144404336 0.03278688524590164 0.03249097472924188
3 0.15300546448087432 0.9711191335740073 0.03825136612021858 0.021660649819494587
4 0.012295081967213115 0.6371841155234658 0.01912568306010929 0.09025270758122744
4 0.01092896174863388 0.5595667870036102 0.01639344262295082 0.02888086642599278
4 0.01639344262295082 0.4963898916967509 0.0273224043715847 0.05415162454873646
2 0.296448087431694 0.3104693140794224 0.16666666666666666 0.24548736462093865
3 0.31010928961748635 0.18411552346570398 0.04644808743169399 0.02888086642599278
3 0.3360655737704918 0.41155234657039713 0.08743169398907104 0.06498194945848376
3 0.3797814207650273 0.7220216606498195 0.03278688524590164 0.036101083032490974
3 0.36885245901639346 0.7617328519855596 0.11475409836065574 0.02888086642599278
3 0.5382513661202186 0.9169675090252708 0.09836065573770492 0.06498194945848376
3 0.46311475409836067 0.9711191335740073 0.1994535519125683 0.02888086642599278
3 0.5437158469945356 0.7851985559566788 0.02185792349726776 0.03249097472924188
3 0.8688524590163934 0.6245487364620939 0.02185792349726776 0.036101083032490974
3 0.9030054644808743 0.5288808664259927 0.030054644808743168 0.025270758122743684
3 0.8866120218579235 0.38267148014440433 0.030054644808743168 0.036101083032490974
3 0.9221311475409836 0.39711191335740076 0.02459016393442623 0.02888086642599278