3 0.5467479674796748 0.2804878048780488 0.032520325203252036 0.06775067750677506
3 0.5060975609756098 0.23035230352303523 0.06097560975609757 0.02168021680216802
3 0.4471544715447155 0.22628726287262874 0.03658536585365854 0.018970189701897018
3 0.5132113821138212 0.03387533875338753 0.022357723577235776 0.02981029810298103
3 0.2764227642276423 0.959349593495935 0.06910569105691057 0.07588075880758807
3 0.28455284552845533 0.7764227642276422 0.11788617886178863 0.02981029810298103
3 0.39430894308943093 0.7791327913279132 0.016260162601626018 0.024390243902439025
3 0.5965447154471545 0.7425474254742548 0.01829268292682927 0.02168021680216802
2 0.660569105691057 0.34959349593495936 0.17073170731707318 0.11382113821138211
2 0.19004065040650409 0.3048780487804878 0.3841463414634147 0.2953929539295393
3 0.4319105691056911 0.39295392953929537 0.15650406504065043 0.13550135501355012