1 0.5078740157480315 0.32764505119453924 0.04461942257217848 0.04778156996587031
3 0.2335958005249344 0.11945392491467577 0.026246719160104987 0.04778156996587031
3 0.6010498687664042 0.17747440273037543 0.026246719160104987 0.04778156996587031
3 0.3215223097112861 0.33447098976109213 0.03937007874015748 0.027303754266211604
3 0.2152230971128609 0.2167235494880546 0.02099737532808399 0.017064846416382253
3 0.5695538057742782 0.6501706484641638 0.015748031496062992 0.023890784982935155
3 0.19816272965879264 0.537542662116041 0.01837270341207349 0.023890784982935155
3 0.06430446194225722 0.6962457337883959 0.01837270341207349 0.034129692832764506
3 0.1272965879265092 0.8839590443686007 0.023622047244094488 0.034129692832764506
3 0.7887139107611548 0.9146757679180888 0.028871391076115485 0.04778156996587031
2 0.6732283464566929 0.8959044368600683 0.1653543307086614 0.12627986348122866
2 0.9514435695538057 0.8395904436860069 0.07611548556430446 0.20477815699658702
4 0.9501312335958005 0.8156996587030717 0.026246719160104987 0.040955631399317405
2 0.2742782152230971 0.8668941979522184 0.21784776902887137 0.23208191126279865
2 0.515748031496063 0.14505119453924914 0.1443569553805774 0.24232081911262798
2 0.1115485564304462 0.25938566552901027 0.21784776902887137 0.32764505119453924