3 0.41463414634146345 0.2777777777777778 0.032520325203252036 0.06775067750677506
3 0.4552845528455285 0.22764227642276422 0.06097560975609757 0.02168021680216802
3 0.5142276422764228 0.22357723577235772 0.03658536585365854 0.018970189701897018
3 0.44817073170731714 0.03116531165311653 0.022357723577235776 0.02981029810298103
3 0.684959349593496 0.9566395663956639 0.06910569105691057 0.07588075880758807
3 0.676829268292683 0.7737127371273713 0.11788617886178863 0.02981029810298103
3 0.5670731707317074 0.7764227642276422 0.016260162601626018 0.024390243902439025
3 0.36483739837398377 0.7398373983739838 0.01829268292682927 0.02168021680216802
2 0.3008130081300813 0.34688346883468835 0.17073170731707318 0.11382113821138211
2 0.7713414634146343 0.3021680216802168 0.3841463414634147 0.2953929539295393
3 0.5294715447154472 0.3902439024390244 0.15650406504065043 0.13550135501355012