2 0.9564676616915423 0.02777777777777778 0.03731343283582089 0.06209150326797386
2 0.9415422885572139 0.40032679738562094 0.04228855721393035 0.08169934640522876
2 0.38308457711442784 0.9264705882352942 0.05472636815920398 0.10784313725490197
2 0.4514925373134328 0.9215686274509804 0.04228855721393035 0.09150326797385622
2 0.32213930348258707 0.8725490196078431 0.06716417910447761 0.07189542483660132
2 0.37935323383084574 0.8006535947712419 0.07213930348258707 0.05228758169934641
2 0.332089552238806 0.6879084967320261 0.07711442786069651 0.049019607843137254
2 0.2922885572139303 0.6127450980392157 0.1318407960199005 0.08823529411764706
2 0.3980099502487562 0.6013071895424836 0.03482587064676617 0.06535947712418301
2 0.02487562189054726 0.4068627450980392 0.03482587064676617 0.06862745098039216
3 0.1318407960199005 0.14705882352941177 0.03980099502487562 0.026143790849673203
4 0.34328358208955223 0.6241830065359477 0.029850746268656716 0.026143790849673203
4 0.33582089552238803 0.8758169934640523 0.01990049751243781 0.0196078431372549
4 0.3706467661691542 0.803921568627451 0.014925373134328358 0.0196078431372549