3 0.4630541871921182 0.6981132075471699 0.034482758620689655 0.06289308176100629
3 0.5049261083743842 0.738993710691824 0.059113300492610835 0.025157232704402517
3 0.5603448275862069 0.7358490566037736 0.03694581280788178 0.01886792452830189
3 0.5086206896551724 0.9166666666666667 0.022167487684729065 0.02830188679245283
3 0.6785714285714286 0.059748427672955975 0.0665024630541872 0.06918238993710692
3 0.6798029556650247 0.2248427672955975 0.11330049261083744 0.02830188679245283
3 0.5775862068965517 0.23270440251572327 0.017241379310344827 0.025157232704402517
3 0.3891625615763547 0.28773584905660377 0.019704433497536946 0.022012578616352203
2 0.3522167487684729 0.6462264150943396 0.1625615763546798 0.10377358490566038
2 0.7967980295566502 0.6415094339622642 0.3620689655172414 0.27044025157232704
3 0.5652709359605912 0.5849056603773585 0.15024630541871922 0.12578616352201258