3 0.17378048780487806 0.9037940379403794 0.12398373983739838 0.03523035230352303
3 0.12703252032520326 0.36720867208672087 0.030487804878048783 0.051490514905149054
3 0.15345528455284554 0.36585365853658536 0.014227642276422765 0.04336043360433604
3 0.18089430894308944 0.35907859078590787 0.04065040650406505 0.056910569105691054
3 0.05995934959349594 0.1951219512195122 0.03861788617886179 0.05420054200542006
3 0.19715447154471546 0.22899728997289973 0.02845528455284553 0.06233062330623306
3 0.3201219512195122 0.32926829268292684 0.042682926829268296 0.06775067750677506
3 0.5508130081300814 0.2791327913279133 0.02845528455284553 0.037940379403794036
3 0.28963414634146345 0.26151761517615174 0.05081300813008131 0.024390243902439025
3 0.31808943089430897 0.22493224932249323 0.030487804878048783 0.06504065040650406
1 0.9563008130081302 0.7100271002710027 0.03861788617886179 0.04336043360433604
3 0.7276422764227644 0.6815718157181572 0.04065040650406505 0.04065040650406504
3 0.8495934959349595 0.7791327913279132 0.024390243902439025 0.02981029810298103
3 0.5955284552845529 0.6463414634146342 0.07723577235772358 0.04607046070460705
3 0.5589430894308943 0.5609756097560976 0.032520325203252036 0.04336043360433604