2 0.9796747967479675 0.9661246612466124 0.03658536585365854 0.06233062330623306
2 0.9552845528455286 0.5799457994579946 0.04065040650406505 0.08130081300813008
2 0.3719512195121952 0.05555555555555555 0.052845528455284556 0.1111111111111111
2 0.44308943089430897 0.05962059620596206 0.04065040650406505 0.0921409214092141
2 0.3119918699186992 0.11382113821138211 0.06707317073170732 0.07046070460704607
2 0.37093495934959353 0.18699186991869918 0.07113821138211383 0.04878048780487805
2 0.32621951219512196 0.3048780487804878 0.07520325203252033 0.04607046070460705
2 0.2876016260162602 0.3861788617886179 0.1321138211382114 0.08943089430894309
2 0.39430894308943093 0.39295392953929537 0.032520325203252036 0.06504065040650406
2 0.017276422764227643 0.6084010840108401 0.034552845528455285 0.06775067750677506
3 0.13313008130081302 0.8739837398373984 0.03861788617886179 0.024390243902439025
4 0.3384146341463415 0.3712737127371274 0.026422764227642278 0.02168021680216802
4 0.32621951219512196 0.10975609756097561 0.01829268292682927 0.018970189701897018
4 0.36280487804878053 0.1842818428184282 0.014227642276422765 0.016260162601626015