3 0.44918699186991873 0.2804878048780488 0.032520325203252036 0.06775067750677506
3 0.48983739837398377 0.23035230352303523 0.06097560975609757 0.02168021680216802
3 0.5487804878048781 0.22628726287262874 0.03658536585365854 0.018970189701897018
3 0.4827235772357724 0.03387533875338753 0.022357723577235776 0.02981029810298103
3 0.7195121951219513 0.959349593495935 0.06910569105691057 0.07588075880758807
3 0.7113821138211383 0.7764227642276422 0.11788617886178863 0.02981029810298103
3 0.6016260162601627 0.7791327913279132 0.016260162601626018 0.024390243902439025
3 0.39939024390243905 0.7425474254742548 0.01829268292682927 0.02168021680216802
2 0.3353658536585366 0.34959349593495936 0.17073170731707318 0.11382113821138211
2 0.8058943089430896 0.3048780487804878 0.3841463414634147 0.2953929539295393
3 0.5640243902439025 0.39295392953929537 0.15650406504065043 0.13550135501355012