3 0.17282321899736147 0.11458333333333333 0.12401055408970976 0.034722222222222224
3 0.13720316622691292 0.6354166666666666 0.0316622691292876 0.05555555555555555
3 0.16226912928759893 0.6371527777777778 0.018469656992084433 0.04513888888888889
3 0.18997361477572558 0.642361111111111 0.04221635883905013 0.05555555555555555
3 0.07255936675461741 0.8055555555555555 0.039577836411609495 0.05555555555555555
3 0.20712401055408972 0.767361111111111 0.029023746701846966 0.0625
3 0.3258575197889182 0.6666666666666666 0.044854881266490766 0.06944444444444445
3 0.5540897097625329 0.7083333333333333 0.0316622691292876 0.041666666666666664
3 0.29815303430079154 0.7326388888888888 0.05277044854881266 0.027777777777777776
3 0.32717678100263853 0.7690972222222222 0.0316622691292876 0.06597222222222222
1 0.945910290237467 0.2795138888888889 0.039577836411609495 0.04513888888888889
3 0.7203166226912928 0.3142361111111111 0.04221635883905013 0.04513888888888889
3 0.8390501319261213 0.21701388888888887 0.02638522427440633 0.03125
3 0.5910290237467019 0.3506944444444444 0.07915567282321899 0.048611111111111105
3 0.5580474934036939 0.43576388888888884 0.03430079155672823 0.04513888888888889