3 0.9534005037783375 0.20292207792207795 0.042821158690176324 0.08766233766233766
3 0.9307304785894206 0.2694805194805195 0.08816120906801007 0.06493506493506494
3 0.783375314861461 0.3685064935064935 0.020151133501259445 0.029220779220779224
3 0.7468513853904282 0.400974025974026 0.017632241813602016 0.03571428571428572
3 0.9231738035264483 0.9431818181818182 0.0327455919395466 0.03571428571428572
3 0.681360201511335 0.9431818181818182 0.05289672544080604 0.06818181818181819
3 0.3261964735516373 0.3652597402597403 0.027707808564231738 0.06818181818181819
3 0.26574307304785894 0.3457792207792208 0.0982367758186398 0.048701298701298704
3 0.2544080604534005 0.43344155844155846 0.04030226700251889 0.04220779220779221
3 0.2040302267002519 0.42694805194805197 0.04030226700251889 0.029220779220779224
3 0.1889168765743073 0.3668831168831169 0.04030226700251889 0.025974025974025976
3 0.07934508816120907 0.39123376623376627 0.05289672544080604 0.0551948051948052
3 0.336272040302267 0.9188311688311689 0.07808564231738035 0.05844155844155845
3 0.30856423173803527 0.8620129870129871 0.03778337531486146 0.0551948051948052
3 0.33249370277078083 0.6314935064935066 0.08060453400503778 0.04220779220779221
3 0.23551637279596976 0.6915584415584416 0.04785894206549118 0.025974025974025976
3 0.2720403022670025 0.7159090909090909 0.030226700251889168 0.04220779220779221
3 0.1561712846347607 0.6558441558441559 0.025188916876574305 0.025974025974025976
2 0.3123425692695214 0.11201298701298702 0.08564231738035265 0.18506493506493507