3 0.21525885558583105 0.10975609756097561 0.11989100817438691 0.03832752613240418
3 0.1416893732970027 0.5905923344947736 0.0326975476839237 0.05226480836236934
3 0.1662125340599455 0.5940766550522648 0.01634877384196185 0.04529616724738676
3 0.19209809264305178 0.6027874564459931 0.04087193460490463 0.05574912891986063
3 0.06811989100817438 0.740418118466899 0.03814713896457766 0.05226480836236934
3 0.20027247956403268 0.7229965156794425 0.02997275204359673 0.059233449477351915
3 0.3215258855585831 0.6428571428571429 0.043596730245231606 0.06620209059233449
3 0.5354223433242506 0.7090592334494773 0.02997275204359673 0.03832752613240418
3 0.2888283378746594 0.7020905923344948 0.049046321525885554 0.024390243902439025
3 0.31335149863760214 0.7386759581881533 0.0326975476839237 0.0627177700348432
1 0.9427792915531334 0.3588850174216028 0.03814713896457766 0.041811846689895474
3 0.7247956403269754 0.3623693379790941 0.043596730245231606 0.041811846689895474
3 0.8446866485013623 0.2857142857142857 0.027247956403269755 0.027874564459930314
3 0.5980926430517711 0.38153310104529614 0.07356948228882834 0.04529616724738676
3 0.55858310626703 0.4564459930313589 0.0326975476839237 0.041811846689895474