4 0.11885245901639344 0.6601423487544483 0.20491803278688525 0.6583629893238434
4 0.17759562841530055 0.893238434163701 0.06557377049180328 0.06405693950177936
4 0.20901639344262296 0.7402135231316725 0.040983606557377046 0.05693950177935943
4 0.18989071038251365 0.35231316725978645 0.030054644808743168 0.03558718861209964
3 0.17759562841530055 0.9786476868327402 0.03825136612021858 0.021352313167259787
4 0.025956284153005466 0.6637010676156583 0.01912568306010929 0.0889679715302491
4 0.02185792349726776 0.588967971530249 0.01639344262295082 0.03202846975088968
4 0.02459016393442623 0.5249110320284697 0.0273224043715847 0.05338078291814946
2 0.2937158469945355 0.3291814946619217 0.16120218579234974 0.2384341637010676
3 0.30191256830601093 0.20640569395017794 0.04644808743169399 0.028469750889679714
3 0.337431693989071 0.4252669039145907 0.08469945355191257 0.060498220640569395
3 0.3907103825136612 0.7224199288256228 0.03278688524590164 0.03558718861209964
3 0.38114754098360654 0.7615658362989324 0.11202185792349727 0.028469750889679714
3 0.5546448087431693 0.9021352313167259 0.09836065573770492 0.060498220640569395
3 0.48360655737704916 0.9572953736654803 0.19672131147540983 0.028469750889679714
3 0.5546448087431693 0.7740213523131673 0.02185792349726776 0.03202846975088968
3 0.8674863387978142 0.5960854092526691 0.01912568306010929 0.03914590747330961
3 0.8975409836065574 0.5017793594306049 0.030054644808743168 0.028469750889679714
3 0.8756830601092896 0.3612099644128114 0.030054644808743168 0.03202846975088968
3 0.9112021857923497 0.37188612099644125 0.02459016393442623 0.02491103202846975