3 0.5630081300813009 0.7168021680216802 0.032520325203252036 0.06775067750677506
3 0.5223577235772359 0.7669376693766937 0.06097560975609757 0.02168021680216802
3 0.4634146341463415 0.7710027100271003 0.03658536585365854 0.018970189701897018
3 0.5294715447154472 0.9634146341463414 0.022357723577235776 0.02981029810298103
3 0.29268292682926833 0.037940379403794036 0.06910569105691057 0.07588075880758807
3 0.3008130081300813 0.22086720867208673 0.11788617886178863 0.02981029810298103
3 0.410569105691057 0.2181571815718157 0.016260162601626018 0.024390243902439025
3 0.6128048780487806 0.25474254742547425 0.01829268292682927 0.02168021680216802
2 0.676829268292683 0.6476964769647696 0.17073170731707318 0.11382113821138211
2 0.2063008130081301 0.6924119241192412 0.3841463414634147 0.2953929539295393
3 0.44817073170731714 0.6043360433604336 0.15650406504065043 0.13550135501355012