1 0.4753246753246753 0.3189655172413793 0.046753246753246755 0.05172413793103448
3 0.7480519480519481 0.07758620689655173 0.025974025974025976 0.05172413793103448
3 0.37402597402597404 0.16724137931034483 0.025974025974025976 0.05172413793103448
3 0.6688311688311688 0.3103448275862069 0.03896103896103896 0.027586206896551724
3 0.7727272727272727 0.17758620689655172 0.023376623376623377 0.017241379310344827
3 0.42727272727272725 0.6586206896551724 0.01818181818181818 0.027586206896551724
3 0.8025974025974026 0.5155172413793103 0.02077922077922078 0.02413793103448276
3 0.948051948051948 0.6689655172413793 0.02077922077922078 0.034482758620689655
3 0.8909090909090909 0.8706896551724138 0.025974025974025976 0.03793103448275862
3 0.21168831168831168 0.9551724137931035 0.02857142857142857 0.04827586206896552
2 0.33116883116883117 0.9241379310344827 0.16883116883116883 0.13103448275862067
2 0.04155844155844156 0.8862068965517241 0.07792207792207792 0.21379310344827585
4 0.04415584415584416 0.8620689655172413 0.025974025974025976 0.041379310344827586
2 0.7402597402597403 0.8655172413793103 0.22337662337662337 0.24137931034482757
2 0.4597402597402597 0.12758620689655173 0.15064935064935064 0.25517241379310346
2 0.8805194805194805 0.21551724137931033 0.22337662337662337 0.3413793103448276