4 0.10814249363867685 0.6337792642140468 0.20610687022900764 0.6722408026755853
4 0.1577608142493639 0.8745819397993311 0.06615776081424937 0.06354515050167224
4 0.19592875318066158 0.7207357859531772 0.04071246819338423 0.056856187290969896
4 0.19592875318066158 0.32441471571906355 0.03053435114503817 0.033444816053511704
3 0.1513994910941476 0.959866220735786 0.03816793893129771 0.020066889632107024
4 0.015267175572519085 0.6304347826086957 0.020356234096692113 0.0903010033444816
4 0.013994910941475827 0.5535117056856187 0.017811704834605598 0.030100334448160536
4 0.020356234096692113 0.4882943143812709 0.025445292620865142 0.05351170568561873
2 0.30025445292620867 0.3110367892976589 0.1628498727735369 0.2408026755852843
3 0.3142493638676845 0.18729096989966554 0.04325699745547074 0.026755852842809364
3 0.3384223918575064 0.41304347826086957 0.08651399491094149 0.06354515050167224
3 0.37786259541984735 0.7190635451505016 0.033078880407124686 0.033444816053511704
3 0.3676844783715013 0.7575250836120401 0.11450381679389314 0.030100334448160536
3 0.5356234096692112 0.9147157190635451 0.09923664122137406 0.06354515050167224
3 0.46055979643765904 0.9648829431438127 0.19847328244274812 0.030100334448160536
3 0.5419847328244275 0.782608695652174 0.020356234096692113 0.033444816053511704
3 0.8651399491094148 0.6270903010033445 0.020356234096692113 0.03678929765886287
3 0.9020356234096693 0.5351170568561873 0.027989821882951654 0.026755852842809364
3 0.8854961832061069 0.3896321070234114 0.03053435114503817 0.030100334448160536
3 0.9211195928753181 0.40468227424749165 0.025445292620865142 0.026755852842809364