1 0.5172764227642277 0.3170731707317073 0.042682926829268296 0.04878048780487805
3 0.24085365853658539 0.07859078590785908 0.022357723577235776 0.04878048780487805
3 0.6178861788617886 0.16260162601626016 0.024390243902439025 0.04878048780487805
3 0.3231707317073171 0.31029810298102983 0.03658536585365854 0.024390243902439025
3 0.21747967479674798 0.17886178861788618 0.020325203252032523 0.016260162601626015
3 0.568089430894309 0.6612466124661247 0.014227642276422765 0.02168021680216802
3 0.18902439024390247 0.5203252032520325 0.016260162601626018 0.02168021680216802
3 0.04369918699186992 0.6775067750677507 0.01829268292682927 0.03252032520325203
3 0.10264227642276424 0.8807588075880759 0.022357723577235776 0.03252032520325203
3 0.785569105691057 0.9579945799457995 0.026422764227642278 0.04607046070460705
2 0.6666666666666667 0.9295392953929539 0.16666666666666669 0.13008130081300812
2 0.9573170731707318 0.8875338753387534 0.07723577235772358 0.2140921409214092
4 0.9552845528455286 0.8631436314363143 0.024390243902439025 0.04065040650406504
2 0.2540650406504065 0.8739837398373984 0.22357723577235775 0.24119241192411925
2 0.5315040650406505 0.12466124661246612 0.1483739837398374 0.25474254742547425
2 0.10873983739837399 0.2181571815718157 0.22154471544715448 0.34417344173441733