3 0.3658536585365854 0.7140921409214093 0.032520325203252036 0.06775067750677506
3 0.40650406504065045 0.7642276422764228 0.06097560975609757 0.02168021680216802
3 0.4654471544715448 0.7682926829268293 0.03658536585365854 0.018970189701897018
3 0.39939024390243905 0.9607046070460704 0.022357723577235776 0.02981029810298103
3 0.6361788617886179 0.03523035230352303 0.06910569105691057 0.07588075880758807
3 0.628048780487805 0.2181571815718157 0.11788617886178863 0.02981029810298103
3 0.5182926829268293 0.21544715447154472 0.016260162601626018 0.024390243902439025
3 0.31605691056910573 0.25203252032520324 0.01829268292682927 0.02168021680216802
2 0.2520325203252033 0.6449864498644986 0.17073170731707318 0.11382113821138211
2 0.7225609756097562 0.6897018970189702 0.3841463414634147 0.2953929539295393
3 0.4806910569105692 0.6016260162601627 0.15650406504065043 0.13550135501355012