2 0.47198879551820727 0.9444444444444445 0.06442577030812326 0.08148148148148149
2 0.3823529411764706 0.9685185185185186 0.08683473389355742 0.040740740740740744
2 0.38095238095238093 0.8777777777777778 0.07282913165266107 0.08888888888888889
2 0.0196078431372549 0.6518518518518519 0.028011204481792718 0.08148148148148149
2 0.226890756302521 0.4703703703703704 0.06722689075630252 0.07407407407407407
2 0.2815126050420168 0.4814814814814815 0.036414565826330535 0.05925925925925926
2 0.6512605042016807 0.11666666666666667 0.09803921568627451 0.12222222222222223
2 0.6834733893557423 0.46111111111111114 0.0784313725490196 0.0925925925925926
2 0.5602240896358543 0.5685185185185185 0.07282913165266107 0.07777777777777778
2 0.6218487394957983 0.6981481481481482 0.0784313725490196 0.07777777777777778
2 0.9621848739495799 0.7592592592592593 0.06442577030812326 0.07407407407407407
2 0.7521008403361344 0.888888888888889 0.04201680672268908 0.08888888888888889
2 0.8291316526610645 0.7074074074074075 0.04481792717086835 0.0962962962962963
2 0.27450980392156865 0.8277777777777778 0.022408963585434174 0.06296296296296297
4 0.4733893557422969 0.9685185185185186 0.0392156862745098 0.03333333333333333
4 0.3711484593837535 0.875925925925926 0.0196078431372549 0.02592592592592593