2 0.4766839378238342 0.052721088435374146 0.06217616580310881 0.0782312925170068
2 0.3873056994818653 0.028911564625850338 0.08549222797927461 0.03741496598639456
2 0.38601036269430056 0.11904761904761904 0.07253886010362695 0.08843537414965986
2 0.02461139896373057 0.336734693877551 0.02849740932642487 0.08163265306122448
2 0.22927461139896374 0.5187074829931972 0.06476683937823835 0.07142857142857142
2 0.2823834196891192 0.5068027210884354 0.036269430051813475 0.05442176870748299
2 0.6463730569948187 0.8724489795918366 0.09585492227979275 0.11904761904761904
2 0.6813471502590673 0.5340136054421768 0.07772020725388601 0.08843537414965986
2 0.5595854922279793 0.4268707482993197 0.07253886010362695 0.0782312925170068
2 0.6230569948186528 0.29931972789115646 0.08031088082901555 0.08163265306122448
2 0.9598445595854923 0.24319727891156462 0.06476683937823835 0.07142857142857142
2 0.7538860103626943 0.11224489795918367 0.04145077720207254 0.08843537414965986
2 0.8303108808290156 0.2925170068027211 0.044041450777202076 0.09523809523809523
2 0.27979274611398963 0.16666666666666666 0.02590673575129534 0.061224489795918366
4 0.477979274611399 0.030612244897959183 0.038860103626943004 0.03401360544217687
4 0.3756476683937824 0.11904761904761904 0.02072538860103627 0.027210884353741496