3 0.17989417989417988 0.1346153846153846 0.12698412698412698 0.038461538461538464
3 0.13756613756613756 0.6625874125874126 0.031746031746031744 0.05244755244755245
3 0.164021164021164 0.6643356643356644 0.015873015873015872 0.04895104895104895
3 0.19047619047619047 0.6695804195804196 0.042328042328042326 0.05944055944055944
3 0.07275132275132275 0.833916083916084 0.03968253968253968 0.05944055944055944
3 0.20767195767195767 0.798951048951049 0.0291005291005291 0.06643356643356643
3 0.32936507936507936 0.6993006993006993 0.04497354497354497 0.06993006993006994
3 0.5582010582010581 0.7447552447552448 0.031746031746031744 0.04195804195804196
3 0.29894179894179895 0.7657342657342657 0.05291005291005291 0.027972027972027972
3 0.328042328042328 0.8006993006993007 0.031746031746031744 0.06993006993006994
1 0.9563492063492063 0.3146853146853147 0.03968253968253968 0.04895104895104895
3 0.7301587301587301 0.34615384615384615 0.042328042328042326 0.04195804195804196
3 0.8492063492063492 0.24825174825174826 0.026455026455026454 0.03496503496503497
3 0.6005291005291005 0.3811188811188811 0.07936507936507936 0.04895104895104895
3 0.5648148148148148 0.46678321678321677 0.03439153439153439 0.045454545454545456