2 0.6031746031746031 0.20989761092150172 0.3862433862433862 0.2832764505119454
2 0.9193121693121693 0.6979522184300342 0.1349206349206349 0.2627986348122867
3 0.9246031746031745 0.18771331058020477 0.03968253968253968 0.034129692832764506
3 0.6997354497354497 0.43686006825938567 0.10317460317460317 0.034129692832764506
3 0.664021164021164 0.47440273037542663 0.08465608465608465 0.027303754266211604
3 0.5529100529100529 0.7372013651877133 0.015873015873015872 0.040955631399317405
3 0.8015873015873015 0.8003412969283277 0.021164021164021163 0.023890784982935155
1 0.5066137566137566 0.878839590443686 0.09259259259259259 0.04436860068259386
3 0.7619047619047619 0.9078498293515358 0.021164021164021163 0.020477815699658702
3 0.37566137566137564 0.1416382252559727 0.021164021164021163 0.030716723549488054
3 0.376984126984127 0.1757679180887372 0.018518518518518517 0.023890784982935155