1 0.09511568123393316 0.19594594594594594 0.08226221079691516 0.11486486486486487
1 0.7712082262210797 0.4577702702702703 0.2056555269922879 0.13851351351351351
1 0.8727506426735218 0.6385135135135136 0.10539845758354754 0.10810810810810811
1 0.577120822622108 0.9087837837837839 0.2185089974293059 0.14189189189189189
1 0.3611825192802056 0.7770270270270271 0.08483290488431876 0.08108108108108109
1 0.8508997429305912 0.8361486486486487 0.051413881748071974 0.15202702702702703
1 0.9768637532133675 0.8513513513513514 0.030848329048843187 0.08783783783783784
1 0.9781491002570694 0.9408783783783784 0.028277634961439587 0.037162162162162164
1 0.6285347043701799 0.4222972972972973 0.06940874035989716 0.08108108108108109
3 0.27249357326478146 0.9611486486486487 0.03598971722365038 0.030405405405405407
3 0.5552699228791773 0.8631756756756758 0.025706940874035987 0.030405405405405407
3 0.2403598971722365 0.6621621621621622 0.05912596401028277 0.033783783783783786
3 0.31619537275064263 0.6655405405405406 0.025706940874035987 0.033783783783783786
3 0.34575835475578404 0.6148648648648649 0.04370179948586118 0.05405405405405406
3 0.5038560411311054 0.4239864864864865 0.04113110539845758 0.030405405405405407
3 0.5604113110539846 0.38682432432432434 0.025706940874035987 0.04391891891891892
3 0.852185089974293 0.010135135135135136 0.04884318766066838 0.02027027027027027