2 0.3739837398373984 0.7981029810298103 0.4024390243902439 0.3008130081300813
2 0.06910569105691057 0.24254742547425473 0.13821138211382114 0.2791327913279133
3 0.03556910569105692 0.7940379403794038 0.03861788617886179 0.03252032520325203
3 0.28455284552845533 0.5447154471544715 0.10569105691056911 0.03252032520325203
3 0.32418699186991873 0.5067750677506775 0.08739837398373984 0.02710027100271003
3 0.45325203252032525 0.23170731707317074 0.012195121951219513 0.04065040650406504
3 0.19715447154471546 0.14227642276422764 0.020325203252032523 0.024390243902439025
1 0.5091463414634146 0.08265582655826559 0.09552845528455285 0.04607046070460705
3 0.24288617886178865 0.02981029810298103 0.01829268292682927 0.02168021680216802
3 0.6077235772357724 0.8915989159891599 0.020325203252032523 0.02710027100271003
3 0.6077235772357724 0.8536585365853658 0.016260162601626018 0.02168021680216802