1 0.26930894308943093 0.5867208672086721 0.034552845528455285 0.03523035230352303
1 0.350609756097561 0.5826558265582655 0.05081300813008131 0.04878048780487805
3 0.04979674796747968 0.3170731707317073 0.0467479674796748 0.02710027100271003
3 0.7205284552845529 0.06233062330623306 0.014227642276422765 0.04878048780487805
3 0.7398373983739838 0.02710027100271003 0.024390243902439025 0.016260162601626015
3 0.22052845528455287 0.4268292682926829 0.07520325203252033 0.06775067750677506
3 0.13109756097560976 0.491869918699187 0.0467479674796748 0.04607046070460705
3 0.1626016260162602 0.5 0.020325203252032523 0.04065040650406504
3 0.13008130081300814 0.6504065040650406 0.020325203252032523 0.02710027100271003
3 0.8445121951219513 0.491869918699187 0.05487804878048781 0.051490514905149054
3 0.7713414634146343 0.510840108401084 0.022357723577235776 0.04065040650406504
3 0.7723577235772359 0.5501355013550135 0.016260162601626018 0.02710027100271003
3 0.7205284552845529 0.8672086720867209 0.05081300813008131 0.08672086720867209
3 0.30487804878048785 0.8712737127371274 0.04065040650406505 0.04065040650406504