2 0.4064171122994652 0.7954545454545454 0.3957219251336898 0.2902097902097902
2 0.1229946524064171 0.2517482517482518 0.13903743315508021 0.2727272727272727
3 0.07620320855614973 0.777972027972028 0.040106951871657755 0.03146853146853147
3 0.3248663101604278 0.548951048951049 0.10427807486631016 0.03496503496503497
3 0.3649732620320855 0.5157342657342657 0.08823529411764705 0.03146853146853147
3 0.49732620320855614 0.25874125874125875 0.0160427807486631 0.04195804195804196
3 0.24999999999999997 0.16083916083916083 0.02406417112299465 0.027972027972027972
1 0.5561497326203209 0.11888111888111888 0.0962566844919786 0.04895104895104895
3 0.29679144385026734 0.057692307692307696 0.0213903743315508 0.024475524475524476
3 0.6323529411764706 0.8951048951048951 0.02406417112299465 0.027972027972027972
3 0.6323529411764706 0.8583916083916084 0.01871657754010695 0.024475524475524476