1 0.9085872576177285 0.7937956204379562 0.08310249307479224 0.11313868613138686
1 0.23268698060941828 0.5346715328467153 0.20498614958448755 0.14233576642335766
1 0.13019390581717452 0.3521897810218978 0.10526315789473684 0.11313868613138686
1 0.425207756232687 0.08211678832116788 0.2188365650969529 0.14233576642335766
1 0.6412742382271468 0.2116788321167883 0.08587257617728532 0.08029197080291971
1 0.1523545706371191 0.15328467153284672 0.04986149584487535 0.15328467153284672
1 0.02631578947368421 0.1386861313868613 0.030470914127423823 0.08759124087591241
1 0.024930747922437674 0.04744525547445255 0.027700831024930747 0.0364963503649635
1 0.37534626038781166 0.5675182481751825 0.06925207756232687 0.07664233576642336
3 0.7299168975069252 0.027372262773722626 0.036011080332409975 0.032846715328467155
3 0.4473684210526316 0.12773722627737225 0.024930747922437674 0.029197080291970802
3 0.760387811634349 0.3284671532846715 0.05817174515235457 0.0364963503649635
3 0.685595567867036 0.322992700729927 0.024930747922437674 0.032846715328467155
3 0.6565096952908587 0.3740875912408759 0.0443213296398892 0.05474452554744525
3 0.5 0.5675182481751825 0.04155124653739612 0.032846715328467155
3 0.44182825484764543 0.6058394160583941 0.024930747922437674 0.043795620437956206
3 0.15096952908587258 0.9799270072992701 0.04709141274238227 0.01824817518248175