1 0.31088082901554404 0.5784982935153584 0.036269430051813475 0.03754266211604096
1 0.3898963730569948 0.5716723549488054 0.054404145077720206 0.051194539249146756
3 0.08937823834196891 0.32081911262798635 0.04922279792746114 0.027303754266211604
3 0.7487046632124352 0.05631399317406143 0.015544041450777202 0.051194539249146756
3 0.766839378238342 0.023890784982935155 0.02590673575129534 0.020477815699658702
3 0.2590673575129534 0.4232081911262799 0.07772020725388601 0.06825938566552901
3 0.172279792746114 0.4880546075085324 0.04922279792746114 0.04778156996587031
3 0.2033678756476684 0.49658703071672355 0.023316062176165803 0.04436860068259386
3 0.17357512953367876 0.643344709897611 0.02072538860103627 0.030716723549488054
3 0.8756476683937824 0.47440273037542663 0.05699481865284974 0.05460750853242321
3 0.8044041450777203 0.4931740614334471 0.023316062176165803 0.04436860068259386
3 0.8069948186528497 0.5324232081911263 0.018134715025906738 0.027303754266211604
3 0.7590673575129534 0.8430034129692833 0.05181347150259068 0.08873720136518772
3 0.3484455958549223 0.8549488054607509 0.044041450777202076 0.04436860068259386