3 0.054987212276214836 0.758957654723127 0.01790281329923274 0.026058631921824105
3 0.03964194373401535 0.7312703583061889 0.023017902813299233 0.02280130293159609
3 0.054987212276214836 0.7068403908794788 0.04859335038363172 0.03908794788273616
3 0.13554987212276215 0.6058631921824105 0.09718670076726343 0.09120521172638436
3 0.1329923273657289 0.6758957654723128 0.08184143222506395 0.1205211726384365
3 0.772378516624041 0.5700325732899023 0.025575447570332484 0.07817589576547232
3 0.08312020460358056 0.05211726384364821 0.03324808184143223 0.026058631921824105
1 0.4501278772378517 0.9332247557003258 0.025575447570332484 0.02280130293159609
1 0.3081841432225064 0.8762214983713356 0.02813299232736573 0.03257328990228013
1 0.3938618925831202 0.8664495114006515 0.015345268542199489 0.01954397394136808
1 0.3644501278772379 0.8355048859934854 0.023017902813299233 0.02931596091205212