1 0.8769430051813472 0.1456953642384106 0.08031088082901555 0.10596026490066225
1 0.24870466321243523 0.4735099337748344 0.19689119170984457 0.13245033112582782
1 0.1645077720207254 0.6556291390728477 0.10103626943005181 0.10596026490066225
1 0.4676165803108808 0.8708609271523179 0.20984455958549222 0.13245033112582782
1 0.6658031088082902 0.7218543046357616 0.08290155440414508 0.0728476821192053
1 0.1994818652849741 0.8360927152317881 0.046632124352331605 0.1423841059602649
1 0.08031088082901555 0.8675496688741722 0.031088082901554404 0.07947019867549669
1 0.08678756476683938 0.9519867549668874 0.02849740932642487 0.03642384105960265
1 0.383419689119171 0.423841059602649 0.06735751295336788 0.0728476821192053
3 0.7629533678756477 0.8824503311258278 0.03367875647668394 0.029801324503311258
3 0.48575129533678757 0.8245033112582781 0.023316062176165803 0.026490066225165563
3 0.7720207253886011 0.5993377483443708 0.05699481865284974 0.033112582781456956
3 0.6994818652849741 0.6109271523178808 0.02590673575129534 0.029801324503311258
3 0.667098445595855 0.5678807947019867 0.038860103626943004 0.04966887417218543
3 0.5012953367875648 0.40894039735099336 0.038860103626943004 0.029801324503311258
3 0.44430051813471505 0.38079470198675497 0.023316062176165803 0.039735099337748346
3 0.13601036269430053 0.06788079470198675 0.044041450777202076 0.016556291390728478