2 0.459349593495935 0.1937669376693767 0.4024390243902439 0.3008130081300813
2 0.15447154471544716 0.7493224932249323 0.13821138211382114 0.2791327913279133
3 0.12093495934959352 0.1978319783197832 0.03861788617886179 0.03252032520325203
3 0.3699186991869919 0.44715447154471544 0.10569105691056911 0.03252032520325203
3 0.40955284552845533 0.48509485094850946 0.08739837398373984 0.02710027100271003
3 0.5386178861788619 0.7601626016260162 0.012195121951219513 0.04065040650406504
3 0.28252032520325204 0.8495934959349594 0.020325203252032523 0.024390243902439025
1 0.5945121951219513 0.9092140921409214 0.09552845528455285 0.04607046070460705
3 0.32825203252032525 0.962059620596206 0.01829268292682927 0.02168021680216802
3 0.693089430894309 0.1002710027100271 0.020325203252032523 0.02710027100271003
3 0.693089430894309 0.13821138211382114 0.016260162601626018 0.02168021680216802