1 0.10212201591511935 0.8192982456140351 0.08222811671087532 0.11578947368421053
1 0.7718832891246684 0.5228070175438596 0.20689655172413793 0.14035087719298245
1 0.870026525198939 0.3333333333333333 0.10610079575596816 0.11228070175438597
1 0.5649867374005305 0.07719298245614035 0.21750663129973474 0.14035087719298245
1 0.35278514588859416 0.2192982456140351 0.08488063660477453 0.08070175438596491
1 0.8421750663129973 0.1368421052631579 0.05039787798408488 0.1543859649122807
1 0.9681697612732095 0.11403508771929825 0.03183023872679045 0.08771929824561403
1 0.9668435013262598 0.02280701754385965 0.029177718832891244 0.03859649122807018
1 0.6312997347480106 0.5631578947368421 0.06896551724137931 0.08070175438596491
3 0.259946949602122 0.03859649122807018 0.03713527851458886 0.03508771929824561
3 0.5450928381962864 0.12456140350877193 0.023872679045092837 0.031578947368421054
3 0.23607427055702918 0.34385964912280703 0.05835543766578249 0.03508771929824561
3 0.3103448275862069 0.3350877192982456 0.02652519893899204 0.031578947368421054
3 0.3421750663129973 0.3842105263157895 0.042440318302387266 0.052631578947368425
3 0.5053050397877984 0.5701754385964912 0.03978779840848806 0.031578947368421054
3 0.5636604774535808 0.6052631578947368 0.023872679045092837 0.0456140350877193
3 0.8687002652519893 0.9701754385964912 0.04509283819628647 0.017543859649122806