1 0.7212885154061625 0.4312267657992565 0.036414565826330535 0.03717472118959107
1 0.6400560224089636 0.43494423791821557 0.05322128851540616 0.05204460966542751
3 0.9355742296918768 0.6988847583643122 0.05042016806722689 0.02973977695167286
3 0.27170868347338933 0.9405204460966542 0.01680672268907563 0.05204460966542751
3 0.2507002801120448 0.9739776951672862 0.025210084033613446 0.022304832713754646
3 0.7675070028011205 0.5892193308550185 0.0784313725490196 0.07063197026022304
3 0.8571428571428571 0.5260223048327137 0.05042016806722689 0.0483271375464684
3 0.8263305322128852 0.516728624535316 0.022408963585434174 0.04460966542750929
3 0.8599439775910365 0.3698884758364312 0.022408963585434174 0.03345724907063197
3 0.15126050420168066 0.5148698884758364 0.056022408963585436 0.055762081784386616
3 0.22408963585434175 0.49814126394052044 0.022408963585434174 0.04460966542750929
3 0.22268907563025211 0.4591078066914498 0.0196078431372549 0.03345724907063197
3 0.2773109243697479 0.1486988847583643 0.05042016806722689 0.08921933085501858
3 0.6876750700280112 0.1486988847583643 0.04201680672268908 0.04460966542750929