1 0.9004065040650407 0.8211382113821138 0.0813008130081301 0.11382113821138211
1 0.21747967479674798 0.5311653116531165 0.20731707317073172 0.14092140921409213
1 0.116869918699187 0.34010840108401086 0.10365853658536586 0.1111111111111111
1 0.42276422764227645 0.07046070460704607 0.21951219512195125 0.14092140921409213
1 0.6402439024390244 0.2127371273712737 0.08536585365853659 0.07859078590785908
1 0.14227642276422767 0.13685636856368563 0.04878048780487805 0.15447154471544716
1 0.014227642276422765 0.11653116531165311 0.02845528455284553 0.08672086720867209
1 0.015243902439024392 0.023035230352303523 0.026422764227642278 0.03523035230352303
1 0.3617886178861789 0.5704607046070461 0.06910569105691057 0.07859078590785908
3 0.7327235772357724 0.025745257452574527 0.034552845528455285 0.02981029810298103
3 0.4441056910569106 0.11924119241192412 0.022357723577235776 0.02710027100271003
3 0.7601626016260163 0.33604336043360433 0.05691056910569106 0.03252032520325203
3 0.6839430894308944 0.32926829268292684 0.022357723577235776 0.02981029810298103
3 0.6524390243902439 0.3807588075880759 0.04065040650406505 0.051490514905149054
3 0.4888211382113822 0.5745257452574526 0.03861788617886179 0.02710027100271003
3 0.42987804878048785 0.6111111111111112 0.022357723577235776 0.04065040650406504
3 0.12601626016260165 0.989159891598916 0.04471544715447155 0.016260162601626015