3 0.06504065040650407 0.16124661246612465 0.016260162601626018 0.024390243902439025
3 0.047764227642276426 0.1897018970189702 0.022357723577235776 0.02168021680216802
3 0.06199186991869919 0.2181571815718157 0.0467479674796748 0.04065040650406504
3 0.13922764227642279 0.33875338753387535 0.09959349593495936 0.0975609756097561
3 0.14126016260162602 0.26151761517615174 0.08333333333333334 0.12737127371273713
3 0.809959349593496 0.453929539295393 0.026422764227642278 0.08401084010840108
3 0.04573170731707318 0.9444444444444444 0.034552845528455285 0.024390243902439025
1 0.49491869918699194 0.014905149051490514 0.022357723577235776 0.018970189701897018
1 0.3404471544715448 0.06097560975609756 0.026422764227642278 0.03523035230352303
1 0.4319105691056911 0.08265582655826559 0.014227642276422765 0.018970189701897018
1 0.3973577235772358 0.11246612466124661 0.022357723577235776 0.02981029810298103