3 0.07723577235772358 0.16395663956639567 0.016260162601626018 0.024390243902439025
3 0.05995934959349594 0.19241192411924118 0.022357723577235776 0.02168021680216802
3 0.0741869918699187 0.22086720867208673 0.0467479674796748 0.04065040650406504
3 0.15142276422764228 0.34146341463414637 0.09959349593495936 0.0975609756097561
3 0.15345528455284554 0.26422764227642276 0.08333333333333334 0.12737127371273713
3 0.8221544715447155 0.45663956639566394 0.026422764227642278 0.08401084010840108
3 0.057926829268292686 0.9471544715447154 0.034552845528455285 0.024390243902439025
1 0.5071138211382115 0.017615176151761516 0.022357723577235776 0.018970189701897018
1 0.35264227642276424 0.06368563685636856 0.026422764227642278 0.03523035230352303
1 0.4441056910569106 0.08536585365853659 0.014227642276422765 0.018970189701897018
1 0.40955284552845533 0.11517615176151762 0.022357723577235776 0.02981029810298103