3 0.85546875 0.8344481605351171 0.018229166666666664 0.023411371237458192
3 0.8736979166666666 0.8093645484949833 0.0234375 0.020066889632107024
3 0.8619791666666666 0.782608695652174 0.046875 0.04013377926421405
3 0.7942708333333333 0.6655518394648829 0.09895833333333333 0.09364548494983277
3 0.7890625 0.7357859531772575 0.08333333333333333 0.12040133779264214
3 0.16276041666666666 0.5050167224080268 0.028645833333333332 0.0802675585284281
3 0.9127604166666666 0.11872909698996656 0.033854166666666664 0.023411371237458192
1 0.44140625 0.9331103678929765 0.0234375 0.020066889632107024
1 0.58984375 0.903010033444816 0.028645833333333332 0.033444816053511704
1 0.5052083333333333 0.8762541806020067 0.015625 0.020066889632107024
1 0.5377604166666666 0.8511705685618729 0.0234375 0.030100334448160536