1 0.8482587064676617 0.8365079365079365 0.07960199004975124 0.10476190476190476
1 0.22388059701492538 0.5095238095238095 0.1990049751243781 0.13015873015873017
1 0.14054726368159204 0.326984126984127 0.10199004975124377 0.10158730158730159
1 0.4427860696517413 0.11587301587301588 0.208955223880597 0.13015873015873017
1 0.6393034825870647 0.2650793650793651 0.0845771144278607 0.07301587301587302
1 0.17661691542288557 0.14603174603174604 0.04975124378109452 0.13968253968253969
1 0.0572139303482587 0.11587301587301588 0.029850746268656716 0.07936507936507936
1 0.06343283582089553 0.03015873015873016 0.02736318407960199 0.03492063492063492
1 0.35696517412935325 0.5571428571428572 0.06716417910447761 0.07301587301587302
3 0.736318407960199 0.10634920634920635 0.03482587064676617 0.02857142857142857
3 0.4614427860696517 0.16031746031746033 0.022388059701492536 0.02857142857142857
3 0.7450248756218906 0.3873015873015873 0.0572139303482587 0.031746031746031744
3 0.6741293532338308 0.373015873015873 0.02487562189054726 0.02857142857142857
3 0.6417910447761194 0.4158730158730159 0.03980099502487562 0.050793650793650794
3 0.47636815920398007 0.5746031746031746 0.03731343283582089 0.025396825396825397
3 0.4191542288557214 0.6015873015873016 0.022388059701492536 0.04126984126984127
3 0.11069651741293532 0.9111111111111111 0.04228855721393035 0.01904761904761905