1 0.8696202531645569 0.823529411764706 0.07848101265822785 0.11111111111111112
1 0.22658227848101267 0.5081699346405228 0.2 0.13398692810457516
1 0.1379746835443038 0.3235294117647059 0.10379746835443038 0.10457516339869281
1 0.44303797468354433 0.09313725490196079 0.21265822784810126 0.13398692810457516
1 0.6443037974683544 0.24019607843137256 0.08354430379746836 0.07516339869281045
1 0.17088607594936708 0.13562091503267976 0.04810126582278481 0.14705882352941177
1 0.04810126582278481 0.10784313725490197 0.03037974683544304 0.08496732026143791
1 0.05443037974683544 0.021241830065359478 0.027848101265822784 0.03594771241830066
1 0.3632911392405063 0.553921568627451 0.06835443037974684 0.07516339869281045
3 0.7417721518987342 0.07352941176470588 0.035443037974683546 0.029411764705882353
3 0.4607594936708861 0.14052287581699346 0.02531645569620253 0.026143790849673203
3 0.7544303797468355 0.3627450980392157 0.05569620253164557 0.032679738562091505
3 0.6822784810126582 0.35294117647058826 0.02278481012658228 0.032679738562091505
3 0.649367088607595 0.39869281045751637 0.043037974683544304 0.05228758169934641
3 0.4848101265822785 0.5669934640522876 0.0379746835443038 0.029411764705882353
3 0.42658227848101266 0.5964052287581699 0.02278481012658228 0.042483660130718956
3 0.12151898734177216 0.9264705882352942 0.04556962025316456 0.016339869281045753