1 0.9146341463414636 0.8184281842818428 0.0813008130081301 0.11382113821138211
1 0.23170731707317074 0.5284552845528455 0.20731707317073172 0.14092140921409213
1 0.13109756097560976 0.33739837398373984 0.10365853658536586 0.1111111111111111
1 0.43699186991869926 0.06775067750677506 0.21951219512195125 0.14092140921409213
1 0.6544715447154472 0.21002710027100271 0.08536585365853659 0.07859078590785908
1 0.15650406504065043 0.13414634146341464 0.04878048780487805 0.15447154471544716
1 0.02845528455284553 0.11382113821138211 0.02845528455284553 0.08672086720867209
1 0.02947154471544716 0.02032520325203252 0.026422764227642278 0.03523035230352303
1 0.37601626016260165 0.5677506775067751 0.06910569105691057 0.07859078590785908
3 0.7469512195121952 0.023035230352303523 0.034552845528455285 0.02981029810298103
3 0.45833333333333337 0.11653116531165311 0.022357723577235776 0.02710027100271003
3 0.7743902439024392 0.3333333333333333 0.05691056910569106 0.03252032520325203
3 0.6981707317073171 0.3265582655826558 0.022357723577235776 0.02981029810298103
3 0.6666666666666667 0.3780487804878049 0.04065040650406505 0.051490514905149054
3 0.5030487804878049 0.5718157181571816 0.03861788617886179 0.02710027100271003
3 0.4441056910569106 0.6084010840108401 0.022357723577235776 0.04065040650406504
3 0.1402439024390244 0.986449864498645 0.04471544715447155 0.016260162601626015