2 0.6219512195121952 0.7981029810298103 0.4024390243902439 0.3008130081300813
2 0.926829268292683 0.24254742547425473 0.13821138211382114 0.2791327913279133
3 0.9603658536585367 0.7940379403794038 0.03861788617886179 0.03252032520325203
3 0.7113821138211383 0.5447154471544715 0.10569105691056911 0.03252032520325203
3 0.6717479674796749 0.5067750677506775 0.08739837398373984 0.02710027100271003
3 0.5426829268292683 0.23170731707317074 0.012195121951219513 0.04065040650406504
3 0.7987804878048781 0.14227642276422764 0.020325203252032523 0.024390243902439025
1 0.4867886178861789 0.08265582655826559 0.09552845528455285 0.04607046070460705
3 0.753048780487805 0.02981029810298103 0.01829268292682927 0.02168021680216802
3 0.38821138211382117 0.8915989159891599 0.020325203252032523 0.02710027100271003
3 0.38821138211382117 0.8536585365853658 0.016260162601626018 0.02168021680216802