3 0.9247967479674798 0.8360433604336044 0.016260162601626018 0.024390243902439025
3 0.9420731707317074 0.8075880758807588 0.022357723577235776 0.02168021680216802
3 0.9278455284552847 0.7791327913279132 0.0467479674796748 0.04065040650406504
3 0.8506097560975611 0.6585365853658537 0.09959349593495936 0.0975609756097561
3 0.8485772357723578 0.7357723577235772 0.08333333333333334 0.12737127371273713
3 0.17987804878048783 0.5433604336043361 0.026422764227642278 0.08401084010840108
3 0.9441056910569107 0.052845528455284556 0.034552845528455285 0.024390243902439025
1 0.49491869918699194 0.9823848238482384 0.022357723577235776 0.018970189701897018
1 0.649390243902439 0.9363143631436315 0.026422764227642278 0.03523035230352303
1 0.5579268292682927 0.9146341463414634 0.014227642276422765 0.018970189701897018
1 0.592479674796748 0.8848238482384824 0.022357723577235776 0.02981029810298103