2 0.4939024390243903 0.18292682926829268 0.4024390243902439 0.3008130081300813
2 0.18902439024390247 0.7384823848238482 0.13821138211382114 0.2791327913279133
3 0.1554878048780488 0.18699186991869918 0.03861788617886179 0.03252032520325203
3 0.4044715447154472 0.4363143631436314 0.10569105691056911 0.03252032520325203
3 0.4441056910569106 0.4742547425474255 0.08739837398373984 0.02710027100271003
3 0.5731707317073171 0.7493224932249323 0.012195121951219513 0.04065040650406504
3 0.3170731707317074 0.8387533875338753 0.020325203252032523 0.024390243902439025
1 0.6290650406504066 0.8983739837398373 0.09552845528455285 0.04607046070460705
3 0.36280487804878053 0.9512195121951219 0.01829268292682927 0.02168021680216802
3 0.7276422764227644 0.08943089430894309 0.020325203252032523 0.02710027100271003
3 0.7276422764227644 0.12737127371273713 0.016260162601626018 0.02168021680216802