1 0.8953168044077136 0.8205128205128205 0.08264462809917356 0.11721611721611722
1 0.21763085399449036 0.5274725274725275 0.209366391184573 0.14652014652014653
1 0.1184573002754821 0.33882783882783885 0.1046831955922865 0.11355311355311355
1 0.42424242424242425 0.07142857142857142 0.22038567493112948 0.14285714285714285
1 0.6391184573002755 0.21611721611721613 0.0881542699724518 0.08058608058608059
1 0.14462809917355374 0.13736263736263737 0.05234159779614325 0.1575091575091575
1 0.01790633608815427 0.11538461538461539 0.030303030303030304 0.09157509157509157
1 0.01790633608815427 0.021978021978021976 0.030303030303030304 0.03663003663003663
1 0.3608815426997245 0.5677655677655677 0.07162534435261708 0.08058608058608059
3 0.7327823691460056 0.031135531135531136 0.03856749311294766 0.03296703296703297
3 0.44490358126721763 0.12087912087912088 0.024793388429752067 0.029304029304029304
3 0.7589531680440772 0.336996336996337 0.05785123966942149 0.03663003663003663
3 0.6818181818181819 0.3315018315018315 0.024793388429752067 0.03296703296703297
3 0.6515151515151515 0.38278388278388276 0.04132231404958678 0.054945054945054944
3 0.48622589531680444 0.5732600732600732 0.04132231404958678 0.03296703296703297
3 0.4283746556473829 0.608058608058608 0.024793388429752067 0.04395604395604395
3 0.12534435261707988 0.9816849816849816 0.046831955922865015 0.021978021978021976