3 0.08356940509915015 0.15917602996254682 0.019830028328611898 0.026217228464419477
3 0.06657223796033995 0.18726591760299627 0.0254957507082153 0.02247191011235955
3 0.08073654390934845 0.2153558052434457 0.0481586402266289 0.04119850187265918
3 0.1558073654390935 0.3352059925093633 0.1019830028328612 0.10112359550561797
3 0.15864022662889518 0.25842696629213485 0.08498583569405099 0.12734082397003746
3 0.8172804532577904 0.45880149812734083 0.0311614730878187 0.08614232209737828
3 0.05807365439093485 0.9269662921348315 0.0368271954674221 0.026217228464419477
1 0.509915014164306 0.02247191011235955 0.0226628895184136 0.02247191011235955
1 0.3569405099150142 0.06741573033707865 0.028328611898016998 0.03745318352059925
1 0.4475920679886686 0.0898876404494382 0.0169971671388102 0.02247191011235955
1 0.4121813031161473 0.11797752808988764 0.0254957507082153 0.033707865168539325