3 0.04878048780487805 0.15582655826558264 0.016260162601626018 0.024390243902439025
3 0.03150406504065041 0.1842818428184282 0.022357723577235776 0.02168021680216802
3 0.04573170731707318 0.2127371273712737 0.0467479674796748 0.04065040650406504
3 0.12296747967479676 0.3333333333333333 0.09959349593495936 0.0975609756097561
3 0.125 0.25609756097560976 0.08333333333333334 0.12737127371273713
3 0.79369918699187 0.44850948509485095 0.026422764227642278 0.08401084010840108
3 0.02947154471544716 0.9390243902439024 0.034552845528455285 0.024390243902439025
1 0.4786585365853659 0.009485094850948509 0.022357723577235776 0.018970189701897018
1 0.32418699186991873 0.05555555555555555 0.026422764227642278 0.03523035230352303
1 0.4156504065040651 0.07723577235772358 0.014227642276422765 0.018970189701897018
1 0.3810975609756098 0.1070460704607046 0.022357723577235776 0.02981029810298103