2 0.4559659090909091 0.787593984962406 0.4005681818181818 0.2969924812030075
2 0.14914772727272727 0.24812030075187969 0.13920454545454547 0.2781954887218045
3 0.12215909090909091 0.7894736842105263 0.03977272727272727 0.03759398496240601
3 0.3650568181818182 0.5394736842105263 0.10511363636363637 0.03383458646616541
3 0.40482954545454547 0.5018796992481203 0.08806818181818182 0.03383458646616541
3 0.5298295454545454 0.22932330827067668 0.014204545454545456 0.045112781954887216
3 0.2755681818181818 0.14661654135338345 0.022727272727272728 0.03007518796992481
1 0.5823863636363636 0.08082706766917293 0.09659090909090909 0.04887218045112782
3 0.31960227272727276 0.03571428571428571 0.019886363636363636 0.02631578947368421
3 0.6875 0.8759398496240601 0.022727272727272728 0.03007518796992481
3 0.6875 0.8364661654135338 0.017045454545454544 0.02631578947368421