2 0.8337531486146096 0.6433224755700326 0.16624685138539042 0.15960912052117265
2 0.7594458438287154 0.247557003257329 0.06297229219143577 0.1498371335504886
2 0.7002518891687657 0.14169381107491857 0.0906801007556675 0.18566775244299674
2 0.3929471032745592 0.6530944625407167 0.31738035264483627 0.23778501628664497
2 0.1397984886649874 0.48697068403908794 0.24433249370277077 0.22475570032573292
2 0.08942065491183879 0.18403908794788273 0.09319899244332494 0.36156351791530944
2 0.7204030226700252 0.8583061889250815 0.10579345088161209 0.0749185667752443
2 0.9219143576826196 0.8941368078175896 0.07556675062972291 0.1986970684039088
4 0.7015113350125944 0.8615635179153095 0.017632241813602016 0.02280130293159609
4 0.6863979848866498 0.8517915309446255 0.012594458438287152 0.02931596091205212
4 0.8513853904282116 0.6970684039087948 0.03526448362720403 0.03257328990228013
4 0.8879093198992443 0.6286644951140066 0.042821158690176324 0.05863192182410424
4 0.8287153652392947 0.5960912052117264 0.025188916876574305 0.026058631921824105
4 0.8224181360201511 0.6433224755700326 0.022670025188916875 0.02931596091205212
4 0.517632241813602 0.6416938110749186 0.0327455919395466 0.026058631921824105
4 0.4370277078085642 0.5863192182410424 0.05289672544080604 0.05211726384364821
4 0.15491183879093198 0.48371335504886 0.017632241813602016 0.02931596091205212