2 0.09654471544715448 0.2994579945799458 0.19308943089430897 0.44173441734417346
2 0.43699186991869926 0.32926829268292684 0.48373983739837406 0.2086720867208672
2 0.8841463414634148 0.15582655826558264 0.10569105691056911 0.14363143631436315
2 0.777439024390244 0.48644986449864497 0.06300813008130082 0.1111111111111111
2 0.8963414634146343 0.489159891598916 0.032520325203252036 0.12195121951219512
2 0.9684959349593497 0.2181571815718157 0.034552845528455285 0.07317073170731707
2 0.7317073170731708 0.926829268292683 0.0894308943089431 0.14092140921409213
2 0.8973577235772359 0.8983739837398373 0.20121951219512196 0.1978319783197832
4 0.7428861788617886 0.94579945799458 0.010162601626016262 0.02168021680216802
4 0.7560975609756099 0.9525745257452575 0.008130081300813009 0.018970189701897018
4 0.7621951219512196 0.9336043360433605 0.008130081300813009 0.013550135501355014
4 0.8465447154471546 0.8807588075880759 0.014227642276422765 0.016260162601626015
4 0.8282520325203253 0.8577235772357723 0.014227642276422765 0.018970189701897018
4 0.8678861788617888 0.14092140921409213 0.012195121951219513 0.016260162601626015
4 0.03658536585365854 0.20596205962059622 0.07317073170731708 0.037940379403794036
4 0.04471544715447155 0.10298102981029811 0.020325203252032523 0.02168021680216802
4 0.09552845528455285 0.13279132791327913 0.024390243902439025 0.04878048780487805
4 0.1046747967479675 0.20596205962059622 0.030487804878048783 0.02710027100271003
4 0.1717479674796748 0.1842818428184282 0.014227642276422765 0.016260162601626015