2 0.14027777777777778 0.6291512915129152 0.17500000000000002 0.17343173431734316
2 0.23472222222222222 0.2121771217712177 0.0638888888888889 0.15867158671586715
2 0.3 0.1033210332103321 0.09444444444444444 0.1992619926199262
2 0.5972222222222222 0.6697416974169742 0.3277777777777778 0.25461254612546125
2 0.8652777777777778 0.5129151291512914 0.25277777777777777 0.24354243542435425
2 0.9319444444444445 0.1900369003690037 0.09722222222222222 0.38745387453874536
2 0.25 0.8671586715867159 0.11111111111111112 0.08118081180811808
2 0.03888888888888889 0.8892988929889298 0.07777777777777778 0.2140221402214022
4 0.26944444444444443 0.8690036900369004 0.016666666666666666 0.025830258302583026
4 0.2847222222222222 0.8616236162361623 0.01388888888888889 0.033210332103321034
4 0.11944444444444445 0.6863468634686347 0.03888888888888889 0.03690036900369004
4 0.08472222222222223 0.6088560885608856 0.04166666666666667 0.06642066420664207
4 0.1486111111111111 0.5793357933579336 0.025 0.02952029520295203
4 0.1513888888888889 0.6291512915129152 0.025 0.033210332103321034
4 0.46805555555555556 0.6494464944649446 0.036111111111111115 0.02952029520295203
4 0.5555555555555556 0.5977859778597786 0.05555555555555556 0.05166051660516605
4 0.851388888888889 0.507380073800738 0.019444444444444445 0.033210332103321034