2 0.10695876288659793 0.35855263157894735 0.18298969072164947 0.4013157894736842
2 0.42912371134020616 0.35197368421052627 0.45618556701030927 0.1907894736842105
2 0.8402061855670103 0.1513157894736842 0.10309278350515463 0.13157894736842105
2 0.7577319587628866 0.4588815789473684 0.061855670103092786 0.10197368421052631
2 0.8698453608247423 0.44901315789473684 0.03350515463917526 0.11513157894736842
2 0.922680412371134 0.19901315789473684 0.03608247422680412 0.06907894736842105
2 0.740979381443299 0.8585526315789473 0.08505154639175258 0.13157894736842105
2 0.895618556701031 0.8174342105263157 0.19329896907216496 0.18092105263157893
4 0.7525773195876289 0.8766447368421052 0.010309278350515464 0.023026315789473683
4 0.7654639175257731 0.8799342105263157 0.010309278350515464 0.023026315789473683
4 0.770618556701031 0.8634868421052632 0.010309278350515464 0.01644736842105263
4 0.8466494845360825 0.8059210526315789 0.01804123711340206 0.019736842105263157
4 0.8273195876288659 0.787828947368421 0.015463917525773196 0.023026315789473683
4 0.8234536082474226 0.1381578947368421 0.01288659793814433 0.019736842105263157
4 0.04639175257731959 0.27960526315789475 0.07216494845360824 0.039473684210526314
4 0.04768041237113402 0.18585526315789472 0.023195876288659795 0.023026315789473683
4 0.0979381443298969 0.20723684210526314 0.02577319587628866 0.046052631578947366
4 0.11082474226804123 0.2730263157894737 0.030927835051546393 0.02631578947368421
4 0.17268041237113402 0.24671052631578946 0.015463917525773196 0.019736842105263157