2 0.16141732283464566 0.641156462585034 0.17060367454068243 0.15986394557823128
2 0.23884514435695536 0.24149659863945577 0.06299212598425197 0.14965986394557823
2 0.2979002624671916 0.13605442176870747 0.09186351706036745 0.19047619047619047
2 0.60498687664042 0.6530612244897959 0.31758530183727035 0.23809523809523808
2 0.8595800524934383 0.4880952380952381 0.2440944881889764 0.22789115646258504
2 0.9120734908136483 0.18367346938775508 0.09186351706036745 0.36734693877551017
2 0.2742782152230971 0.858843537414966 0.10761154855643044 0.0782312925170068
2 0.0721784776902887 0.8928571428571428 0.07611548556430446 0.20068027210884354
4 0.2952755905511811 0.8622448979591837 0.01837270341207349 0.023809523809523808
4 0.3083989501312336 0.8520408163265306 0.013123359580052493 0.030612244897959183
4 0.1443569553805774 0.6972789115646258 0.03674540682414698 0.03401360544217687
4 0.10761154855643044 0.6258503401360545 0.04199475065616798 0.061224489795918366
4 0.16666666666666666 0.5935374149659863 0.023622047244094488 0.023809523809523808
4 0.17191601049868765 0.641156462585034 0.023622047244094488 0.030612244897959183
4 0.479002624671916 0.641156462585034 0.03412073490813648 0.023809523809523808
4 0.5616797900262467 0.586734693877551 0.05249343832020997 0.05102040816326531
4 0.8451443569553806 0.48639455782312924 0.015748031496062992 0.027210884353741496