2 0.8993902439024392 0.6978319783197832 0.19308943089430897 0.44173441734417346
2 0.5589430894308943 0.6680216802168022 0.48373983739837406 0.2086720867208672
2 0.11178861788617887 0.8414634146341463 0.10569105691056911 0.14363143631436315
2 0.21849593495934963 0.510840108401084 0.06300813008130082 0.1111111111111111
2 0.09959349593495936 0.508130081300813 0.032520325203252036 0.12195121951219512
2 0.027439024390243906 0.7791327913279132 0.034552845528455285 0.07317073170731707
2 0.2642276422764228 0.07046070460704607 0.0894308943089431 0.14092140921409213
2 0.09857723577235773 0.0989159891598916 0.20121951219512196 0.1978319783197832
4 0.2530487804878049 0.051490514905149054 0.010162601626016262 0.02168021680216802
4 0.23983739837398377 0.044715447154471545 0.008130081300813009 0.018970189701897018
4 0.233739837398374 0.06368563685636856 0.008130081300813009 0.013550135501355014
4 0.14939024390243905 0.11653116531165311 0.014227642276422765 0.016260162601626015
4 0.1676829268292683 0.13956639566395665 0.014227642276422765 0.018970189701897018
4 0.12804878048780488 0.8563685636856369 0.012195121951219513 0.016260162601626015
4 0.9593495934959351 0.7913279132791328 0.07317073170731708 0.037940379403794036
4 0.951219512195122 0.8943089430894309 0.020325203252032523 0.02168021680216802
4 0.9004065040650407 0.8644986449864499 0.024390243902439025 0.04878048780487805
4 0.8912601626016261 0.7913279132791328 0.030487804878048783 0.02710027100271003
4 0.8241869918699188 0.8130081300813008 0.014227642276422765 0.016260162601626015