2 0.8781163434903048 0.7089285714285714 0.1883656509695291 0.4107142857142857
2 0.554016620498615 0.6553571428571429 0.46537396121883656 0.19642857142857142
2 0.12049861495844875 0.7821428571428571 0.10249307479224377 0.1357142857142857
2 0.23684210526315788 0.4857142857142857 0.06371191135734072 0.10714285714285714
2 0.12188365650969529 0.4732142857142857 0.0332409972299169 0.11785714285714285
2 0.04293628808864266 0.7178571428571429 0.036011080332409975 0.07142857142857142
2 0.29916897506925205 0.08214285714285714 0.0886426592797784 0.1357142857142857
2 0.13988919667590027 0.09642857142857142 0.19667590027700832 0.18571428571428572
4 0.2894736842105263 0.06428571428571428 0.013850415512465374 0.02142857142857143
4 0.2770083102493075 0.05714285714285714 0.0110803324099723 0.02142857142857143
4 0.27146814404432135 0.07321428571428572 0.0110803324099723 0.017857142857142856
4 0.1883656509695291 0.11607142857142856 0.01662049861495845 0.017857142857142856
4 0.20498614958448755 0.1392857142857143 0.01662049861495845 0.02142857142857143
4 0.13434903047091412 0.7982142857142857 0.013850415512465374 0.017857142857142856
4 0.9307479224376731 0.8017857142857142 0.07202216066481995 0.039285714285714285
4 0.9196675900277008 0.8946428571428571 0.0221606648199446 0.024999999999999998
4 0.871191135734072 0.8642857142857142 0.024930747922437674 0.049999999999999996
4 0.8656509695290858 0.7964285714285714 0.030470914127423823 0.02857142857142857
4 0.8005540166204986 0.8107142857142857 0.01662049861495845 0.02142857142857143