2 0.8734015345268543 0.7185430463576159 0.18670076726342713 0.41721854304635764
2 0.5473145780051152 0.6672185430463576 0.46547314578005117 0.19536423841059603
2 0.1112531969309463 0.7996688741721855 0.10485933503836319 0.1357615894039735
2 0.22634271099744246 0.4966887417218543 0.0639386189258312 0.10596026490066225
2 0.11253196930946292 0.4867549668874172 0.03580562659846548 0.11920529801324503
2 0.03324808184143223 0.7350993377483444 0.03580562659846548 0.0728476821192053
2 0.2877237851662404 0.09105960264900662 0.0895140664961637 0.1357615894039735
2 0.1278772378516624 0.10596026490066225 0.19437340153452687 0.18543046357615894
4 0.2774936061381074 0.07119205298013245 0.012787723785166242 0.023178807947019868
4 0.2659846547314578 0.06456953642384106 0.010230179028132993 0.023178807947019868
4 0.25831202046035806 0.08112582781456953 0.010230179028132993 0.016556291390728478
4 0.17647058823529413 0.12582781456953643 0.015345268542199489 0.019867549668874173
4 0.19181585677749363 0.1490066225165563 0.015345268542199489 0.019867549668874173
4 0.1265984654731458 0.8145695364238411 0.012787723785166242 0.019867549668874173
4 0.9271099744245525 0.8096026490066225 0.0741687979539642 0.03642384105960265
4 0.9143222506393862 0.9056291390728477 0.023017902813299233 0.023178807947019868
4 0.8670076726342711 0.8725165562913907 0.025575447570332484 0.04966887417218543
4 0.8618925831202047 0.804635761589404 0.030690537084398978 0.026490066225165563
4 0.7953964194373402 0.8211920529801324 0.015345268542199489 0.019867549668874173