2 0.15424164524421594 0.41475409836065574 0.16452442159383032 0.1540983606557377
2 0.2699228791773779 0.7836065573770492 0.061696658097686374 0.14426229508196722
2 0.3380462724935732 0.8737704918032787 0.08997429305912595 0.18032786885245902
2 0.5822622107969151 0.32786885245901637 0.31105398457583544 0.22950819672131148
2 0.845758354755784 0.44098360655737706 0.23650385604113108 0.21967213114754097
2 0.9280205655526992 0.7229508196721312 0.09254498714652956 0.35081967213114756
2 0.2403598971722365 0.1901639344262295 0.10539845758354754 0.07213114754098361
2 0.04241645244215938 0.1918032786885246 0.07455012853470437 0.19344262295081968
4 0.26092544987146526 0.18524590163934426 0.01799485861182519 0.022950819672131147
4 0.2750642673521851 0.1901639344262295 0.010282776349614395 0.02622950819672131
4 0.13110539845758354 0.36721311475409835 0.03598971722365038 0.03278688524590164
4 0.10282776349614395 0.43934426229508194 0.04113110539845758 0.05901639344262295
4 0.16452442159383032 0.45901639344262296 0.025706940874035987 0.02622950819672131
4 0.16580976863753213 0.41475409836065574 0.02313624678663239 0.029508196721311476
4 0.46143958868894597 0.36065573770491804 0.033419023136246784 0.02622950819672131
4 0.5475578406169666 0.3983606557377049 0.051413881748071974 0.04918032786885246
4 0.8316195372750642 0.4459016393442623 0.01799485861182519 0.02622950819672131