2 0.10217983651226158 0.28956834532374104 0.19346049046321526 0.4352517985611511
2 0.43869209809264303 0.32553956834532377 0.47956403269754766 0.20503597122302158
2 0.8814713896457765 0.16546762589928057 0.10626702997275204 0.14388489208633093
2 0.773841961852861 0.48741007194244607 0.0653950953678474 0.11151079136690648
2 0.8896457765667575 0.4910071942446043 0.03542234332425068 0.12589928057553956
2 0.9645776566757492 0.22841726618705038 0.03814713896457766 0.07553956834532374
2 0.723433242506812 0.9154676258992807 0.08991825613079019 0.14028776978417268
2 0.885558583106267 0.8902877697841727 0.20163487738419617 0.19784172661870505
4 0.7343324250681199 0.933453237410072 0.013623978201634877 0.025179856115107917
4 0.7465940054495912 0.9424460431654677 0.010899182561307902 0.02158273381294964
4 0.7520435967302452 0.9226618705035972 0.010899182561307902 0.017985611510791366
4 0.8365122615803814 0.8723021582733813 0.01634877384196185 0.017985611510791366
4 0.8188010899182561 0.8489208633093526 0.01907356948228883 0.02158273381294964
4 0.8651226158038147 0.14928057553956836 0.013623978201634877 0.017985611510791366
4 0.043596730245231606 0.19784172661870505 0.07629427792915532 0.04316546762589928
4 0.05313351498637602 0.09712230215827339 0.024523160762942777 0.02158273381294964
4 0.10354223433242507 0.12589928057553956 0.027247956403269755 0.05035971223021583
4 0.11171662125340599 0.19784172661870505 0.0326975476839237 0.02877697841726619
4 0.1771117166212534 0.17805755395683454 0.01634877384196185 0.017985611510791366