2 0.1005586592178771 0.3284671532846715 0.18994413407821228 0.4233576642335766
2 0.43156424581005587 0.33941605839416056 0.4720670391061453 0.20437956204379562
2 0.861731843575419 0.15328467153284672 0.10335195530726257 0.1386861313868613
2 0.7667597765363129 0.4708029197080292 0.06424581005586592 0.1094890510948905
2 0.8826815642458101 0.46897810218978103 0.0335195530726257 0.12043795620437955
2 0.9455307262569833 0.20802919708029197 0.036312849162011177 0.072992700729927
2 0.7346368715083799 0.8941605839416058 0.0893854748603352 0.1386861313868613
2 0.8952513966480448 0.8576642335766423 0.19832402234636873 0.1897810218978102
4 0.7472067039106145 0.9105839416058393 0.013966480446927375 0.025547445255474453
4 0.7597765363128491 0.9160583941605839 0.0111731843575419 0.021897810218978103
4 0.7653631284916201 0.8978102189781022 0.0111731843575419 0.014598540145985401
4 0.846368715083799 0.8448905109489051 0.01675977653631285 0.01824817518248175
4 0.8268156424581006 0.822992700729927 0.01675977653631285 0.01824817518248175
4 0.8449720670391062 0.14051094890510948 0.013966480446927375 0.01824817518248175
4 0.040502793296089384 0.24270072992700728 0.07541899441340782 0.040145985401459854
4 0.0446927374301676 0.14416058394160583 0.0223463687150838 0.025547445255474453
4 0.09636871508379889 0.16970802919708028 0.025139664804469275 0.04744525547445255
4 0.10614525139664804 0.23722627737226276 0.0335195530726257 0.029197080291970802
4 0.17039106145251398 0.21350364963503649 0.01675977653631285 0.01824817518248175