0 0.18781094527363185 0.7634920634920634 0.3606965174129353 0.3142857142857143
1 0.5298507462686567 0.09841269841269841 0.03482587064676617 0.0380952380952381
1 0.7823383084577115 0.13333333333333333 0.07711442786069651 0.12063492063492064
1 0.0472636815920398 0.7317460317460317 0.07462686567164178 0.11746031746031746
2 0.055970149253731345 0.526984126984127 0.06716417910447761 0.08253968253968254
2 0.13059701492537312 0.43333333333333335 0.2064676616915423 0.14285714285714285
2 0.42039800995024873 0.5746031746031746 0.11940298507462686 0.05714285714285714
2 0.5062189054726368 0.5206349206349207 0.11194029850746269 0.050793650793650794
2 0.3731343283582089 0.06507936507936508 0.04975124378109452 0.06666666666666667
2 0.3606965174129353 0.8333333333333334 0.07462686567164178 0.20634920634920634
2 0.43034825870646765 0.8777777777777778 0.029850746268656716 0.1365079365079365
2 0.5422885572139303 0.7634920634920634 0.03482587064676617 0.1619047619047619
2 0.8731343283582089 0.5063492063492063 0.18407960199004975 0.21904761904761905
2 0.8942786069651741 0.7174603174603175 0.12686567164179105 0.19682539682539682
2 0.8345771144278606 0.8984126984126984 0.1616915422885572 0.17142857142857143
3 0.6430348258706468 0.2857142857142857 0.022388059701492536 0.025396825396825397
3 0.6218905472636815 0.37777777777777777 0.01990049751243781 0.01904761904761905
4 0.43532338308457713 0.8523809523809524 0.014925373134328358 0.02857142857142857
4 0.3644278606965174 0.7523809523809524 0.017412935323383085 0.025396825396825397
4 0.8967661691542288 0.4714285714285714 0.022388059701492536 0.03492063492063492
4 0.8731343283582089 0.5603174603174603 0.01990049751243781 0.02857142857142857
4 0.9465174129353233 0.6507936507936508 0.022388059701492536 0.044444444444444446
4 0.8955223880597015 0.7 0.02487562189054726 0.03492063492063492
4 0.9440298507462687 0.8047619047619048 0.017412935323383085 0.02857142857142857