0 0.20157068062827227 0.8213058419243986 0.3769633507853403 0.3367697594501718
1 0.4973821989528796 0.06872852233676977 0.03664921465968587 0.041237113402061855
1 0.7604712041884817 0.070446735395189 0.08115183246073299 0.13402061855670103
1 0.05235602094240838 0.8109965635738832 0.07853403141361257 0.12371134020618557
2 0.043193717277486915 0.5910652920962199 0.07068062827225131 0.08934707903780069
2 0.11387434554973823 0.48281786941580757 0.21204188481675393 0.15463917525773196
2 0.42408376963350786 0.5876288659793815 0.12565445026178013 0.061855670103092786
2 0.5078534031413613 0.520618556701031 0.11518324607329844 0.05154639175257732
2 0.33246073298429324 0.05670103092783505 0.05235602094240838 0.07216494845360824
2 0.3848167539267016 0.872852233676976 0.07853403141361257 0.21993127147766323
2 0.46073298429319376 0.9106529209621993 0.03141361256544503 0.14432989690721648
2 0.5680628272251309 0.7731958762886598 0.03664921465968587 0.1718213058419244
2 0.8848167539267017 0.4536082474226804 0.18848167539267016 0.23367697594501718
2 0.9253926701570682 0.6735395189003436 0.13350785340314136 0.20618556701030927
2 0.8782722513089006 0.872852233676976 0.17015706806282724 0.18556701030927836
3 0.6295811518324608 0.25257731958762886 0.02356020942408377 0.024054982817869414
3 0.6151832460732984 0.352233676975945 0.020942408376963352 0.01718213058419244
4 0.46335078534031415 0.8814432989690721 0.015706806282722516 0.030927835051546393
4 0.38089005235602097 0.7852233676975945 0.018324607329842934 0.030927835051546393
4 0.9070680628272252 0.4140893470790378 0.02356020942408377 0.037800687285223365
4 0.8913612565445027 0.5103092783505154 0.018324607329842934 0.030927835051546393
4 0.9738219895287958 0.5962199312714777 0.020942408376963352 0.044673539518900345
4 0.9240837696335079 0.6580756013745704 0.02617801047120419 0.037800687285223365
4 0.9856020942408378 0.7577319587628866 0.018324607329842934 0.030927835051546393