0 0.8056265984654732 0.19732441471571907 0.37340153452685426 0.33444816053511706
1 0.4782608695652174 0.9180602006688963 0.03580562659846548 0.043478260869565216
1 0.2173913043478261 0.8979933110367893 0.08184143222506395 0.13043478260869565
1 0.952685421994885 0.22073578595317725 0.0792838874680307 0.12040133779264214
2 0.9514066496163683 0.43645484949832775 0.07161125319693096 0.0903010033444816
2 0.8772378516624042 0.540133779264214 0.21483375959079284 0.1505016722408027
2 0.5741687979539642 0.411371237458194 0.12531969309462918 0.06020066889632107
2 0.4872122762148338 0.47157190635451507 0.11508951406649617 0.05351170568561873
2 0.6419437340153453 0.9431438127090301 0.05115089514066497 0.07357859531772575
2 0.6265984654731458 0.13210702341137123 0.07672634271099744 0.21739130434782608
2 0.5524296675191817 0.09197324414715718 0.030690537084398978 0.14381270903010032
2 0.4398976982097187 0.21739130434782608 0.03580562659846548 0.17391304347826086
2 0.10997442455242967 0.5100334448160535 0.18925831202046037 0.23076923076923075
2 0.08056265984654733 0.28762541806020064 0.13554987212276215 0.20735785953177258
2 0.13554987212276215 0.09364548494983277 0.1687979539641944 0.1806020066889632
3 0.3554987212276215 0.7274247491638796 0.025575447570332484 0.023411371237458192
3 0.37340153452685426 0.6304347826086957 0.020460358056265986 0.016722408026755852
4 0.5485933503836318 0.11705685618729096 0.01790281329923274 0.033444816053511704
4 0.6253196930946292 0.21906354515050167 0.01790281329923274 0.030100334448160536
4 0.08823529411764706 0.5468227424749164 0.023017902813299233 0.03678929765886287
4 0.10741687979539642 0.4531772575250836 0.020460358056265986 0.030100334448160536
4 0.029411764705882356 0.3612040133779264 0.023017902813299233 0.046822742474916385
4 0.0792838874680307 0.3060200668896321 0.025575447570332484 0.03678929765886287
4 0.02429667519181586 0.19899665551839466 0.01790281329923274 0.030100334448160536