0 0.19004065040650409 0.16937669376693767 0.38008130081300817 0.34417344173441733
1 0.5071138211382115 0.9390243902439024 0.034552845528455285 0.04065040650406504
1 0.7743902439024392 0.9281842818428184 0.0813008130081301 0.13279132791327913
1 0.03861788617886179 0.18699186991869918 0.07723577235772358 0.12466124661246612
2 0.034552845528455285 0.4132791327913279 0.06910569105691057 0.08943089430894309
2 0.10772357723577237 0.524390243902439 0.21544715447154475 0.15447154471544716
2 0.42174796747967486 0.4037940379403794 0.12398373983739838 0.05962059620596206
2 0.5091463414634146 0.470189701897019 0.11585365853658537 0.051490514905149054
2 0.3384146341463415 0.9579945799457995 0.05081300813008131 0.07317073170731707
2 0.37601626016260165 0.10975609756097561 0.07723577235772358 0.22493224932249323
2 0.45325203252032525 0.07046070460704607 0.02845528455284553 0.14634146341463414
2 0.5640243902439025 0.2073170731707317 0.034552845528455285 0.17615176151761516
2 0.894308943089431 0.5284552845528455 0.1910569105691057 0.23848238482384823
2 0.9308943089430896 0.2981029810298103 0.13414634146341464 0.21138211382113822
2 0.8800813008130082 0.09349593495934959 0.17073170731707318 0.18699186991869918
3 0.6371951219512196 0.7452574525745257 0.022357723577235776 0.02168021680216802
3 0.6209349593495935 0.6422764227642277 0.01829268292682927 0.016260162601626015
4 0.45630081300813014 0.0989159891598916 0.014227642276422765 0.02981029810298103
4 0.3739837398373984 0.2005420054200542 0.016260162601626018 0.02710027100271003
4 0.9166666666666667 0.5677506775067751 0.020325203252032523 0.03523035230352303
4 0.8993902439024392 0.46883468834688347 0.01829268292682927 0.02710027100271003
4 0.9817073170731708 0.37669376693766937 0.020325203252032523 0.04336043360433604
4 0.9308943089430896 0.3157181571815718 0.024390243902439025 0.03523035230352303
4 0.9898373983739839 0.2086720867208672 0.016260162601626018 0.02710027100271003