0 0.8060109289617486 0.759581881533101 0.36065573770491804 0.313588850174216
1 0.46311475409836067 0.09930313588850175 0.03551912568306011 0.03832752613240418
1 0.21448087431693988 0.13588850174216027 0.07923497267759563 0.1254355400696864
1 0.9480874316939891 0.7299651567944251 0.07650273224043716 0.11498257839721254
2 0.9385245901639344 0.5261324041811847 0.06830601092896176 0.08362369337979095
2 0.8620218579234973 0.4337979094076655 0.20491803278688525 0.14285714285714285
2 0.575136612021858 0.5714285714285714 0.11748633879781421 0.05574912891986063
2 0.4890710382513661 0.5209059233449478 0.1092896174863388 0.05226480836236934
2 0.6215846994535519 0.06620209059233449 0.05191256830601093 0.06968641114982578
2 0.6352459016393442 0.8310104529616724 0.07377049180327869 0.20557491289198607
2 0.5642076502732241 0.8745644599303136 0.030054644808743168 0.13240418118466898
2 0.4521857923497268 0.7630662020905923 0.03551912568306011 0.1602787456445993
2 0.12431693989071038 0.5069686411149826 0.1830601092896175 0.21951219512195122
2 0.10245901639344263 0.7177700348432056 0.1284153005464481 0.1951219512195122
2 0.16256830601092895 0.8972125435540069 0.16120218579234974 0.17073170731707318
3 0.3524590163934426 0.2874564459930314 0.02185792349726776 0.024390243902439025
3 0.3743169398907104 0.3780487804878049 0.02185792349726776 0.017421602787456445
4 0.5601092896174863 0.8484320557491289 0.01639344262295082 0.0313588850174216
4 0.6325136612021858 0.7491289198606271 0.01912568306010929 0.027874564459930314
4 0.10109289617486339 0.4738675958188153 0.02185792349726776 0.03484320557491289
4 0.12295081967213115 0.5609756097560976 0.02185792349726776 0.027874564459930314
4 0.05191256830601093 0.6515679442508711 0.02185792349726776 0.041811846689895474
4 0.10245901639344263 0.7020905923344948 0.02459016393442623 0.03832752613240418
4 0.05327868852459016 0.8048780487804879 0.01912568306010929 0.027874564459930314