0 0.7803234501347709 0.8177083333333333 0.3638814016172507 0.32291666666666663
1 0.5107816711590297 0.08333333333333333 0.03504043126684636 0.041666666666666664
1 0.2560646900269542 0.07291666666666666 0.08086253369272238 0.125
1 0.9258760107816713 0.8125 0.07816711590296496 0.11805555555555555
2 0.9393530997304582 0.6041666666666666 0.06738544474393532 0.08333333333333333
2 0.8746630727762804 0.49652777777777773 0.20754716981132076 0.14583333333333331
2 0.5700808625336927 0.5850694444444444 0.12129380053908356 0.059027777777777776
2 0.48787061994609165 0.515625 0.11320754716981132 0.05208333333333333
2 0.6725067385444744 0.0798611111111111 0.05121293800539084 0.06944444444444445
2 0.601078167115903 0.8576388888888888 0.07547169811320756 0.20833333333333331
2 0.5242587601078167 0.8888888888888888 0.02964959568733154 0.1388888888888889
2 0.42452830188679247 0.7534722222222222 0.03504043126684636 0.16666666666666666
2 0.12398921832884098 0.43402777777777773 0.18328840970350405 0.2222222222222222
2 0.07951482479784366 0.642361111111111 0.1320754716981132 0.20138888888888887
2 0.11859838274932616 0.8350694444444444 0.16711590296495957 0.17708333333333331
3 0.37870619946091644 0.2517361111111111 0.02425876010781671 0.024305555555555552
3 0.3894878706199461 0.3489583333333333 0.01886792452830189 0.017361111111111112
4 0.522911051212938 0.8628472222222222 0.016172506738544475 0.03125
4 0.6064690026954178 0.7743055555555555 0.016172506738544475 0.027777777777777776
4 0.10512129380053908 0.3958333333333333 0.0215633423180593 0.034722222222222224
4 0.11725067385444744 0.4878472222222222 0.01886792452830189 0.03125
4 0.03504043126684636 0.5659722222222222 0.0215633423180593 0.041666666666666664
4 0.08086253369272238 0.626736111111111 0.026954177897574125 0.03819444444444444
4 0.01886792452830189 0.720486111111111 0.016172506738544475 0.03125