1 0.17581300813008133 0.6964769647696477 0.06707317073170732 0.08130081300813008
3 0.15142276422764228 0.8441734417344173 0.03861788617886179 0.02981029810298103
1 0.15040650406504066 0.7791327913279132 0.04878048780487805 0.06775067750677506
1 0.1910569105691057 0.8956639566395664 0.08536585365853659 0.08943089430894309
1 0.14939024390243905 0.3319783197831978 0.022357723577235776 0.03523035230352303
3 0.24186991869918703 0.34552845528455284 0.04471544715447155 0.04065040650406504
2 0.6626016260162603 0.2222222222222222 0.20731707317073172 0.13550135501355012
4 0.7052845528455285 0.17615176151761516 0.052845528455284556 0.03252032520325203
3 0.5487804878048781 0.2181571815718157 0.016260162601626018 0.02981029810298103
3 0.5569105691056911 0.3780487804878049 0.05691056910569106 0.03523035230352303
3 0.5060975609756098 0.4051490514905149 0.024390243902439025 0.02981029810298103