1 0.9044715447154472 0.5880758807588076 0.0975609756097561 0.037940379403794036
3 0.9014227642276423 0.26287262872628725 0.05081300813008131 0.07588075880758807
3 0.6859756097560976 0.7547425474254743 0.05894308943089432 0.04065040650406504
3 0.5365853658536586 0.8780487804878049 0.052845528455284556 0.037940379403794036
3 0.042682926829268296 0.8631436314363143 0.08536585365853659 0.03523035230352303
3 0.016260162601626018 0.5813008130081301 0.032520325203252036 0.02981029810298103
3 0.0233739837398374 0.14769647696476965 0.0467479674796748 0.051490514905149054
3 0.07317073170731708 0.20596205962059622 0.04878048780487805 0.04878048780487805
3 0.05487804878048781 0.36449864498644985 0.032520325203252036 0.018970189701897018
3 0.2682926829268293 0.4010840108401084 0.020325203252032523 0.05420054200542006
3 0.3953252032520326 0.5447154471544715 0.05081300813008131 0.02710027100271003
3 0.5203252032520326 0.5013550135501355 0.04065040650406505 0.02710027100271003
3 0.46036585365853666 0.5271002710027101 0.026422764227642278 0.051490514905149054
3 0.4979674796747968 0.540650406504065 0.02845528455284553 0.02981029810298103
3 0.4552845528455285 0.6585365853658537 0.032520325203252036 0.05962059620596206
3 0.41971544715447157 0.7100271002710027 0.026422764227642278 0.037940379403794036
3 0.6067073170731708 0.6151761517615176 0.05894308943089432 0.02710027100271003
3 0.8069105691056911 0.34417344173441733 0.02845528455284553 0.03252032520325203
3 0.842479674796748 0.3888888888888889 0.022357723577235776 0.051490514905149054