1 0.8946700507614213 0.7242524916943521 0.06852791878172589 0.07973421926910298
3 0.9213197969543147 0.8654485049833888 0.04060913705583756 0.029900332225913623
1 0.9213197969543147 0.8023255813953488 0.050761421319796954 0.06976744186046512
1 0.8857868020304568 0.9152823920265781 0.08629441624365482 0.08970099667774087
1 0.9124365482233502 0.37375415282392027 0.02284263959390863 0.036544850498338874
3 0.8223350253807106 0.3920265780730897 0.04568527918781726 0.03986710963455149
2 0.40862944162436543 0.292358803986711 0.20304568527918782 0.132890365448505
4 0.36675126903553296 0.24916943521594684 0.053299492385786795 0.03322259136212625
3 0.5190355329949238 0.2823920265780731 0.017766497461928932 0.03322259136212625
3 0.516497461928934 0.43687707641196016 0.05837563451776649 0.036544850498338874
3 0.565989847715736 0.4601328903654485 0.025380710659898477 0.029900332225913623