3 0.4827235772357724 0.06639566395663957 0.034552845528455285 0.06233062330623306
3 0.44308943089430897 0.10298102981029811 0.024390243902439025 0.02168021680216802
3 0.44613821138211385 0.15176151761517614 0.014227642276422765 0.02710027100271003
3 0.535569105691057 0.7940379403794038 0.09146341463414635 0.07046070460704607
3 0.3038617886178862 0.47289972899729 0.05081300813008131 0.03523035230352303
3 0.5965447154471545 0.6111111111111112 0.022357723577235776 0.024390243902439025
2 0.5162601626016261 0.5785907859078591 0.13821138211382114 0.12195121951219512
2 0.8516260162601627 0.532520325203252 0.2886178861788618 0.34959349593495936
3 0.9136178861788619 0.14227642276422764 0.014227642276422765 0.024390243902439025
1 0.4441056910569106 0.948509485094851 0.034552845528455285 0.03252032520325203
3 0.15650406504065043 0.06233062330623306 0.3170731707317074 0.10298102981029811