1 0.7884097035040432 0.7319587628865979 0.06738544474393532 0.07560137457044673
3 0.8032345013477089 0.865979381443299 0.03773584905660378 0.027491408934707903
1 0.8086253369272237 0.8075601374570447 0.04851752021563342 0.061855670103092786
1 0.7628032345013478 0.9089347079037801 0.08086253369272238 0.0859106529209622
1 0.8342318059299192 0.4054982817869416 0.02425876010781671 0.03436426116838488
3 0.7466307277628033 0.40893470790378006 0.0431266846361186 0.041237113402061855
2 0.3584905660377359 0.25601374570446733 0.19946091644204852 0.12714776632302405
4 0.3207547169811321 0.211340206185567 0.05390835579514825 0.030927835051546393
3 0.46630727762803237 0.26288659793814434 0.016172506738544475 0.030927835051546393
3 0.4487870619946092 0.4072164948453608 0.05660377358490566 0.037800687285223365
3 0.4946091644204852 0.436426116838488 0.02425876010781671 0.027491408934707903