1 0.08311688311688312 0.5684931506849314 0.0987012987012987 0.0410958904109589
3 0.08051948051948052 0.25 0.05194805194805195 0.07534246575342465
3 0.3 0.7243150684931506 0.05974025974025974 0.04452054794520548
3 0.45064935064935063 0.8407534246575342 0.05454545454545454 0.03767123287671233
3 0.9363636363636364 0.8133561643835616 0.08571428571428572 0.03767123287671233
3 0.9571428571428572 0.5393835616438356 0.033766233766233764 0.030821917808219176
3 0.9441558441558442 0.11643835616438356 0.04935064935064935 0.0547945205479452
3 0.8961038961038961 0.17294520547945205 0.05194805194805195 0.05136986301369863
3 0.9168831168831169 0.3287671232876712 0.03636363636363636 0.02054794520547945
3 0.7077922077922078 0.3698630136986301 0.023376623376623377 0.0547945205479452
3 0.5844155844155844 0.511986301369863 0.05194805194805195 0.030821917808219176
3 0.4597402597402597 0.47431506849315064 0.04155844155844156 0.030821917808219176
3 0.5207792207792208 0.4965753424657534 0.02857142857142857 0.0547945205479452
3 0.4831168831168831 0.5102739726027397 0.03116883116883117 0.03424657534246575
3 0.525974025974026 0.6232876712328766 0.033766233766233764 0.06164383561643835
3 0.5623376623376624 0.6746575342465753 0.02857142857142857 0.0410958904109589
3 0.37662337662337664 0.5873287671232876 0.06233766233766234 0.030821917808219176
3 0.17532467532467533 0.3270547945205479 0.02857142857142857 0.03767123287671233
3 0.14155844155844155 0.3715753424657534 0.023376623376623377 0.05136986301369863