1 0.8352272727272727 0.6604477611940298 0.06818181818181818 0.08208955223880597
3 0.8622159090909091 0.8003731343283582 0.04261363636363637 0.033582089552238806
1 0.8622159090909091 0.7388059701492538 0.048295454545454544 0.06716417910447761
1 0.8238636363636364 0.8526119402985074 0.08522727272727273 0.09328358208955223
1 0.8551136363636364 0.30597014925373134 0.022727272727272728 0.03731343283582089
3 0.7642045454545455 0.32276119402985076 0.045454545454545456 0.041044776119402986
2 0.3494318181818182 0.21641791044776118 0.20454545454545456 0.13432835820895522
4 0.3068181818181818 0.17350746268656717 0.05681818181818182 0.033582089552238806
3 0.4616477272727273 0.208955223880597 0.019886363636363636 0.029850746268656716
3 0.4559659090909091 0.3638059701492537 0.05965909090909091 0.041044776119402986
3 0.5071022727272727 0.3880597014925373 0.02556818181818182 0.029850746268656716