1 0.9002525252525253 0.5805369127516778 0.0984848484848485 0.040268456375838924
3 0.8952020202020203 0.2600671140939597 0.05303030303030303 0.07718120805369127
3 0.6843434343434344 0.75 0.06060606060606061 0.0436241610738255
3 0.537878787878788 0.87248322147651 0.05555555555555556 0.040268456375838924
3 0.04671717171717172 0.8624161073825504 0.0883838383838384 0.040268456375838924
3 0.01893939393939394 0.5838926174496644 0.03282828282828283 0.03355704697986577
3 0.02398989898989899 0.15436241610738255 0.04797979797979798 0.053691275167785234
3 0.07323232323232323 0.21308724832214765 0.05050505050505051 0.050335570469798654
3 0.05555555555555556 0.36912751677852346 0.03535353535353536 0.020134228187919462
3 0.268939393939394 0.40436241610738255 0.022727272727272728 0.05704697986577181
3 0.3952020202020202 0.5453020134228188 0.05303030303030303 0.030201342281879193
3 0.518939393939394 0.4983221476510067 0.042929292929292935 0.030201342281879193
3 0.4595959595959596 0.5268456375838926 0.030303030303030304 0.053691275167785234
3 0.4974747474747475 0.5402684563758389 0.030303030303030304 0.03355704697986577
3 0.4545454545454546 0.6560402684563759 0.03535353535353536 0.06375838926174497
3 0.42045454545454547 0.7080536912751678 0.02777777777777778 0.040268456375838924
3 0.6047979797979799 0.6124161073825504 0.06313131313131314 0.030201342281879193
3 0.8030303030303031 0.3422818791946309 0.030303030303030304 0.03355704697986577
3 0.8383838383838385 0.3859060402684564 0.025252525252525256 0.053691275167785234