3 0.4848101265822785 0.10806451612903226 0.03291139240506329 0.06129032258064516
3 0.5240506329113924 0.13709677419354838 0.02531645569620253 0.02258064516129032
3 0.5240506329113924 0.18064516129032257 0.01518987341772152 0.025806451612903226
3 0.479746835443038 0.7661290322580645 0.08860759493670886 0.06774193548387097
3 0.6759493670886076 0.4532258064516129 0.05063291139240506 0.035483870967741936
3 0.41139240506329117 0.6080645161290322 0.02278481012658228 0.02258064516129032
2 0.4835443037974684 0.5693548387096774 0.13164556962025317 0.11290322580645161
2 0.1670886075949367 0.5645161290322581 0.27341772151898736 0.3161290322580645
3 0.08607594936708861 0.21935483870967742 0.01518987341772152 0.025806451612903226
1 0.5746835443037975 0.8935483870967742 0.035443037974683546 0.03225806451612903
3 0.789873417721519 0.07096774193548387 0.29873417721518986 0.0967741935483871