3 0.4846153846153846 0.10163934426229508 0.035897435897435895 0.05901639344262295
3 0.5230769230769231 0.12950819672131147 0.02564102564102564 0.022950819672131147
3 0.5230769230769231 0.17540983606557378 0.015384615384615385 0.029508196721311476
3 0.4756410256410256 0.7639344262295082 0.08974358974358974 0.06557377049180328
3 0.6756410256410257 0.4524590163934426 0.04871794871794872 0.03278688524590164
3 0.4064102564102564 0.6049180327868853 0.023076923076923078 0.022950819672131147
2 0.48205128205128206 0.5688524590163935 0.13333333333333333 0.11475409836065574
2 0.16282051282051282 0.5573770491803278 0.2743589743589744 0.32131147540983607
3 0.08205128205128205 0.2098360655737705 0.015384615384615385 0.02622950819672131
1 0.5692307692307692 0.8950819672131147 0.035897435897435895 0.03278688524590164
3 0.7923076923076923 0.06721311475409836 0.30256410256410254 0.09508196721311475