3 0.4827235772357724 0.9227642276422764 0.034552845528455285 0.06233062330623306
3 0.44308943089430897 0.8861788617886179 0.024390243902439025 0.02168021680216802
3 0.44613821138211385 0.8373983739837398 0.014227642276422765 0.02710027100271003
3 0.535569105691057 0.1951219512195122 0.09146341463414635 0.07046070460704607
3 0.3038617886178862 0.516260162601626 0.05081300813008131 0.03523035230352303
3 0.5965447154471545 0.3780487804878049 0.022357723577235776 0.024390243902439025
2 0.5162601626016261 0.4105691056910569 0.13821138211382114 0.12195121951219512
2 0.8516260162601627 0.45663956639566394 0.2886178861788618 0.34959349593495936
3 0.9136178861788619 0.8468834688346883 0.014227642276422765 0.024390243902439025
1 0.4441056910569106 0.04065040650406504 0.034552845528455285 0.03252032520325203
3 0.15650406504065043 0.926829268292683 0.3170731707317074 0.10298102981029811