1 0.9065040650406505 0.6016260162601627 0.0975609756097561 0.037940379403794036
3 0.9034552845528456 0.2764227642276423 0.05081300813008131 0.07588075880758807
3 0.6880081300813009 0.7682926829268293 0.05894308943089432 0.04065040650406504
3 0.5386178861788619 0.8915989159891599 0.052845528455284556 0.037940379403794036
3 0.04471544715447155 0.8766937669376694 0.08536585365853659 0.03523035230352303
3 0.01829268292682927 0.5948509485094851 0.032520325203252036 0.02981029810298103
3 0.025406504065040653 0.16124661246612465 0.0467479674796748 0.051490514905149054
3 0.07520325203252033 0.21951219512195122 0.04878048780487805 0.04878048780487805
3 0.05691056910569106 0.3780487804878049 0.032520325203252036 0.018970189701897018
3 0.2703252032520326 0.4146341463414634 0.020325203252032523 0.05420054200542006
3 0.3973577235772358 0.5582655826558266 0.05081300813008131 0.02710027100271003
3 0.5223577235772359 0.5149051490514905 0.04065040650406505 0.02710027100271003
3 0.4623983739837399 0.540650406504065 0.026422764227642278 0.051490514905149054
3 0.5 0.55420054200542 0.02845528455284553 0.02981029810298103
3 0.4573170731707318 0.6720867208672087 0.032520325203252036 0.05962059620596206
3 0.42174796747967486 0.7235772357723578 0.026422764227642278 0.037940379403794036
3 0.608739837398374 0.6287262872628726 0.05894308943089432 0.02710027100271003
3 0.8089430894308944 0.35772357723577236 0.02845528455284553 0.03252032520325203
3 0.8445121951219513 0.4024390243902439 0.022357723577235776 0.051490514905149054