1 0.9126016260162603 0.5799457994579946 0.0975609756097561 0.037940379403794036
3 0.9095528455284554 0.25474254742547425 0.05081300813008131 0.07588075880758807
3 0.6941056910569107 0.7466124661246613 0.05894308943089432 0.04065040650406504
3 0.5447154471544716 0.8699186991869918 0.052845528455284556 0.037940379403794036
3 0.05081300813008131 0.8550135501355014 0.08536585365853659 0.03523035230352303
3 0.024390243902439025 0.573170731707317 0.032520325203252036 0.02981029810298103
3 0.03150406504065041 0.13956639566395665 0.0467479674796748 0.051490514905149054
3 0.0813008130081301 0.1978319783197832 0.04878048780487805 0.04878048780487805
3 0.06300813008130082 0.35636856368563685 0.032520325203252036 0.018970189701897018
3 0.2764227642276423 0.39295392953929537 0.020325203252032523 0.05420054200542006
3 0.40345528455284557 0.5365853658536586 0.05081300813008131 0.02710027100271003
3 0.5284552845528456 0.4932249322493225 0.04065040650406505 0.02710027100271003
3 0.46849593495934966 0.518970189701897 0.026422764227642278 0.051490514905149054
3 0.5060975609756098 0.532520325203252 0.02845528455284553 0.02981029810298103
3 0.4634146341463415 0.6504065040650406 0.032520325203252036 0.05962059620596206
3 0.4278455284552846 0.7018970189701897 0.026422764227642278 0.037940379403794036
3 0.6148373983739838 0.6070460704607046 0.05894308943089432 0.02710027100271003
3 0.8150406504065042 0.33604336043360433 0.02845528455284553 0.03252032520325203
3 0.8506097560975611 0.3807588075880759 0.022357723577235776 0.051490514905149054