3 0.5132113821138212 0.06639566395663957 0.034552845528455285 0.06233062330623306
3 0.5528455284552846 0.10298102981029811 0.024390243902439025 0.02168021680216802
3 0.5497967479674797 0.15176151761517614 0.014227642276422765 0.02710027100271003
3 0.46036585365853666 0.7940379403794038 0.09146341463414635 0.07046070460704607
3 0.6920731707317074 0.47289972899729 0.05081300813008131 0.03523035230352303
3 0.39939024390243905 0.6111111111111112 0.022357723577235776 0.024390243902439025
2 0.47967479674796754 0.5785907859078591 0.13821138211382114 0.12195121951219512
2 0.1443089430894309 0.532520325203252 0.2886178861788618 0.34959349593495936
3 0.08231707317073171 0.14227642276422764 0.014227642276422765 0.024390243902439025
1 0.551829268292683 0.948509485094851 0.034552845528455285 0.03252032520325203
3 0.8394308943089431 0.06233062330623306 0.3170731707317074 0.10298102981029811