1 0.9015544041450777 0.4103448275862069 0.09844559585492228 0.041379310344827586
3 0.8976683937823835 0.7327586206896551 0.054404145077720206 0.0793103448275862
3 0.6839378238341969 0.24310344827586206 0.06217616580310881 0.04482758620689655
3 0.5349740932642487 0.11896551724137931 0.054404145077720206 0.03793103448275862
3 0.044041450777202076 0.13275862068965516 0.08808290155440415 0.03793103448275862
3 0.01683937823834197 0.41206896551724137 0.03367875647668394 0.03103448275862069
3 0.022020725388601038 0.843103448275862 0.04922279792746114 0.05172413793103448
3 0.07253886010362695 0.7844827586206896 0.05181347150259068 0.05172413793103448
3 0.054404145077720206 0.6275862068965518 0.036269430051813475 0.020689655172413793
3 0.26813471502590674 0.5913793103448276 0.023316062176165803 0.05862068965517241
3 0.3950777202072539 0.45 0.054404145077720206 0.03103448275862069
3 0.5194300518134716 0.49482758620689654 0.044041450777202076 0.03103448275862069
3 0.45984455958549225 0.4689655172413793 0.02849740932642487 0.05517241379310345
3 0.49740932642487046 0.45517241379310347 0.031088082901554404 0.034482758620689655
3 0.45466321243523317 0.33793103448275863 0.03367875647668394 0.06206896551724138
3 0.41839378238341973 0.28620689655172415 0.02849740932642487 0.041379310344827586
3 0.6049222797927462 0.3810344827586207 0.05958549222797928 0.03103448275862069
3 0.8031088082901555 0.6517241379310345 0.031088082901554404 0.034482758620689655
3 0.8393782383419689 0.6068965517241379 0.02590673575129534 0.05517241379310345