1 0.8913043478260869 0.7120141342756183 0.06521739130434782 0.0812720848056537
3 0.9198369565217391 0.8498233215547704 0.04076086956521739 0.03180212014134275
1 0.9184782608695652 0.7897526501766784 0.048913043478260865 0.06713780918727916
1 0.8845108695652174 0.8992932862190812 0.08423913043478261 0.08833922261484099
1 0.9035326086956521 0.3674911660777385 0.024456521739130432 0.0353356890459364
3 0.8165760869565217 0.3869257950530035 0.04619565217391304 0.038869257950530034
2 0.40625 0.2950530035335689 0.20380434782608695 0.13074204946996465
4 0.3641304347826087 0.25618374558303886 0.05434782608695652 0.03180212014134275
3 0.5149456521739131 0.284452296819788 0.019021739130434784 0.03180212014134275
3 0.5135869565217391 0.4363957597173145 0.059782608695652176 0.038869257950530034
3 0.5625 0.4575971731448763 0.02717391304347826 0.03180212014134275