1 0.12867647058823528 0.23186119873817035 0.0661764705882353 0.07886435331230283
3 0.11274509803921569 0.09305993690851734 0.0392156862745098 0.028391167192429023
1 0.10784313725490197 0.1529968454258675 0.049019607843137254 0.06624605678233439
1 0.15196078431372548 0.04889589905362776 0.08333333333333333 0.08517350157728706
1 0.08700980392156862 0.5630914826498422 0.022058823529411763 0.03470031545741325
3 0.17524509803921567 0.5583596214511041 0.04656862745098039 0.03785488958990536
2 0.5698529411764706 0.7050473186119873 0.19852941176470587 0.12933753943217666
4 0.6078431372549019 0.750788643533123 0.05392156862745098 0.031545741324921134
3 0.4620098039215686 0.7003154574132492 0.01715686274509804 0.031545741324921134
3 0.4767156862745098 0.5536277602523659 0.056372549019607844 0.03470031545741325
3 0.42892156862745096 0.5236593059936908 0.024509803921568627 0.031545741324921134