1 0.8180894308943091 0.7127371273712737 0.06707317073170732 0.08130081300813008
3 0.842479674796748 0.8604336043360433 0.03861788617886179 0.02981029810298103
1 0.8434959349593497 0.7953929539295393 0.04878048780487805 0.06775067750677506
1 0.8028455284552847 0.9119241192411924 0.08536585365853659 0.08943089430894309
1 0.8445121951219513 0.34823848238482386 0.022357723577235776 0.03523035230352303
3 0.7520325203252033 0.3617886178861789 0.04471544715447155 0.04065040650406504
2 0.33130081300813014 0.23848238482384823 0.20731707317073172 0.13550135501355012
4 0.2886178861788618 0.19241192411924118 0.052845528455284556 0.03252032520325203
3 0.44512195121951226 0.23441734417344173 0.016260162601626018 0.02981029810298103
3 0.43699186991869926 0.3943089430894309 0.05691056910569106 0.03523035230352303
3 0.48780487804878053 0.42140921409214094 0.024390243902439025 0.02981029810298103