2 0.7459349593495935 0.5704607046070461 0.12195121951219513 0.21951219512195122
2 0.125 0.7642276422764228 0.18089430894308944 0.4010840108401084
2 0.3008130081300813 0.943089430894309 0.13414634146341464 0.06504065040650406
2 0.5213414634146342 0.8373983739837398 0.10772357723577237 0.1951219512195122
2 0.5670731707317074 0.5121951219512195 0.10975609756097562 0.41192411924119243
4 0.0975609756097561 0.6341463414634146 0.020325203252032523 0.04336043360433604
4 0.10365853658536586 0.7046070460704607 0.032520325203252036 0.037940379403794036
4 0.19308943089430897 0.8292682926829268 0.020325203252032523 0.04878048780487805
4 0.1676829268292683 0.7168021680216802 0.022357723577235776 0.03523035230352303
4 0.27134146341463417 0.9444444444444444 0.01829268292682927 0.02981029810298103
4 0.717479674796748 0.575880758807588 0.020325203252032523 0.02981029810298103
4 0.7418699186991871 0.5948509485094851 0.020325203252032523 0.02981029810298103
4 0.11991869918699188 0.7493224932249323 0.024390243902439025 0.02981029810298103