3 0.7621951219512196 0.06775067750677506 0.02845528455284553 0.04878048780487805
1 0.7896341463414634 0.5203252032520325 0.1483739837398374 0.14092140921409213
1 0.5843495934959351 0.4742547425474255 0.0467479674796748 0.037940379403794036
3 0.8871951219512196 0.2140921409214092 0.01829268292682927 0.03252032520325203
2 0.8038617886178863 0.23983739837398374 0.15243902439024393 0.18157181571815717
2 0.5823170731707318 0.7520325203252033 0.18089430894308944 0.39295392953929537
2 0.1046747967479675 0.16260162601626016 0.08739837398373984 0.1951219512195122
3 0.3922764227642277 0.4105691056910569 0.032520325203252036 0.024390243902439025
3 0.2489837398373984 0.46747967479674796 0.026422764227642278 0.02981029810298103
3 0.35975609756097565 0.521680216802168 0.024390243902439025 0.024390243902439025
3 0.6219512195121952 0.5609756097560976 0.052845528455284556 0.037940379403794036
4 0.5569105691056911 0.8021680216802168 0.02845528455284553 0.02710027100271003
4 0.5853658536585367 0.9254742547425474 0.016260162601626018 0.02981029810298103
3 0.8008130081300814 0.6747967479674797 0.016260162601626018 0.02710027100271003
3 0.9085365853658538 0.5785907859078591 0.016260162601626018 0.018970189701897018
3 0.9126016260162603 0.42953929539295393 0.020325203252032523 0.02981029810298103
3 0.44613821138211385 0.2981029810298103 0.014227642276422765 0.02710027100271003
3 0.5264227642276423 0.18699186991869918 0.016260162601626018 0.02168021680216802
2 0.07113821138211383 0.39295392953929537 0.07723577235772358 0.15176151761517614