3 0.233739837398374 0.06775067750677506 0.02845528455284553 0.04878048780487805
1 0.2063008130081301 0.5203252032520325 0.1483739837398374 0.14092140921409213
1 0.41158536585365857 0.4742547425474255 0.0467479674796748 0.037940379403794036
3 0.10873983739837399 0.2140921409214092 0.01829268292682927 0.03252032520325203
2 0.19207317073170735 0.23983739837398374 0.15243902439024393 0.18157181571815717
2 0.41361788617886186 0.7520325203252033 0.18089430894308944 0.39295392953929537
2 0.8912601626016261 0.16260162601626016 0.08739837398373984 0.1951219512195122
3 0.603658536585366 0.4105691056910569 0.032520325203252036 0.024390243902439025
3 0.7469512195121952 0.46747967479674796 0.026422764227642278 0.02981029810298103
3 0.6361788617886179 0.521680216802168 0.024390243902439025 0.024390243902439025
3 0.3739837398373984 0.5609756097560976 0.052845528455284556 0.037940379403794036
4 0.4390243902439025 0.8021680216802168 0.02845528455284553 0.02710027100271003
4 0.410569105691057 0.9254742547425474 0.016260162601626018 0.02981029810298103
3 0.1951219512195122 0.6747967479674797 0.016260162601626018 0.02710027100271003
3 0.08739837398373984 0.5785907859078591 0.016260162601626018 0.018970189701897018
3 0.08333333333333334 0.42953929539295393 0.020325203252032523 0.02981029810298103
3 0.5497967479674797 0.2981029810298103 0.014227642276422765 0.02710027100271003
3 0.46951219512195125 0.18699186991869918 0.016260162601626018 0.02168021680216802
2 0.9247967479674798 0.39295392953929537 0.07723577235772358 0.15176151761517614