1 0.24479166666666666 0.8047138047138047 0.0625 0.09427609427609428
1 0.171875 0.11447811447811447 0.07291666666666666 0.0808080808080808
2 0.21744791666666666 0.2037037037037037 0.3359375 0.38720538720538716
4 0.25390625 0.20707070707070707 0.0234375 0.0303030303030303
4 0.31640625 0.10101010101010101 0.14322916666666666 0.16835016835016833
4 0.3216145833333333 0.25757575757575757 0.033854166666666664 0.037037037037037035
4 0.08463541666666666 0.3148148148148148 0.033854166666666664 0.043771043771043766
3 0.24739583333333331 0.6498316498316498 0.041666666666666664 0.03367003367003367
3 0.6627604166666666 0.5572390572390572 0.04427083333333333 0.02356902356902357
3 0.57421875 0.48316498316498313 0.018229166666666664 0.0303030303030303
3 0.45182291666666663 0.6279461279461279 0.028645833333333332 0.02356902356902357
3 0.8723958333333333 0.3333333333333333 0.041666666666666664 0.0202020202020202
3 0.59765625 0.664983164983165 0.0234375 0.0303030303030303
4 0.07682291666666666 0.0202020202020202 0.0234375 0.03367003367003367