2 0.2741935483870968 0.3886986301369863 0.11827956989247312 0.20205479452054792
2 0.8696236559139786 0.2756849315068493 0.17473118279569894 0.3664383561643835
2 0.7150537634408602 0.0958904109589041 0.12903225806451613 0.06164383561643835
2 0.5013440860215054 0.17123287671232876 0.10483870967741936 0.1780821917808219
2 0.43817204301075274 0.4571917808219178 0.10752688172043012 0.3732876712328767
4 0.8870967741935485 0.39383561643835613 0.021505376344086023 0.0410958904109589
4 0.8857526881720431 0.3304794520547945 0.03494623655913979 0.03767123287671233
4 0.8091397849462366 0.2089041095890411 0.021505376344086023 0.04794520547945205
4 0.8266129032258065 0.3133561643835616 0.024193548387096777 0.03767123287671233
4 0.7419354838709677 0.0976027397260274 0.021505376344086023 0.030821917808219176
4 0.3010752688172043 0.3852739726027397 0.021505376344086023 0.030821917808219176
4 0.2795698924731183 0.3664383561643835 0.021505376344086023 0.0273972602739726
4 0.8736559139784947 0.2893835616438356 0.02688172043010753 0.030821917808219176