3 0.7682926829268293 0.1056338028169014 0.02981029810298103 0.04929577464788733
1 0.7777777777777778 0.5334507042253521 0.14634146341463414 0.13732394366197184
1 0.5826558265582655 0.47887323943661975 0.04878048780487805 0.04225352112676056
3 0.8834688346883469 0.25 0.02168021680216802 0.035211267605633804
2 0.8021680216802168 0.2711267605633803 0.15176151761517614 0.17605633802816903
2 0.5704607046070461 0.7394366197183099 0.17615176151761516 0.3732394366197183
2 0.12872628726287264 0.15845070422535212 0.08943089430894309 0.19014084507042253
3 0.3983739837398374 0.4084507042253521 0.03252032520325203 0.028169014084507043
3 0.25745257452574527 0.4524647887323944 0.02710027100271003 0.03169014084507042
3 0.36314363143631434 0.5105633802816901 0.02710027100271003 0.028169014084507043
3 0.6151761517615176 0.5616197183098591 0.05420054200542006 0.03873239436619719
4 0.5447154471544715 0.7852112676056339 0.03252032520325203 0.028169014084507043
4 0.5677506775067751 0.9031690140845071 0.018970189701897018 0.03169014084507042
3 0.7845528455284553 0.6795774647887324 0.018970189701897018 0.028169014084507043
3 0.8915989159891599 0.5950704225352113 0.016260162601626015 0.02112676056338028
3 0.8997289972899729 0.45598591549295775 0.02168021680216802 0.03169014084507042
3 0.45528455284552843 0.30633802816901406 0.016260162601626015 0.028169014084507043
3 0.535230352303523 0.20598591549295775 0.018970189701897018 0.024647887323943664
2 0.08807588075880758 0.3732394366197183 0.07859078590785908 0.14788732394366197