1 0.28058510638297873 0.8384353741496599 0.061170212765957445 0.09183673469387754
1 0.1422872340425532 0.17857142857142858 0.07180851063829786 0.0782312925170068
2 0.19414893617021275 0.2568027210884354 0.32978723404255317 0.37755102040816324
4 0.23138297872340424 0.25510204081632654 0.02127659574468085 0.027210884353741496
4 0.28058510638297873 0.1445578231292517 0.14095744680851063 0.16666666666666666
4 0.3031914893617021 0.2925170068027211 0.031914893617021274 0.04081632653061224
4 0.07579787234042552 0.38605442176870747 0.034574468085106384 0.04421768707482993
3 0.26861702127659576 0.6870748299319728 0.0425531914893617 0.03401360544217687
3 0.6675531914893617 0.5306122448979592 0.0425531914893617 0.02040816326530612
3 0.5731382978723404 0.47108843537414963 0.018617021276595744 0.030612244897959183
3 0.46675531914893614 0.6309523809523809 0.02925531914893617 0.023809523809523808
3 0.8497340425531915 0.2789115646258503 0.0398936170212766 0.02040816326530612
3 0.613031914893617 0.6445578231292517 0.023936170212765957 0.030612244897959183
4 0.0398936170212766 0.10204081632653061 0.02127659574468085 0.03401360544217687