2 0.7418699186991871 0.592140921409214 0.12195121951219513 0.21951219512195122
2 0.12093495934959352 0.7859078590785907 0.18089430894308944 0.4010840108401084
2 0.2967479674796748 0.964769647696477 0.13414634146341464 0.06504065040650406
2 0.5172764227642277 0.8590785907859079 0.10772357723577237 0.1951219512195122
2 0.5630081300813009 0.5338753387533876 0.10975609756097562 0.41192411924119243
4 0.0934959349593496 0.6558265582655827 0.020325203252032523 0.04336043360433604
4 0.09959349593495936 0.7262872628726287 0.032520325203252036 0.037940379403794036
4 0.18902439024390247 0.8509485094850948 0.020325203252032523 0.04878048780487805
4 0.1636178861788618 0.7384823848238482 0.022357723577235776 0.03523035230352303
4 0.2672764227642277 0.9661246612466124 0.01829268292682927 0.02981029810298103
4 0.7134146341463415 0.5975609756097561 0.020325203252032523 0.02981029810298103
4 0.7378048780487806 0.6165311653116531 0.020325203252032523 0.02981029810298103
4 0.11585365853658537 0.7710027100271003 0.024390243902439025 0.02981029810298103