1 0.24735449735449733 0.8450704225352113 0.06613756613756613 0.09859154929577466
1 0.14417989417989419 0.11267605633802817 0.07671957671957672 0.08450704225352113
2 0.19444444444444442 0.20422535211267606 0.3465608465608465 0.4154929577464789
4 0.2328042328042328 0.20422535211267606 0.021164021164021163 0.028169014084507043
4 0.291005291005291 0.08802816901408451 0.14814814814814814 0.18309859154929578
4 0.3055555555555555 0.2535211267605634 0.03439153439153439 0.04225352112676056
4 0.06084656084656084 0.33098591549295775 0.037037037037037035 0.04929577464788733
3 0.2447089947089947 0.6795774647887324 0.04497354497354497 0.035211267605633804
3 0.6732804232804233 0.5492957746478874 0.04497354497354497 0.02112676056338028
3 0.578042328042328 0.47711267605633806 0.018518518518518517 0.03169014084507042
3 0.45634920634920634 0.6390845070422535 0.0291005291005291 0.024647887323943664
3 0.8796296296296295 0.29577464788732394 0.03968253968253968 0.02112676056338028
3 0.6097883597883598 0.6672535211267606 0.023809523809523808 0.03169014084507042
4 0.041005291005291 0.017605633802816902 0.023809523809523808 0.035211267605633804