2 0.2540650406504065 0.4024390243902439 0.12195121951219513 0.21951219512195122
2 0.8750000000000001 0.2086720867208672 0.18089430894308944 0.4010840108401084
2 0.6991869918699187 0.02981029810298103 0.13414634146341464 0.06504065040650406
2 0.4786585365853659 0.13550135501355012 0.10772357723577237 0.1951219512195122
2 0.43292682926829273 0.46070460704607047 0.10975609756097562 0.41192411924119243
4 0.902439024390244 0.33875338753387535 0.020325203252032523 0.04336043360433604
4 0.8963414634146343 0.2682926829268293 0.032520325203252036 0.037940379403794036
4 0.8069105691056911 0.14363143631436315 0.020325203252032523 0.04878048780487805
4 0.8323170731707318 0.25609756097560976 0.022357723577235776 0.03523035230352303
4 0.728658536585366 0.028455284552845527 0.01829268292682927 0.02981029810298103
4 0.28252032520325204 0.3970189701897019 0.020325203252032523 0.02981029810298103
4 0.25813008130081305 0.3780487804878049 0.020325203252032523 0.02981029810298103
4 0.8800813008130082 0.22357723577235772 0.024390243902439025 0.02981029810298103