3 0.2245430809399478 0.9129692832764505 0.03133159268929504 0.051194539249146756
1 0.185378590078329 0.4812286689419795 0.1462140992167102 0.13651877133105803
1 0.3877284595300261 0.515358361774744 0.04960835509138381 0.040955631399317405
3 0.09921671018276762 0.7781569965870307 0.020887728459530026 0.034129692832764506
2 0.1801566579634465 0.7508532423208191 0.1514360313315927 0.17747440273037543
2 0.3825065274151436 0.2508532423208191 0.1801566579634465 0.37883959044368604
2 0.8616187989556136 0.7935153583617748 0.08877284595300261 0.18771331058020477
3 0.5757180156657964 0.5699658703071673 0.033942558746736295 0.027303754266211604
3 0.7140992167101827 0.5085324232081911 0.028720626631853787 0.034129692832764506
3 0.6057441253263708 0.46075085324232085 0.02610966057441253 0.027303754266211604
3 0.34856396866840733 0.4351535836177474 0.05483028720626632 0.03754266211604096
4 0.4060052219321149 0.20136518771331058 0.028720626631853787 0.027303754266211604
4 0.37467362924281983 0.08532423208191127 0.018276762402088774 0.034129692832764506
3 0.17101827676240208 0.33447098976109213 0.018276762402088774 0.027303754266211604
3 0.06919060052219321 0.4300341296928328 0.018276762402088774 0.020477815699658702
3 0.06788511749347259 0.5733788395904437 0.020887728459530026 0.034129692832764506
3 0.5261096605744126 0.6791808873720137 0.018276762402088774 0.027303754266211604
3 0.4503916449086162 0.78839590443686 0.018276762402088774 0.027303754266211604
2 0.8903394255874674 0.5716723549488054 0.0783289817232376 0.14675767918088736