3 0.7550143266475644 0.06844106463878327 0.03151862464183381 0.053231939163498096
1 0.7879656160458453 0.5133079847908745 0.1489971346704871 0.1444866920152091
1 0.5830945558739254 0.4714828897338403 0.04871060171919771 0.03802281368821293
3 0.8810888252148997 0.21102661596958175 0.020057306590257878 0.034220532319391636
2 0.7979942693409742 0.23954372623574144 0.1518624641833811 0.18250950570342206
2 0.5845272206303724 0.7452471482889734 0.1833810888252149 0.38783269961977185
2 0.10744985673352435 0.17300380228136883 0.08882521489971347 0.19391634980988592
3 0.39255014326647564 0.41254752851711024 0.034383954154727794 0.026615969581749048
3 0.2521489971346705 0.4695817490494297 0.028653295128939826 0.034220532319391636
3 0.3624641833810888 0.5228136882129277 0.025787965616045846 0.026615969581749048
3 0.6217765042979942 0.5570342205323194 0.05730659025787965 0.04182509505703422
4 0.5601719197707736 0.7946768060836502 0.03151862464183381 0.030418250950570342
4 0.5888252148997134 0.9144486692015209 0.020057306590257878 0.034220532319391636
3 0.7994269340974212 0.6653992395437263 0.017191977077363897 0.030418250950570342
3 0.9054441260744985 0.5703422053231939 0.017191977077363897 0.022813688212927757
3 0.9083094555873925 0.42395437262357416 0.022922636103151862 0.034220532319391636
3 0.4455587392550143 0.30038022813688214 0.014326647564469913 0.030418250950570342
3 0.5243553008595988 0.19011406844106463 0.017191977077363897 0.022813688212927757
2 0.07593123209169055 0.3992395437262357 0.07736389684813753 0.1520912547528517