2 0.7276214833759591 0.6009933774834437 0.12020460358056267 0.20860927152317882
2 0.12404092071611254 0.7384105960264901 0.17647058823529413 0.37748344370860926
2 0.2851662404092072 0.9188741721854304 0.13043478260869568 0.06291390728476821
2 0.5012787723785167 0.8344370860927153 0.10741687979539642 0.18543046357615894
2 0.5575447570332481 0.5347682119205298 0.10741687979539642 0.38741721854304634
4 0.10230179028132994 0.6175496688741722 0.020460358056265986 0.04304635761589404
4 0.1061381074168798 0.6821192052980133 0.03324808184143223 0.039735099337748346
4 0.18670076726342713 0.804635761589404 0.020460358056265986 0.046357615894039736
4 0.16624040920716113 0.6970198675496688 0.025575447570332484 0.03642384105960265
4 0.25703324808184147 0.9172185430463576 0.01790281329923274 0.033112582781456956
4 0.6994884910485935 0.6043046357615894 0.023017902813299233 0.029801324503311258
4 0.7225063938618926 0.6225165562913907 0.023017902813299233 0.033112582781456956
4 0.12020460358056267 0.7251655629139073 0.025575447570332484 0.033112582781456956