1 0.2465564738292011 0.8249097472924188 0.06336088154269973 0.09747292418772563
1 0.16115702479338845 0.11371841155234658 0.0743801652892562 0.08303249097472924
2 0.20798898071625344 0.20397111913357402 0.33884297520661155 0.40072202166064985
4 0.24517906336088155 0.20577617328519857 0.02203856749311295 0.02888086642599278
4 0.3044077134986226 0.09566787003610108 0.14600550964187328 0.1768953068592058
4 0.3154269972451791 0.2545126353790614 0.03581267217630854 0.039711191335740074
4 0.0743801652892562 0.3212996389891697 0.03856749311294766 0.043321299638989175
3 0.2465564738292011 0.6642599277978339 0.04132231404958678 0.036101083032490974
3 0.6666666666666667 0.555956678700361 0.0440771349862259 0.021660649819494587
3 0.5771349862258953 0.48194945848375453 0.01928374655647383 0.03249097472924188
3 0.453168044077135 0.6335740072202166 0.030303030303030304 0.025270758122743684
3 0.8746556473829201 0.3176895306859206 0.04132231404958678 0.021660649819494587
3 0.6019283746556474 0.6660649819494585 0.024793388429752067 0.03249097472924188
4 0.06198347107438017 0.018050541516245487 0.024793388429752067 0.036101083032490974