3 0.22278481012658227 0.13548387096774195 0.03037974683544304 0.04516129032258064
1 0.22278481012658227 0.5451612903225806 0.14177215189873418 0.12903225806451613
1 0.4139240506329114 0.4838709677419355 0.04810126582278481 0.03870967741935484
3 0.11392405063291139 0.27741935483870966 0.020253164556962026 0.03225806451612903
2 0.1949367088607595 0.29354838709677417 0.1468354430379747 0.16774193548387098
2 0.4329113924050633 0.7322580645161291 0.17215189873417722 0.3548387096774194
2 0.8481012658227848 0.15645161290322582 0.08607594936708861 0.1774193548387097
3 0.5911392405063292 0.4064516129032258 0.03291139240506329 0.025806451612903226
3 0.730379746835443 0.4435483870967742 0.027848101265822784 0.02903225806451613
3 0.6278481012658228 0.5032258064516129 0.02531645569620253 0.025806451612903226
3 0.38354430379746834 0.5645161290322581 0.053164556962025315 0.03870967741935484
4 0.4582278481012658 0.7758064516129032 0.03037974683544304 0.02903225806451613
4 0.43924050632911393 0.8887096774193548 0.017721518987341773 0.02903225806451613
3 0.22151898734177217 0.6854838709677419 0.017721518987341773 0.02903225806451613
3 0.11518987341772152 0.6096774193548387 0.017721518987341773 0.01935483870967742
3 0.10253164556962026 0.47580645161290325 0.02278481012658228 0.02903225806451613
3 0.5341772151898734 0.31129032258064515 0.01518987341772152 0.02903225806451613
3 0.4518987341772152 0.21774193548387097 0.017721518987341773 0.02258064516129032
2 0.8924050632911392 0.3596774193548387 0.07341772151898734 0.13870967741935483