1 0.24288617886178865 0.11382113821138211 0.06300813008130082 0.0975609756097561
1 0.13821138211382114 0.8482384823848238 0.07317073170731708 0.08130081300813008
2 0.18902439024390247 0.7560975609756098 0.3455284552845529 0.41192411924119243
4 0.22764227642276424 0.7560975609756098 0.020325203252032523 0.02710027100271003
4 0.28658536585365857 0.8726287262872628 0.14634146341463417 0.17886178861788618
4 0.3008130081300813 0.7073170731707317 0.032520325203252036 0.037940379403794036
4 0.05589430894308944 0.6287262872628726 0.034552845528455285 0.04336043360433604
3 0.23983739837398377 0.2791327913279133 0.04065040650406505 0.03252032520325203
3 0.6676829268292683 0.4105691056910569 0.042682926829268296 0.018970189701897018
3 0.5731707317073171 0.483739837398374 0.016260162601626018 0.02981029810298103
3 0.451219512195122 0.31978319783197834 0.02845528455284553 0.02168021680216802
3 0.8750000000000001 0.6653116531165312 0.03861788617886179 0.018970189701897018
3 0.6046747967479675 0.29132791327913277 0.022357723577235776 0.02981029810298103
4 0.03556910569105692 0.943089430894309 0.022357723577235776 0.03252032520325203