3 0.22357723577235775 0.06233062330623306 0.02845528455284553 0.04878048780487805
1 0.19613821138211385 0.5149051490514905 0.1483739837398374 0.14092140921409213
1 0.40142276422764234 0.46883468834688347 0.0467479674796748 0.037940379403794036
3 0.09857723577235773 0.2086720867208672 0.01829268292682927 0.03252032520325203
2 0.1819105691056911 0.23441734417344173 0.15243902439024393 0.18157181571815717
2 0.40345528455284557 0.7466124661246613 0.18089430894308944 0.39295392953929537
2 0.8810975609756099 0.15718157181571815 0.08739837398373984 0.1951219512195122
3 0.5934959349593496 0.4051490514905149 0.032520325203252036 0.024390243902439025
3 0.7367886178861789 0.462059620596206 0.026422764227642278 0.02981029810298103
3 0.6260162601626017 0.516260162601626 0.024390243902439025 0.024390243902439025
3 0.3638211382113822 0.5555555555555556 0.052845528455284556 0.037940379403794036
4 0.4288617886178862 0.7967479674796748 0.02845528455284553 0.02710027100271003
4 0.4004065040650407 0.9200542005420054 0.016260162601626018 0.02981029810298103
3 0.18495934959349594 0.6693766937669376 0.016260162601626018 0.02710027100271003
3 0.07723577235772358 0.573170731707317 0.016260162601626018 0.018970189701897018
3 0.07317073170731708 0.4241192411924119 0.020325203252032523 0.02981029810298103
3 0.5396341463414634 0.2926829268292683 0.014227642276422765 0.02710027100271003
3 0.459349593495935 0.18157181571815717 0.016260162601626018 0.02168021680216802
2 0.9146341463414636 0.3875338753387534 0.07723577235772358 0.15176151761517614