2 0.2613333333333333 0.4539249146757679 0.11733333333333333 0.20477815699658702
2 0.8386666666666667 0.6860068259385665 0.17333333333333334 0.36860068259385664
2 0.6639999999999999 0.8327645051194539 0.128 0.06143344709897611
2 0.45999999999999996 0.7184300341296929 0.104 0.18088737201365188
2 0.43466666666666665 0.4180887372013652 0.10666666666666666 0.37883959044368604
4 0.872 0.5699658703071673 0.021333333333333333 0.040955631399317405
4 0.8626666666666667 0.6331058020477816 0.034666666666666665 0.03754266211604096
4 0.7706666666666666 0.7406143344709898 0.021333333333333333 0.04778156996587031
4 0.8013333333333333 0.6382252559726963 0.024 0.034129692832764506
4 0.692 0.8378839590443686 0.018666666666666665 0.030716723549488054
4 0.288 0.46245733788395904 0.021333333333333333 0.030716723549488054
4 0.264 0.4761092150170648 0.021333333333333333 0.030716723549488054
4 0.8453333333333333 0.674061433447099 0.026666666666666665 0.030716723549488054