1 0.25101626016260165 0.8590785907859079 0.06300813008130082 0.0975609756097561
1 0.14634146341463417 0.12466124661246612 0.07317073170731708 0.08130081300813008
2 0.19715447154471546 0.21680216802168023 0.3455284552845529 0.41192411924119243
4 0.23577235772357727 0.21680216802168023 0.020325203252032523 0.02710027100271003
4 0.29471544715447157 0.1002710027100271 0.14634146341463417 0.17886178861788618
4 0.3089430894308943 0.26558265582655827 0.032520325203252036 0.037940379403794036
4 0.06402439024390244 0.34417344173441733 0.034552845528455285 0.04336043360433604
3 0.24796747967479676 0.6937669376693767 0.04065040650406505 0.03252032520325203
3 0.6758130081300814 0.5623306233062331 0.042682926829268296 0.018970189701897018
3 0.5813008130081302 0.489159891598916 0.016260162601626018 0.02981029810298103
3 0.459349593495935 0.6531165311653117 0.02845528455284553 0.02168021680216802
3 0.883130081300813 0.3075880758807588 0.03861788617886179 0.018970189701897018
3 0.6128048780487806 0.6815718157181572 0.022357723577235776 0.02981029810298103
4 0.04369918699186992 0.02981029810298103 0.022357723577235776 0.03252032520325203