1 0.16120906801007556 0.6971153846153846 0.030226700251889168 0.11217948717948717
1 0.11335012594458438 0.6650641025641025 0.060453400503778336 0.0673076923076923
1 0.10201511335012595 0.5993589743589743 0.08312342569269521 0.07692307692307693
3 0.0654911838790932 0.3365384615384615 0.010075566750629723 0.04487179487179487
3 0.836272040302267 0.6394230769230769 0.015113350125944584 0.028846153846153844
3 0.9181360201511335 0.5689102564102564 0.027707808564231738 0.022435897435897436
3 0.2770780856423174 0.30128205128205127 0.030226700251889168 0.03205128205128205
3 0.2506297229219144 0.22435897435897434 0.042821158690176324 0.038461538461538464
1 0.26574307304785894 0.2548076923076923 0.027707808564231738 0.028846153846153844
3 0.09319899244332494 0.13141025641025642 0.03526448362720403 0.02564102564102564
3 0.371536523929471 0.24519230769230768 0.017632241813602016 0.016025641025641024