1 0.853658536585366 0.7073170731707317 0.02845528455284553 0.12466124661246612
1 0.9075203252032521 0.6775067750677507 0.06300813008130082 0.07046070460704607
1 0.9227642276422765 0.6056910569105691 0.08536585365853659 0.08401084010840108
3 0.9806910569105692 0.31978319783197834 0.006097560975609756 0.04878048780487805
3 0.1443089430894309 0.5636856368563685 0.012195121951219513 0.02710027100271003
3 0.06199186991869919 0.47560975609756095 0.026422764227642278 0.018970189701897018
3 0.7591463414634148 0.25474254742547425 0.030487804878048783 0.03252032520325203
3 0.7926829268292683 0.17208672086720866 0.04471544715447155 0.04065040650406504
1 0.7754065040650407 0.2046070460704607 0.026422764227642278 0.02981029810298103
3 0.9654471544715448 0.08943089430894309 0.03658536585365854 0.02710027100271003
3 0.6636178861788619 0.18157181571815717 0.014227642276422765 0.016260162601626015