1 0.13324175824175824 0.2857142857142857 0.030219780219780223 0.12142857142857143
1 0.08104395604395605 0.31607142857142856 0.0631868131868132 0.06785714285714285
1 0.07005494505494506 0.3839285714285714 0.08516483516483517 0.08214285714285714
3 0.023351648351648352 0.6571428571428571 0.008241758241758242 0.049999999999999996
3 0.8228021978021979 0.38035714285714284 0.013736263736263738 0.03214285714285714
3 0.9052197802197803 0.45714285714285713 0.030219780219780223 0.02142857142857143
3 0.23901098901098902 0.7071428571428571 0.03296703296703297 0.03571428571428571
3 0.21016483516483517 0.7857142857142857 0.046703296703296704 0.04285714285714286
1 0.22527472527472528 0.7553571428571428 0.027472527472527476 0.03214285714285714
3 0.045329670329670335 0.875 0.03571428571428572 0.02857142857142857
3 0.3351648351648352 0.7696428571428571 0.016483516483516484 0.017857142857142856