3 0.7311688311688311 0.23745819397993312 0.04415584415584416 0.026755852842809364
3 0.812987012987013 0.3193979933110368 0.015584415584415584 0.05016722408026756
3 0.5493506493506494 0.5568561872909699 0.033766233766233764 0.043478260869565216
3 0.5883116883116883 0.5903010033444815 0.023376623376623377 0.030100334448160536
2 0.6545454545454545 0.6839464882943144 0.10909090909090909 0.2040133779264214
4 0.6090909090909091 0.6538461538461539 0.01818181818181818 0.05016722408026756
4 0.6818181818181818 0.725752508361204 0.02857142857142857 0.020066889632107024
4 0.6948051948051948 0.7608695652173912 0.023376623376623377 0.03678929765886287
3 0.7116883116883117 0.6939799331103679 0.015584415584415584 0.043478260869565216
3 0.8636363636363636 0.7073578595317725 0.03896103896103896 0.030100334448160536
3 0.7662337662337663 0.6906354515050167 0.025974025974025976 0.030100334448160536
3 0.9155844155844156 0.9531772575250836 0.08051948051948052 0.06020066889632107