1 0.1348167539267016 0.6942567567567568 0.02879581151832461 0.11824324324324326
1 0.08376963350785341 0.6638513513513514 0.06282722513089006 0.07094594594594594
1 0.07329842931937174 0.597972972972973 0.08376963350785341 0.08108108108108109
3 0.030104712041884817 0.32770270270270274 0.007853403141361258 0.0472972972972973
3 0.8180628272251309 0.6165540540540541 0.013089005235602094 0.030405405405405407
3 0.9005235602094241 0.5405405405405406 0.02617801047120419 0.02027027027027027
3 0.24476439790575918 0.28378378378378377 0.034031413612565446 0.033783783783783786
3 0.21596858638743457 0.20608108108108109 0.044502617801047126 0.04054054054054054
1 0.23167539267015708 0.23817567567567569 0.02879581151832461 0.030405405405405407
3 0.0549738219895288 0.11655405405405406 0.03664921465968587 0.030405405405405407
3 0.3390052356020943 0.22466216216216217 0.018324607329842934 0.016891891891891893