1 0.1483739837398374 0.7831978319783198 0.02845528455284553 0.12466124661246612
1 0.09451219512195123 0.7533875338753387 0.06300813008130082 0.07046070460704607
1 0.07926829268292684 0.6815718157181572 0.08536585365853659 0.08401084010840108
3 0.021341463414634148 0.3956639566395664 0.006097560975609756 0.04878048780487805
3 0.8577235772357724 0.6395663956639567 0.012195121951219513 0.02710027100271003
3 0.9400406504065042 0.551490514905149 0.026422764227642278 0.018970189701897018
3 0.24288617886178865 0.33062330623306235 0.030487804878048783 0.03252032520325203
3 0.209349593495935 0.24796747967479674 0.04471544715447155 0.04065040650406504
1 0.22662601626016263 0.2804878048780488 0.026422764227642278 0.02981029810298103
3 0.03658536585365854 0.16531165311653118 0.03658536585365854 0.02710027100271003
3 0.3384146341463415 0.25745257452574527 0.014227642276422765 0.016260162601626015