3 0.36280487804878053 0.8157181571815718 0.042682926829268296 0.02710027100271003
3 0.2733739837398374 0.7357723577235772 0.014227642276422765 0.051490514905149054
3 0.535569105691057 0.45528455284552843 0.034552845528455285 0.04336043360433604
3 0.4939024390243903 0.42276422764227645 0.020325203252032523 0.02710027100271003
2 0.41971544715447157 0.3265582655826558 0.11178861788617887 0.21951219512195122
4 0.46849593495934966 0.35636856368563685 0.01829268292682927 0.051490514905149054
4 0.3892276422764228 0.2845528455284553 0.026422764227642278 0.016260162601626015
4 0.3739837398373984 0.24796747967479674 0.020325203252032523 0.03523035230352303
3 0.358739837398374 0.3224932249322493 0.014227642276422765 0.04336043360433604
3 0.20020325203252035 0.32113821138211385 0.03861788617886179 0.02981029810298103
3 0.30284552845528456 0.33062330623306235 0.024390243902439025 0.02710027100271003
3 0.13313008130081302 0.05962059620596206 0.07926829268292684 0.05962059620596206