3 0.12195121951219513 0.04878048780487805 0.06910569105691057 0.05420054200542006
3 0.0660569105691057 0.46883468834688347 0.05487804878048781 0.04336043360433604
3 0.3810975609756098 0.6937669376693767 0.042682926829268296 0.07046070460704607
3 0.20731707317073172 0.7222222222222222 0.052845528455284556 0.04607046070460705
3 0.26117886178861793 0.5460704607046071 0.034552845528455285 0.056910569105691054
3 0.4319105691056911 0.3319783197831978 0.06707317073170732 0.02981029810298103
3 0.4705284552845529 0.7981029810298103 0.05081300813008131 0.03523035230352303
3 0.5426829268292683 0.7249322493224932 0.04065040650406505 0.02981029810298103
3 0.9542682926829269 0.15040650406504066 0.030487804878048783 0.051490514905149054
3 0.9237804878048781 0.21138211382113822 0.022357723577235776 0.02168021680216802
3 0.9085365853658538 0.26287262872628725 0.02845528455284553 0.04336043360433604