3 0.8699186991869919 0.07859078590785908 0.06910569105691057 0.05420054200542006
3 0.9258130081300814 0.4986449864498645 0.05487804878048781 0.04336043360433604
3 0.6107723577235773 0.7235772357723578 0.042682926829268296 0.07046070460704607
3 0.7845528455284554 0.7520325203252033 0.052845528455284556 0.04607046070460705
3 0.7306910569105692 0.575880758807588 0.034552845528455285 0.056910569105691054
3 0.559959349593496 0.3617886178861789 0.06707317073170732 0.02981029810298103
3 0.5213414634146342 0.8279132791327913 0.05081300813008131 0.03523035230352303
3 0.44918699186991873 0.7547425474254743 0.04065040650406505 0.02981029810298103
3 0.037601626016260166 0.1802168021680217 0.030487804878048783 0.051490514905149054
3 0.06808943089430895 0.24119241192411925 0.022357723577235776 0.02168021680216802
3 0.08333333333333334 0.2926829268292683 0.02845528455284553 0.04336043360433604