1 0.13008130081300814 0.25203252032520324 0.02845528455284553 0.12466124661246612
1 0.07621951219512196 0.28184281842818426 0.06300813008130082 0.07046070460704607
1 0.06097560975609757 0.35365853658536583 0.08536585365853659 0.08401084010840108
3 0.003048780487804878 0.6395663956639567 0.006097560975609756 0.04878048780487805
3 0.8394308943089431 0.3956639566395664 0.012195121951219513 0.02710027100271003
3 0.9217479674796749 0.483739837398374 0.026422764227642278 0.018970189701897018
3 0.22459349593495936 0.7046070460704607 0.030487804878048783 0.03252032520325203
3 0.1910569105691057 0.7872628726287263 0.04471544715447155 0.04065040650406504
1 0.20833333333333334 0.7547425474254743 0.026422764227642278 0.02981029810298103
3 0.01829268292682927 0.8699186991869918 0.03658536585365854 0.02710027100271003
3 0.3201219512195122 0.7777777777777778 0.014227642276422765 0.016260162601626015