3 0.40947075208913647 0.15018315018315018 0.04456824512534819 0.029304029304029304
3 0.3203342618384401 0.22527472527472528 0.016713091922005572 0.054945054945054944
3 0.5738161559888579 0.5054945054945055 0.03899721448467967 0.04395604395604395
3 0.532033426183844 0.5347985347985348 0.022284122562674095 0.029304029304029304
2 0.4582172701949861 0.6263736263736264 0.11420612813370473 0.21978021978021978
4 0.5055710306406686 0.5989010989010989 0.019498607242339833 0.054945054945054944
4 0.42618384401114207 0.6666666666666666 0.027855153203342618 0.021978021978021976
4 0.41225626740947074 0.7014652014652014 0.022284122562674095 0.040293040293040296
3 0.3983286908077994 0.6282051282051282 0.016713091922005572 0.047619047619047616
3 0.24233983286908078 0.6245421245421245 0.03899721448467967 0.03296703296703297
3 0.3426183844011142 0.6190476190476191 0.027855153203342618 0.029304029304029304
3 0.1713091922005571 0.8772893772893773 0.0807799442896936 0.06227106227106227