3 0.71239837398374 0.16531165311653118 0.042682926829268296 0.02710027100271003
3 0.801829268292683 0.24525745257452575 0.014227642276422765 0.051490514905149054
3 0.5396341463414634 0.5257452574525745 0.034552845528455285 0.04336043360433604
3 0.5813008130081302 0.5582655826558266 0.020325203252032523 0.02710027100271003
2 0.6554878048780488 0.6544715447154471 0.11178861788617887 0.21951219512195122
4 0.6067073170731708 0.6246612466124661 0.01829268292682927 0.051490514905149054
4 0.6859756097560976 0.6964769647696477 0.026422764227642278 0.016260162601626015
4 0.701219512195122 0.7330623306233063 0.020325203252032523 0.03523035230352303
3 0.7164634146341464 0.6585365853658537 0.014227642276422765 0.04336043360433604
3 0.8750000000000001 0.6598915989159891 0.03861788617886179 0.02981029810298103
3 0.7723577235772359 0.6504065040650406 0.024390243902439025 0.02710027100271003
3 0.9420731707317074 0.9214092140921409 0.07926829268292684 0.05962059620596206