3 0.57421875 0.17676767676767677 0.04427083333333333 0.0303030303030303
3 0.65625 0.25757575757575757 0.015625 0.050505050505050504
3 0.39322916666666663 0.5033670033670034 0.03645833333333333 0.043771043771043766
3 0.43229166666666663 0.5353535353535354 0.020833333333333332 0.026936026936026935
2 0.5 0.6296296296296297 0.109375 0.20875420875420875
4 0.4544270833333333 0.5976430976430976 0.018229166666666664 0.050505050505050504
4 0.52734375 0.67003367003367 0.028645833333333332 0.0202020202020202
4 0.5416666666666666 0.7053872053872053 0.020833333333333332 0.037037037037037035
3 0.55859375 0.638047138047138 0.018229166666666664 0.043771043771043766
3 0.7109375 0.6481481481481481 0.041666666666666664 0.0303030303030303
3 0.6119791666666666 0.632996632996633 0.026041666666666664 0.026936026936026935
3 0.765625 0.8973063973063973 0.078125 0.057239057239057235