3 0.8545454545454545 0.030405405405405407 0.06753246753246753 0.05405405405405406
3 0.9207792207792208 0.4256756756756757 0.05454545454545454 0.0472972972972973
3 0.6220779220779221 0.6537162162162162 0.04415584415584416 0.07094594594594594
3 0.7909090909090909 0.6722972972972974 0.05454545454545454 0.0472972972972973
3 0.7324675324675325 0.5084459459459459 0.03636363636363636 0.057432432432432436
3 0.561038961038961 0.3141891891891892 0.06753246753246753 0.033783783783783786
3 0.5376623376623376 0.7584459459459459 0.05194805194805195 0.037162162162162164
3 0.4649350649350649 0.6908783783783784 0.04155844155844156 0.030405405405405407
3 0.04935064935064935 0.16891891891891891 0.03116883116883117 0.05405405405405406
3 0.08051948051948052 0.22466216216216217 0.025974025974025976 0.02364864864864865
3 0.09740259740259741 0.2719594594594595 0.02857142857142857 0.04391891891891892