3 0.731457800511509 0.250814332247557 0.04092071611253197 0.026058631921824105
3 0.8107416879795397 0.33224755700325737 0.015345268542199489 0.05211726384364821
3 0.5473145780051152 0.5570032573289903 0.03580562659846548 0.03908794788273616
3 0.5856777493606139 0.5912052117263844 0.020460358056265986 0.02931596091205212
2 0.6496163682864451 0.6840390879478828 0.10741687979539642 0.20195439739413681
4 0.6048593350383632 0.6530944625407167 0.01790281329923274 0.048859934853420196
4 0.6751918158567776 0.7247557003257329 0.025575447570332484 0.016286644951140065
4 0.6867007672634272 0.760586319218241 0.023017902813299233 0.035830618892508145
3 0.7058823529411765 0.6954397394136808 0.015345268542199489 0.042345276872964174
3 0.8554987212276216 0.7117263843648208 0.03836317135549872 0.02931596091205212
3 0.7595907928388748 0.6921824104234529 0.025575447570332484 0.02931596091205212
3 0.9028132992327367 0.9527687296416939 0.07672634271099744 0.055374592833876225