3 0.8609550561797753 0.031135531135531136 0.0702247191011236 0.054945054945054944
3 0.9241573033707865 0.42857142857142855 0.056179775280898875 0.04395604395604395
3 0.6235955056179775 0.6556776556776557 0.0449438202247191 0.07326007326007326
3 0.7935393258426966 0.6758241758241759 0.05337078651685393 0.047619047619047616
3 0.7373595505617977 0.5091575091575091 0.03651685393258427 0.05860805860805861
3 0.5646067415730337 0.3131868131868132 0.06741573033707865 0.03296703296703297
3 0.5393258426966292 0.7582417582417582 0.05056179775280899 0.03663003663003663
3 0.46769662921348315 0.6941391941391941 0.042134831460674156 0.03296703296703297
3 0.05196629213483146 0.16483516483516483 0.03089887640449438 0.05128205128205128
3 0.08286516853932584 0.2216117216117216 0.025280898876404494 0.02564102564102564
3 0.0997191011235955 0.2692307692307692 0.03089887640449438 0.047619047619047616