3 0.8800813008130082 0.02710027100271003 0.06910569105691057 0.05420054200542006
3 0.9359756097560976 0.44715447154471544 0.05487804878048781 0.04336043360433604
3 0.6209349593495935 0.6720867208672087 0.042682926829268296 0.07046070460704607
3 0.7947154471544716 0.7005420054200542 0.052845528455284556 0.04607046070460705
3 0.7408536585365855 0.524390243902439 0.034552845528455285 0.056910569105691054
3 0.5701219512195123 0.31029810298102983 0.06707317073170732 0.02981029810298103
3 0.5315040650406505 0.7764227642276422 0.05081300813008131 0.03523035230352303
3 0.459349593495935 0.7032520325203252 0.04065040650406505 0.02981029810298103
3 0.047764227642276426 0.12872628726287264 0.030487804878048783 0.051490514905149054
3 0.07825203252032521 0.1897018970189702 0.022357723577235776 0.02168021680216802
3 0.0934959349593496 0.24119241192411925 0.02845528455284553 0.04336043360433604