1 0.13098591549295777 0.250936329588015 0.030985915492957747 0.12734082397003746
1 0.07605633802816902 0.2808988764044944 0.06760563380281691 0.0749063670411985
1 0.06056338028169014 0.350187265917603 0.08732394366197184 0.08614232209737828
3 0.0028169014084507044 0.6367041198501873 0.011267605633802818 0.052434456928838954
3 0.8380281690140845 0.39325842696629215 0.014084507042253521 0.0299625468164794
3 0.9197183098591549 0.48314606741573035 0.030985915492957747 0.02247191011235955
3 0.223943661971831 0.700374531835206 0.030985915492957747 0.03745318352059925
3 0.19014084507042253 0.7827715355805244 0.04788732394366198 0.0449438202247191
1 0.20704225352112676 0.750936329588015 0.030985915492957747 0.033707865168539325
3 0.016901408450704227 0.8651685393258427 0.03943661971830986 0.0299625468164794
3 0.3183098591549296 0.7734082397003745 0.016901408450704227 0.018726591760299626