3 0.85875 0.9155844155844156 0.0675 0.05194805194805195
3 0.8975 0.5194805194805195 0.055 0.045454545454545456
3 0.58625 0.3295454545454546 0.0425 0.06818181818181819
3 0.75125 0.2905844155844156 0.0525 0.048701298701298704
3 0.70625 0.45941558441558444 0.0375 0.0551948051948052
3 0.55 0.6704545454545455 0.065 0.029220779220779224
3 0.49625 0.2353896103896104 0.0525 0.03571428571428572
3 0.42875 0.3100649350649351 0.0425 0.029220779220779224
3 0.055 0.8733766233766235 0.03 0.05194805194805195
3 0.0825 0.814935064935065 0.025 0.025974025974025976
3 0.095 0.7662337662337663 0.03 0.045454545454545456