3 0.10975609756097562 0.907859078590786 0.06910569105691057 0.05420054200542006
3 0.05386178861788619 0.4878048780487805 0.05487804878048781 0.04336043360433604
3 0.3689024390243903 0.26287262872628725 0.042682926829268296 0.07046070460704607
3 0.1951219512195122 0.23441734417344173 0.052845528455284556 0.04607046070460705
3 0.2489837398373984 0.4105691056910569 0.034552845528455285 0.056910569105691054
3 0.41971544715447157 0.6246612466124661 0.06707317073170732 0.02981029810298103
3 0.45833333333333337 0.15853658536585366 0.05081300813008131 0.03523035230352303
3 0.5304878048780488 0.23170731707317074 0.04065040650406505 0.02981029810298103
3 0.9420731707317074 0.8062330623306233 0.030487804878048783 0.051490514905149054
3 0.9115853658536587 0.7452574525745257 0.022357723577235776 0.02168021680216802
3 0.8963414634146343 0.6937669376693767 0.02845528455284553 0.04336043360433604