3 0.8791208791208792 0.055956678700361015 0.07142857142857144 0.05415162454873646
3 0.9258241758241759 0.4620938628158845 0.05494505494505495 0.043321299638989175
3 0.6126373626373627 0.6678700361010831 0.04395604395604396 0.07220216606498195
3 0.7829670329670331 0.7021660649819494 0.05494505494505495 0.04693140794223827
3 0.7321428571428572 0.5306859205776173 0.03571428571428572 0.05776173285198556
3 0.5700549450549451 0.3194945848375451 0.06868131868131869 0.03249097472924188
3 0.5233516483516484 0.7653429602888087 0.0521978021978022 0.036101083032490974
3 0.4546703296703297 0.6913357400722022 0.041208791208791215 0.03249097472924188
3 0.0631868131868132 0.12454873646209387 0.03296703296703297 0.05415162454873646
3 0.09203296703296704 0.18592057761732853 0.024725274725274728 0.025270758122743684
3 0.10576923076923078 0.23465703971119134 0.030219780219780223 0.043321299638989175