3 0.1964735516372796 0.4308681672025723 0.03526448362720403 0.04501607717041801
3 0.21662468513853902 0.38263665594855306 0.10075566750629722 0.04501607717041801
3 0.2506297229219144 0.4196141479099678 0.027707808564231738 0.028938906752411574
3 0.22544080604534003 0.5627009646302251 0.027707808564231738 0.08360128617363344
3 0.31108312342569266 0.7491961414790996 0.0579345088161209 0.09003215434083602
3 0.47732997481108314 0.5627009646302251 0.04785894206549118 0.03858520900321544
3 0.4345088161209068 0.684887459807074 0.042821158690176324 0.04501607717041801
3 0.44710327455919396 0.7540192926045016 0.027707808564231738 0.04823151125401929
3 0.22921914357682618 0.8745980707395499 0.08564231738035265 0.02572347266881029
3 0.20906801007556675 0.7202572347266881 0.030226700251889168 0.03215434083601286
3 0.38161209068010077 0.6655948553054662 0.0327455919395466 0.03215434083601286