3 0.8221544715447155 0.45663956639566394 0.034552845528455285 0.04607046070460705
3 0.8038617886178863 0.4010840108401084 0.10365853658536586 0.04878048780487805
3 0.7652439024390245 0.43902439024390244 0.026422764227642278 0.02710027100271003
3 0.7825203252032521 0.5975609756097561 0.02845528455284553 0.08943089430894309
3 0.6798780487804879 0.7953929539295393 0.05894308943089432 0.0948509485094851
3 0.5162601626016261 0.5718157181571816 0.04878048780487805 0.037940379403794036
3 0.5538617886178863 0.7113821138211383 0.042682926829268296 0.04607046070460705
3 0.535569105691057 0.7845528455284553 0.026422764227642278 0.051490514905149054
3 0.758130081300813 0.9417344173441734 0.0894308943089431 0.024390243902439025
3 0.7896341463414634 0.7750677506775068 0.030487804878048783 0.03252032520325203
3 0.6097560975609757 0.6937669376693767 0.032520325203252036 0.03252032520325203