3 0.17987804878048783 0.6355013550135501 0.034552845528455285 0.04607046070460705
3 0.19817073170731708 0.6910569105691057 0.10365853658536586 0.04878048780487805
3 0.2367886178861789 0.6531165311653117 0.026422764227642278 0.02710027100271003
3 0.21951219512195125 0.494579945799458 0.02845528455284553 0.08943089430894309
3 0.3221544715447155 0.2967479674796748 0.05894308943089432 0.0948509485094851
3 0.4857723577235773 0.5203252032520325 0.04878048780487805 0.037940379403794036
3 0.44817073170731714 0.3807588075880759 0.042682926829268296 0.04607046070460705
3 0.46646341463414637 0.3075880758807588 0.026422764227642278 0.051490514905149054
3 0.24390243902439027 0.15040650406504066 0.0894308943089431 0.024390243902439025
3 0.21239837398373987 0.3170731707317073 0.030487804878048783 0.03252032520325203
3 0.3922764227642277 0.3983739837398374 0.032520325203252036 0.03252032520325203