3 0.6615853658536586 0.5433604336043361 0.034552845528455285 0.04607046070460705
3 0.6432926829268293 0.5989159891598916 0.10365853658536586 0.04878048780487805
3 0.6046747967479675 0.5609756097560976 0.026422764227642278 0.02710027100271003
3 0.6219512195121952 0.4024390243902439 0.02845528455284553 0.08943089430894309
3 0.519308943089431 0.2046070460704607 0.05894308943089432 0.0948509485094851
3 0.3556910569105691 0.4281842818428184 0.04878048780487805 0.037940379403794036
3 0.3932926829268293 0.2886178861788618 0.042682926829268296 0.04607046070460705
3 0.37500000000000006 0.21544715447154472 0.026422764227642278 0.051490514905149054
3 0.5975609756097562 0.058265582655826556 0.0894308943089431 0.024390243902439025
3 0.6290650406504066 0.22493224932249323 0.030487804878048783 0.03252032520325203
3 0.44918699186991873 0.3062330623306233 0.032520325203252036 0.03252032520325203