3 0.7194148936170213 0.5449826989619377 0.034574468085106384 0.04498269896193772
3 0.6994680851063829 0.596885813148789 0.10106382978723404 0.051903114186851215
3 0.663563829787234 0.5588235294117647 0.02925531914893617 0.03114186851211073
3 0.6848404255319149 0.4100346020761246 0.02925531914893617 0.08650519031141869
3 0.5917553191489362 0.21626297577854672 0.061170212765957445 0.09342560553633218
3 0.42686170212765956 0.4204152249134948 0.05053191489361702 0.03806228373702422
3 0.46808510638297873 0.2906574394463668 0.0425531914893617 0.04844290657439446
3 0.4521276595744681 0.21972318339100347 0.026595744680851064 0.051903114186851215
3 0.6728723404255319 0.08304498269896193 0.09042553191489361 0.02768166089965398
3 0.6968085106382979 0.24221453287197234 0.031914893617021274 0.03460207612456748
3 0.5212765957446809 0.3096885813148789 0.031914893617021274 0.03114186851211073