3 0.7103658536585367 0.573170731707317 0.034552845528455285 0.04607046070460705
3 0.6920731707317074 0.6287262872628726 0.10365853658536586 0.04878048780487805
3 0.6534552845528456 0.5907859078590786 0.026422764227642278 0.02710027100271003
3 0.6707317073170732 0.43224932249322495 0.02845528455284553 0.08943089430894309
3 0.568089430894309 0.23441734417344173 0.05894308943089432 0.0948509485094851
3 0.4044715447154472 0.45799457994579945 0.04878048780487805 0.037940379403794036
3 0.4420731707317074 0.31842818428184283 0.042682926829268296 0.04607046070460705
3 0.4237804878048781 0.24525745257452575 0.026422764227642278 0.051490514905149054
3 0.6463414634146342 0.08807588075880758 0.0894308943089431 0.024390243902439025
3 0.6778455284552847 0.25474254742547425 0.030487804878048783 0.03252032520325203
3 0.4979674796747968 0.33604336043360433 0.032520325203252036 0.03252032520325203