3 0.7975903614457832 0.4279141104294479 0.033734939759036145 0.046012269938650305
3 0.7771084337349399 0.3788343558282209 0.09879518072289158 0.046012269938650305
3 0.7433734939759037 0.4187116564417178 0.026506024096385545 0.027607361963190184
3 0.7686746987951808 0.5567484662576687 0.028915662650602414 0.08282208588957056
3 0.6843373493975904 0.745398773006135 0.05783132530120483 0.08588957055214724
3 0.5180722891566265 0.5613496932515337 0.04819277108433735 0.03680981595092025
3 0.5614457831325301 0.6840490797546013 0.04337349397590362 0.04294478527607362
3 0.5493975903614459 0.7515337423312883 0.028915662650602414 0.049079754601226995
3 0.7674698795180723 0.8680981595092024 0.08433734939759037 0.024539877300613498
3 0.7867469879518073 0.7162576687116564 0.03132530120481928 0.03374233128834356
3 0.6132530120481928 0.6610429447852761 0.03132530120481928 0.03374233128834356