3 0.8993902439024392 0.6178861788617886 0.026422764227642278 0.04878048780487805
3 0.8465447154471546 0.6300813008130082 0.022357723577235776 0.024390243902439025
3 0.7987804878048781 0.2967479674796748 0.02845528455284553 0.056910569105691054
3 0.5701219512195123 0.11653116531165311 0.05081300813008131 0.07588075880758807
1 0.07926829268292684 0.46883468834688347 0.15447154471544716 0.2222222222222222
1 0.0233739837398374 0.6761517615176151 0.042682926829268296 0.1978319783197832
1 0.23069105691056913 0.46747967479674796 0.042682926829268296 0.056910569105691054
3 0.2063008130081301 0.41192411924119243 0.06707317073170732 0.08130081300813008
3 0.2520325203252033 0.34823848238482386 0.020325203252032523 0.02981029810298103
3 0.2916666666666667 0.27371273712737126 0.07113821138211383 0.04878048780487805
3 0.4867886178861789 0.42140921409214094 0.014227642276422765 0.03523035230352303
3 0.508130081300813 0.18292682926829268 0.020325203252032523 0.04607046070460705