1 0.4098360655737705 0.1847826086956522 0.04371584699453552 0.043478260869565216
1 0.23770491803278687 0.6485507246376812 0.08196721311475409 0.09420289855072464
1 0.3087431693989071 0.6177536231884058 0.04371584699453552 0.09057971014492754
3 0.24180327868852458 0.5634057971014493 0.08469945355191257 0.08333333333333333
3 0.5068306010928961 0.6793478260869565 0.030054644808743168 0.06884057971014493
1 0.20901639344262296 0.9655797101449275 0.1885245901639344 0.03985507246376812
3 0.855191256830601 0.8188405797101449 0.07103825136612021 0.036231884057971016
3 0.6174863387978142 0.266304347826087 0.03278688524590164 0.03260869565217391
3 0.7390710382513661 0.3115942028985507 0.21584699453551912 0.057971014492753624
3 0.5519125683060109 0.050724637681159424 0.04918032786885246 0.021739130434782608
3 0.18989071038251365 0.358695652173913 0.05191256830601093 0.057971014492753624
3 0.2062841530054645 0.08333333333333333 0.03551912568306011 0.036231884057971016
3 0.1994535519125683 0.266304347826087 0.03278688524590164 0.06159420289855073
3 0.4385245901639344 0.018115942028985508 0.03551912568306011 0.028985507246376812