3 0.8944020356234097 0.6727574750830565 0.027989821882951654 0.04983388704318937
3 0.8422391857506362 0.6810631229235881 0.025445292620865142 0.026578073089700997
3 0.8040712468193385 0.3604651162790698 0.03053435114503817 0.05647840531561462
3 0.5865139949109415 0.17940199335548174 0.0534351145038168 0.07308970099667775
1 0.09923664122137406 0.49335548172757476 0.15267175572519084 0.2159468438538206
1 0.03944020356234097 0.6877076411960134 0.04325699745547074 0.19269102990033224
1 0.24681933842239187 0.4983388704318937 0.04580152671755726 0.059800664451827246
3 0.2251908396946565 0.4451827242524917 0.06870229007633588 0.07973421926910298
3 0.27099236641221375 0.3853820598006645 0.02290076335877863 0.03322259136212625
3 0.3104325699745547 0.31727574750830567 0.07124681933842239 0.04983388704318937
3 0.4974554707379135 0.46677740863787376 0.017811704834605598 0.036544850498338874
3 0.5241730279898219 0.23920265780730898 0.020356234096692113 0.046511627906976744