3 0.07492795389048991 0.3563218390804598 0.02881844380403458 0.053639846743295014
3 0.1282420749279539 0.3448275862068965 0.02593659942363112 0.03065134099616858
3 0.1743515850144092 0.6743295019157087 0.03170028818443804 0.06130268199233716
3 0.40057636887608067 0.8563218390804598 0.05187319884726224 0.08045977011494253
1 0.8904899135446686 0.5095785440613027 0.15561959654178673 0.2222222222222222
1 0.946685878962536 0.30459770114942525 0.04322766570605187 0.20306513409961685
1 0.7406340057636888 0.5095785440613027 0.04610951008645533 0.06130268199233716
3 0.7636887608069164 0.5670498084291188 0.06916426512968299 0.08429118773946359
3 0.717579250720461 0.6283524904214559 0.023054755043227664 0.03065134099616858
3 0.6786743515850143 0.7011494252873562 0.07204610951008646 0.053639846743295014
3 0.4841498559077809 0.5555555555555556 0.017291066282420747 0.038314176245210725
3 0.46397694524495675 0.7911877394636015 0.023054755043227664 0.04980842911877394