1 0.16353887399463807 0.23767605633802819 0.09115281501340483 0.09507042253521127
2 0.3257372654155496 0.08450704225352113 0.06702412868632708 0.09859154929577466
2 0.6206434316353887 0.056338028169014086 0.22788203753351208 0.09859154929577466
2 0.8337801608579088 0.17605633802816903 0.29490616621983917 0.2605633802816901
2 0.8847184986595175 0.5915492957746479 0.20911528150134048 0.17605633802816903
2 0.9021447721179625 0.8257042253521127 0.18498659517426275 0.27816901408450706
4 0.9088471849865952 0.8855633802816901 0.04289544235924933 0.03873239436619719
4 0.9504021447721179 0.5880281690140845 0.02412868632707775 0.028169014084507043
4 0.9517426273458445 0.5422535211267606 0.02680965147453083 0.035211267605633804
4 0.918230563002681 0.5669014084507042 0.045576407506702415 0.056338028169014086
4 0.9316353887399464 0.1602112676056338 0.040214477211796246 0.045774647887323945
4 0.7882037533512064 0.22887323943661972 0.021447721179624665 0.04225352112676056
4 0.8203753351206434 0.2112676056338028 0.02680965147453083 0.09154929577464789
4 0.7506702412868633 0.2517605633802817 0.02680965147453083 0.03169014084507042
4 0.6970509383378016 0.019366197183098594 0.02680965147453083 0.024647887323943664
4 0.6528150134048257 0.0545774647887324 0.01876675603217158 0.024647887323943664
4 0.9142091152815014 0.7095070422535211 0.032171581769437 0.03169014084507042
2 0.6005361930294906 0.4154929577464789 0.08042895442359249 0.14084507042253522