1 0.15243902439024393 0.21544715447154472 0.0894308943089431 0.0948509485094851
2 0.3201219512195122 0.06368563685636856 0.06707317073170732 0.1002710027100271
2 0.6229674796747968 0.04607046070460705 0.2296747967479675 0.0975609756097561
2 0.83739837398374 0.17615176151761516 0.2967479674796748 0.26558265582655827
2 0.8810975609756099 0.6097560975609756 0.209349593495935 0.17886178861788618
2 0.8932926829268294 0.8523035230352304 0.18495934959349594 0.2845528455284553
4 0.8983739837398375 0.9146341463414634 0.04065040650406505 0.03523035230352303
4 0.9471544715447155 0.6070460704607046 0.020325203252032523 0.02710027100271003
4 0.9502032520325204 0.559620596205962 0.026422764227642278 0.02981029810298103
4 0.9146341463414636 0.5853658536585366 0.04471544715447155 0.05420054200542006
4 0.9369918699186993 0.16260162601626016 0.04065040650406505 0.04336043360433604
4 0.7896341463414634 0.23035230352303523 0.01829268292682927 0.037940379403794036
4 0.8221544715447155 0.21138211382113822 0.026422764227642278 0.0921409214092141
4 0.7500000000000001 0.25203252032520324 0.024390243902439025 0.02710027100271003
4 0.701219512195122 0.009485094850948509 0.024390243902439025 0.024390243902439025
4 0.6544715447154472 0.04607046070460705 0.016260162601626018 0.02168021680216802
4 0.9075203252032521 0.7303523035230353 0.030487804878048783 0.02981029810298103
2 0.5945121951219513 0.4159891598915989 0.07926829268292684 0.14363143631436315