3 0.09033078880407125 0.2854785478547855 0.027989821882951654 0.04950495049504951
3 0.13994910941475827 0.27722772277227725 0.025445292620865142 0.026402640264026403
3 0.1743002544529262 0.5924092409240924 0.027989821882951654 0.056105610561056105
3 0.3893129770992367 0.7755775577557756 0.050890585241730284 0.07260726072607261
1 0.8740458015267176 0.4752475247524752 0.15012722646310434 0.21122112211221122
1 0.935114503816794 0.2854785478547855 0.04325699745547074 0.18811881188118812
1 0.7277353689567431 0.466996699669967 0.04580152671755726 0.056105610561056105
3 0.7493638676844784 0.5214521452145214 0.06870229007633588 0.07920792079207921
3 0.7035623409669212 0.5775577557755776 0.02290076335877863 0.033003300330033
3 0.6615776081424937 0.6452145214521452 0.07124681933842239 0.04950495049504951
3 0.47964376590330793 0.49339933993399343 0.017811704834605598 0.036303630363036306
3 0.450381679389313 0.7161716171617162 0.020356234096692113 0.04620462046204621