3 0.9014227642276423 0.2872628726287263 0.026422764227642278 0.04878048780487805
3 0.8485772357723578 0.2750677506775068 0.022357723577235776 0.024390243902439025
3 0.8008130081300814 0.6084010840108401 0.02845528455284553 0.056910569105691054
3 0.5721544715447155 0.7886178861788617 0.05081300813008131 0.07588075880758807
1 0.0813008130081301 0.4363143631436314 0.15447154471544716 0.2222222222222222
1 0.025406504065040653 0.22899728997289973 0.042682926829268296 0.1978319783197832
1 0.2327235772357724 0.43766937669376693 0.042682926829268296 0.056910569105691054
3 0.20833333333333334 0.4932249322493225 0.06707317073170732 0.08130081300813008
3 0.2540650406504065 0.556910569105691 0.020325203252032523 0.02981029810298103
3 0.29369918699187 0.6314363143631436 0.07113821138211383 0.04878048780487805
3 0.4888211382113822 0.483739837398374 0.014227642276422765 0.03523035230352303
3 0.5101626016260163 0.7222222222222222 0.020325203252032523 0.04607046070460705