3 0.08056265984654733 0.2802013422818792 0.02813299232736573 0.050335570469798654
3 0.1317135549872123 0.27181208053691275 0.023017902813299233 0.026845637583892617
3 0.17135549872122763 0.5939597315436241 0.030690537084398978 0.060402684563758385
3 0.3925831202046036 0.7751677852348993 0.05370843989769821 0.0738255033557047
1 0.8797953964194374 0.45302013422818793 0.1534526854219949 0.21476510067114093
1 0.9398976982097188 0.2550335570469799 0.04347826086956522 0.19463087248322147
1 0.7327365728900256 0.44798657718120805 0.04347826086956522 0.05704697986577181
3 0.7544757033248083 0.5033557046979865 0.06649616368286446 0.08053691275167785
3 0.7084398976982098 0.5637583892617449 0.020460358056265986 0.03355704697986577
3 0.6675191815856778 0.6325503355704698 0.07161125319693096 0.050335570469798654
3 0.4808184143222507 0.4848993288590604 0.015345268542199489 0.03691275167785235
3 0.4539641943734016 0.7130872483221476 0.023017902813299233 0.050335570469798654