1 0.13414634146341464 0.21544715447154472 0.0894308943089431 0.0948509485094851
2 0.301829268292683 0.06368563685636856 0.06707317073170732 0.1002710027100271
2 0.6046747967479675 0.04607046070460705 0.2296747967479675 0.0975609756097561
2 0.8191056910569107 0.17615176151761516 0.2967479674796748 0.26558265582655827
2 0.8628048780487806 0.6097560975609756 0.209349593495935 0.17886178861788618
2 0.8750000000000001 0.8523035230352304 0.18495934959349594 0.2845528455284553
4 0.8800813008130082 0.9146341463414634 0.04065040650406505 0.03523035230352303
4 0.9288617886178863 0.6070460704607046 0.020325203252032523 0.02710027100271003
4 0.9319105691056911 0.559620596205962 0.026422764227642278 0.02981029810298103
4 0.8963414634146343 0.5853658536585366 0.04471544715447155 0.05420054200542006
4 0.91869918699187 0.16260162601626016 0.04065040650406505 0.04336043360433604
4 0.7713414634146343 0.23035230352303523 0.01829268292682927 0.037940379403794036
4 0.8038617886178863 0.21138211382113822 0.026422764227642278 0.0921409214092141
4 0.7317073170731708 0.25203252032520324 0.024390243902439025 0.02710027100271003
4 0.6829268292682927 0.009485094850948509 0.024390243902439025 0.024390243902439025
4 0.6361788617886179 0.04607046070460705 0.016260162601626018 0.02168021680216802
4 0.8892276422764228 0.7303523035230353 0.030487804878048783 0.02981029810298103
2 0.576219512195122 0.4159891598915989 0.07926829268292684 0.14363143631436315