1 0.8577235772357724 0.7764227642276422 0.0894308943089431 0.0948509485094851
2 0.6900406504065041 0.9281842818428184 0.06707317073170732 0.1002710027100271
2 0.3871951219512196 0.94579945799458 0.2296747967479675 0.0975609756097561
2 0.17276422764227645 0.8157181571815718 0.2967479674796748 0.26558265582655827
2 0.12906504065040653 0.3821138211382114 0.209349593495935 0.17886178861788618
2 0.116869918699187 0.13956639566395665 0.18495934959349594 0.2845528455284553
4 0.11178861788617887 0.07723577235772358 0.04065040650406505 0.03523035230352303
4 0.06300813008130082 0.38482384823848237 0.020325203252032523 0.02710027100271003
4 0.05995934959349594 0.43224932249322495 0.026422764227642278 0.02981029810298103
4 0.09552845528455285 0.4065040650406504 0.04471544715447155 0.05420054200542006
4 0.07317073170731708 0.8292682926829268 0.04065040650406505 0.04336043360433604
4 0.22052845528455287 0.7615176151761518 0.01829268292682927 0.037940379403794036
4 0.18800813008130082 0.7804878048780488 0.026422764227642278 0.0921409214092141
4 0.2601626016260163 0.7398373983739838 0.024390243902439025 0.02710027100271003
4 0.3089430894308943 0.9823848238482384 0.024390243902439025 0.024390243902439025
4 0.3556910569105691 0.94579945799458 0.016260162601626018 0.02168021680216802
4 0.10264227642276424 0.26151761517615174 0.030487804878048783 0.02981029810298103
2 0.4156504065040651 0.575880758807588 0.07926829268292684 0.14363143631436315