1 0.1626016260162602 0.7791327913279132 0.0894308943089431 0.0948509485094851
2 0.3302845528455285 0.9308943089430894 0.06707317073170732 0.1002710027100271
2 0.633130081300813 0.948509485094851 0.2296747967479675 0.0975609756097561
2 0.8475609756097562 0.8184281842818428 0.2967479674796748 0.26558265582655827
2 0.8912601626016261 0.38482384823848237 0.209349593495935 0.17886178861788618
2 0.9034552845528456 0.14227642276422764 0.18495934959349594 0.2845528455284553
4 0.9085365853658538 0.07994579945799458 0.04065040650406505 0.03523035230352303
4 0.9573170731707318 0.3875338753387534 0.020325203252032523 0.02710027100271003
4 0.9603658536585367 0.4349593495934959 0.026422764227642278 0.02981029810298103
4 0.9247967479674798 0.4092140921409214 0.04471544715447155 0.05420054200542006
4 0.9471544715447155 0.8319783197831978 0.04065040650406505 0.04336043360433604
4 0.7997967479674798 0.7642276422764228 0.01829268292682927 0.037940379403794036
4 0.8323170731707318 0.7831978319783198 0.026422764227642278 0.0921409214092141
4 0.7601626016260163 0.7425474254742548 0.024390243902439025 0.02710027100271003
4 0.7113821138211383 0.9850948509485095 0.024390243902439025 0.024390243902439025
4 0.6646341463414634 0.948509485094851 0.016260162601626018 0.02168021680216802
4 0.9176829268292684 0.26422764227642276 0.030487804878048783 0.02981029810298103
2 0.6046747967479675 0.5785907859078591 0.07926829268292684 0.14363143631436315