1 0.8300492610837439 0.7396166134185304 0.08866995073891626 0.0926517571884984
2 0.6736453201970444 0.8929712460063898 0.0665024630541872 0.09904153354632587
2 0.3830049261083744 0.926517571884984 0.22413793103448276 0.09584664536741214
2 0.17118226600985223 0.8194888178913737 0.2881773399014778 0.2523961661341853
2 0.1145320197044335 0.41373801916932906 0.2044334975369458 0.1693290734824281
2 0.09359605911330049 0.18690095846645366 0.18226600985221675 0.2715654952076677
4 0.0874384236453202 0.12939297124600638 0.04187192118226601 0.03514376996805112
4 0.050492610837438424 0.4201277955271565 0.022167487684729065 0.02875399361022364
4 0.04926108374384237 0.46485623003194887 0.029556650246305417 0.02875399361022364
4 0.08251231527093596 0.43929712460063897 0.046798029556650245 0.054313099041533544
4 0.07512315270935961 0.8370607028753994 0.04187192118226601 0.04472843450479233
4 0.2142857142857143 0.7635782747603833 0.019704433497536946 0.038338658146964855
4 0.18472906403940886 0.7827476038338658 0.029556650246305417 0.08945686900958466
4 0.2524630541871921 0.742811501597444 0.027093596059113302 0.02875399361022364
4 0.3078817733990148 0.9648562300319489 0.024630541871921183 0.025559105431309903
4 0.3522167487684729 0.9281150159744409 0.019704433497536946 0.022364217252396165
4 0.08497536945812809 0.3019169329073482 0.03201970443349754 0.02875399361022364
2 0.39655172413793105 0.5782747603833865 0.07881773399014778 0.14057507987220447