1 0.4166666666666667 0.1856368563685637 0.04065040650406505 0.04065040650406504
1 0.24695121951219515 0.6585365853658537 0.07926829268292684 0.0921409214092141
1 0.3170731707317074 0.6273712737127372 0.04065040650406505 0.08943089430894309
3 0.2489837398373984 0.573170731707317 0.08333333333333334 0.07859078590785908
3 0.5182926829268293 0.6856368563685636 0.02845528455284553 0.06504065040650406
1 0.21951219512195125 0.9796747967479674 0.1869918699186992 0.03523035230352303
3 0.8699186991869919 0.8238482384823849 0.06910569105691057 0.03252032520325203
3 0.6270325203252033 0.2669376693766938 0.030487804878048783 0.02981029810298103
3 0.7489837398373984 0.31029810298102983 0.2134146341463415 0.056910569105691054
3 0.5589430894308943 0.05013550135501355 0.04471544715447155 0.018970189701897018
3 0.19613821138211385 0.36585365853658536 0.05081300813008131 0.05420054200542006
3 0.2103658536585366 0.08672086720867209 0.034552845528455285 0.03252032520325203
3 0.2052845528455285 0.27100271002710025 0.02845528455284553 0.05962059620596206
3 0.4441056910569106 0.016260162601626015 0.030487804878048783 0.02710027100271003