1 0.18513853904282115 0.21241830065359477 0.08816120906801007 0.09150326797385622
2 0.3513853904282116 0.08169934640522876 0.06801007556675062 0.09803921568627451
2 0.6435768261964735 0.08333333333333334 0.22418136020151133 0.09477124183006536
2 0.8463476070528967 0.2173202614379085 0.2871536523929471 0.25163398692810457
2 0.8727959697732998 0.6274509803921569 0.2040302267002519 0.16993464052287582
2 0.8765743073047859 0.8545751633986929 0.181360201511335 0.2712418300653595
4 0.8790931989924433 0.9133986928104575 0.04030226700251889 0.03594771241830066
4 0.9370277078085643 0.6290849673202614 0.020151133501259445 0.029411764705882353
4 0.9408060453400503 0.5849673202614379 0.027707808564231738 0.032679738562091505
4 0.906801007556675 0.6062091503267975 0.04534005037783375 0.05555555555555556
4 0.9433249370277078 0.2107843137254902 0.042821158690176324 0.042483660130718956
4 0.7984886649874056 0.2647058823529412 0.020151133501259445 0.0392156862745098
4 0.8299748110831234 0.25 0.027707808564231738 0.08823529411764706
4 0.7594458438287154 0.2826797385620915 0.027707808564231738 0.029411764705882353
4 0.7204030226700252 0.05228758169934641 0.025188916876574305 0.026143790849673203
4 0.6738035264483627 0.08496732026143791 0.017632241813602016 0.026143790849673203
4 0.8942065491183879 0.7418300653594772 0.030226700251889168 0.032679738562091505
2 0.6032745591939547 0.4281045751633987 0.07808564231738035 0.13725490196078433