1 0.37804878048780494 0.18292682926829268 0.04065040650406505 0.04065040650406504
1 0.20833333333333334 0.6558265582655827 0.07926829268292684 0.0921409214092141
1 0.27845528455284557 0.6246612466124661 0.04065040650406505 0.08943089430894309
3 0.2103658536585366 0.5704607046070461 0.08333333333333334 0.07859078590785908
3 0.47967479674796754 0.6829268292682927 0.02845528455284553 0.06504065040650406
1 0.18089430894308944 0.9769647696476965 0.1869918699186992 0.03523035230352303
3 0.8313008130081302 0.8211382113821138 0.06910569105691057 0.03252032520325203
3 0.5884146341463415 0.26422764227642276 0.030487804878048783 0.02981029810298103
3 0.7103658536585367 0.3075880758807588 0.2134146341463415 0.056910569105691054
3 0.5203252032520326 0.04742547425474255 0.04471544715447155 0.018970189701897018
3 0.15752032520325204 0.36314363143631434 0.05081300813008131 0.05420054200542006
3 0.1717479674796748 0.08401084010840108 0.034552845528455285 0.03252032520325203
3 0.16666666666666669 0.2682926829268293 0.02845528455284553 0.05962059620596206
3 0.4054878048780488 0.013550135501355014 0.030487804878048783 0.02710027100271003