1 0.40450928381962864 0.7781569965870307 0.03978779840848806 0.040955631399317405
1 0.2639257294429708 0.3310580204778157 0.07692307692307691 0.08873720136518772
1 0.3302387267904509 0.363481228668942 0.03978779840848806 0.08532423208191127
3 0.2625994694960212 0.40955631399317405 0.07957559681697612 0.07508532423208192
3 0.5238726790450928 0.32593856655290104 0.029177718832891244 0.06484641638225257
1 0.2519893899204244 0.03242320819112628 0.18037135278514588 0.03754266211604096
3 0.8660477453580901 0.22525597269624573 0.0663129973474801 0.034129692832764506
3 0.6100795755968169 0.7184300341296929 0.03183023872679045 0.030716723549488054
3 0.7267904509283819 0.689419795221843 0.20689655172413793 0.05460750853242321
3 0.5344827586206896 0.9146757679180888 0.04509283819628647 0.020477815699658702
3 0.2029177718832891 0.5955631399317406 0.05039787798408488 0.051194539249146756
3 0.2042440318302387 0.8532423208191127 0.03713527851458886 0.034129692832764506
3 0.20822281167108753 0.6843003412969283 0.029177718832891244 0.05802047781569966
3 0.42440318302387264 0.9351535836177475 0.03183023872679045 0.027303754266211604