3 0.10492227979274611 0.34067796610169493 0.02849740932642487 0.05084745762711864
3 0.15544041450777202 0.3305084745762712 0.02590673575129534 0.023728813559322035
3 0.1955958549222798 0.6525423728813559 0.02849740932642487 0.0576271186440678
3 0.4145077720207254 0.8338983050847457 0.05181347150259068 0.07457627118644068
1 0.9028497409326425 0.5152542372881356 0.1528497409326425 0.21694915254237288
1 0.9624352331606219 0.3169491525423729 0.044041450777202076 0.19322033898305085
1 0.7551813471502591 0.5101694915254237 0.044041450777202076 0.0576271186440678
3 0.7772020725388601 0.5627118644067797 0.06735751295336788 0.08135593220338982
3 0.7318652849740933 0.623728813559322 0.023316062176165803 0.03389830508474576
3 0.6917098445595855 0.6932203389830508 0.07253886010362695 0.05084745762711864
3 0.5025906735751295 0.5440677966101695 0.015544041450777202 0.03728813559322034
3 0.477979274611399 0.7728813559322034 0.023316062176165803 0.04745762711864407