3 0.8953252032520326 0.34417344173441733 0.026422764227642278 0.04878048780487805
3 0.842479674796748 0.3319783197831978 0.022357723577235776 0.024390243902439025
3 0.7947154471544716 0.6653116531165312 0.02845528455284553 0.056910569105691054
3 0.5660569105691058 0.8455284552845529 0.05081300813008131 0.07588075880758807
1 0.07520325203252033 0.4932249322493225 0.15447154471544716 0.2222222222222222
1 0.019308943089430895 0.2859078590785908 0.042682926829268296 0.1978319783197832
1 0.22662601626016263 0.494579945799458 0.042682926829268296 0.056910569105691054
3 0.2022357723577236 0.5501355013550135 0.06707317073170732 0.08130081300813008
3 0.24796747967479676 0.6138211382113821 0.020325203252032523 0.02981029810298103
3 0.2876016260162602 0.6883468834688347 0.07113821138211383 0.04878048780487805
3 0.4827235772357724 0.540650406504065 0.014227642276422765 0.03523035230352303
3 0.5040650406504066 0.7791327913279132 0.020325203252032523 0.04607046070460705