1 0.07317073170731708 0.44173441734417346 0.052845528455284556 0.11382113821138211
1 0.2296747967479675 0.9173441734417345 0.2520325203252033 0.15447154471544716
3 0.25813008130081305 0.8766937669376694 0.04878048780487805 0.07317073170731707
1 0.6869918699186992 0.8265582655826558 0.04065040650406505 0.037940379403794036
4 0.44512195121951226 0.9024390243902439 0.03658536585365854 0.05962059620596206
3 0.6676829268292683 0.8550135501355014 0.08739837398373984 0.051490514905149054
4 0.5284552845528456 0.9308943089430894 0.25609756097560976 0.12737127371273713
3 0.6463414634146342 0.3915989159891599 0.03658536585365854 0.051490514905149054
3 0.6168699186991871 0.37398373983739835 0.01829268292682927 0.03252032520325203
3 0.8231707317073171 0.03116531165311653 0.03658536585365854 0.04065040650406504
3 0.22764227642276424 0.10569105691056911 0.032520325203252036 0.037940379403794036