2 0.3140243902439025 0.7371273712737128 0.28658536585365857 0.5149051490514905
2 0.6890243902439025 0.7953929539295393 0.459349593495935 0.2899728997289973
2 0.5772357723577236 0.540650406504065 0.25609756097560976 0.1978319783197832
2 0.8272357723577237 0.43902439024390244 0.1829268292682927 0.23306233062330622
2 0.5487804878048781 0.24390243902439024 0.0975609756097561 0.05962059620596206
2 0.8384146341463415 0.036585365853658534 0.15243902439024393 0.07859078590785908
4 0.29268292682926833 0.9566395663956639 0.04878048780487805 0.07588075880758807
4 0.6402439024390244 0.7859078590785907 0.0894308943089431 0.08672086720867209
4 0.6016260162601627 0.6084010840108401 0.04878048780487805 0.06775067750677506
4 0.8678861788617888 0.45528455284552843 0.024390243902439025 0.04336043360433604
4 0.8180894308943091 0.483739837398374 0.042682926829268296 0.03523035230352303