2 0.332425068119891 0.25806451612903225 0.2833787465940054 0.5017921146953405
2 0.7016348773841962 0.2132616487455197 0.4550408719346049 0.2831541218637993
2 0.5871934604904632 0.4551971326164875 0.2534059945504087 0.1935483870967742
2 0.829700272479564 0.5627240143369175 0.18256130790190736 0.22939068100358423
2 0.553133514986376 0.7401433691756273 0.09809264305177111 0.06093189964157706
2 0.8337874659400545 0.9516129032258065 0.15258855585831063 0.08243727598566308
4 0.31607629427792916 0.044802867383512544 0.049046321525885554 0.07526881720430108
4 0.6525885558583105 0.22043010752688172 0.08991825613079019 0.08960573476702509
4 0.611716621253406 0.3906810035842294 0.051771117166212535 0.07168458781362007
4 0.8705722070844686 0.546594982078853 0.024523160762942777 0.04659498207885305
4 0.8228882833787465 0.517921146953405 0.043596730245231606 0.03942652329749104