1 0.07972972972972973 0.47923875432525953 0.051351351351351354 0.10726643598615918
1 0.25135135135135134 0.8996539792387543 0.24324324324324326 0.1453287197231834
3 0.2756756756756757 0.8615916955017301 0.04864864864864865 0.06920415224913495
1 0.6810810810810811 0.7802768166089966 0.043243243243243246 0.03806228373702422
4 0.4554054054054054 0.8685121107266436 0.03513513513513514 0.05536332179930796
3 0.664864864864865 0.8062283737024222 0.08648648648648649 0.04844290657439446
4 0.5364864864864866 0.8875432525951558 0.24594594594594596 0.12110726643598617
3 0.6216216216216217 0.38581314878892736 0.03783783783783784 0.051903114186851215
3 0.591891891891892 0.3719723183391004 0.021621621621621623 0.03114186851211073
3 0.7702702702702703 0.04152249134948097 0.03783783783783784 0.04152249134948097
3 0.20945945945945948 0.16089965397923875 0.03513513513513514 0.03806228373702422