2 0.6310975609756099 0.25474254742547425 0.28658536585365857 0.5149051490514905
2 0.25609756097560976 0.19647696476964768 0.459349593495935 0.2899728997289973
2 0.36788617886178865 0.45121951219512196 0.25609756097560976 0.1978319783197832
2 0.11788617886178863 0.5528455284552846 0.1829268292682927 0.23306233062330622
2 0.39634146341463417 0.7479674796747967 0.0975609756097561 0.05962059620596206
2 0.10670731707317074 0.9552845528455285 0.15243902439024393 0.07859078590785908
4 0.6524390243902439 0.03523035230352303 0.04878048780487805 0.07588075880758807
4 0.30487804878048785 0.20596205962059622 0.0894308943089431 0.08672086720867209
4 0.3434959349593496 0.38346883468834686 0.04878048780487805 0.06775067750677506
4 0.07723577235772358 0.5365853658536586 0.024390243902439025 0.04336043360433604
4 0.12703252032520326 0.508130081300813 0.042682926829268296 0.03523035230352303