1 0.09890109890109891 0.46964285714285714 0.05494505494505495 0.11071428571428571
1 0.2664835164835165 0.9071428571428571 0.24725274725274726 0.15
3 0.29120879120879123 0.8678571428571429 0.049450549450549455 0.07142857142857142
1 0.7046703296703297 0.7946428571428571 0.041208791208791215 0.039285714285714285
4 0.47252747252747257 0.8803571428571428 0.038461538461538464 0.060714285714285714
3 0.6868131868131868 0.8232142857142857 0.08791208791208792 0.05357142857142857
4 0.5563186813186813 0.9035714285714286 0.25 0.12142857142857143
3 0.6510989010989011 0.3892857142857143 0.038461538461538464 0.049999999999999996
3 0.6222527472527473 0.375 0.019230769230769232 0.03571428571428571
3 0.8104395604395606 0.039285714285714285 0.038461538461538464 0.04285714285714286
3 0.23763736263736265 0.14464285714285713 0.03571428571428572 0.039285714285714285