1 0.04878048780487805 0.43902439024390244 0.052845528455284556 0.11382113821138211
1 0.2052845528455285 0.9146341463414634 0.2520325203252033 0.15447154471544716
3 0.233739837398374 0.8739837398373984 0.04878048780487805 0.07317073170731707
1 0.6626016260162603 0.8238482384823849 0.04065040650406505 0.037940379403794036
4 0.4207317073170732 0.8997289972899729 0.03658536585365854 0.05962059620596206
3 0.6432926829268293 0.8523035230352304 0.08739837398373984 0.051490514905149054
4 0.5040650406504066 0.9281842818428184 0.25609756097560976 0.12737127371273713
3 0.6219512195121952 0.3888888888888889 0.03658536585365854 0.051490514905149054
3 0.592479674796748 0.3712737127371274 0.01829268292682927 0.03252032520325203
3 0.7987804878048781 0.028455284552845527 0.03658536585365854 0.04065040650406504
3 0.20325203252032523 0.10298102981029811 0.032520325203252036 0.037940379403794036