2 0.3844086021505377 0.7027491408934707 0.2741935483870968 0.47079037800687284
2 0.7352150537634409 0.7920962199312714 0.43817204301075274 0.2646048109965636
2 0.6438172043010754 0.5515463917525774 0.24462365591397853 0.18213058419243985
2 0.8857526881720431 0.48281786941580757 0.17473118279569894 0.21649484536082475
2 0.6330645161290324 0.2800687285223368 0.09408602150537636 0.058419243986254296
2 0.9180107526881721 0.12027491408934708 0.1478494623655914 0.07560137457044673
4 0.3521505376344086 0.8986254295532646 0.048387096774193554 0.07216494845360824
4 0.6895161290322581 0.7800687285223368 0.08870967741935484 0.08247422680412371
4 0.663978494623656 0.6134020618556701 0.048387096774193554 0.06529209621993128
4 0.9233870967741936 0.5017182130584192 0.024193548387096777 0.041237113402061855
4 0.8736559139784947 0.5223367697594502 0.043010752688172046 0.03436426116838488