1 0.11904761904761904 0.47619047619047616 0.05291005291005291 0.10884353741496598
1 0.291005291005291 0.9030612244897959 0.24338624338624337 0.14625850340136054
3 0.31481481481481477 0.8622448979591837 0.047619047619047616 0.07142857142857142
1 0.7222222222222222 0.7840136054421768 0.042328042328042326 0.03741496598639456
4 0.49470899470899465 0.8724489795918366 0.037037037037037035 0.057823129251700675
3 0.705026455026455 0.8112244897959183 0.0873015873015873 0.05102040816326531
4 0.5753968253968254 0.891156462585034 0.24603174603174602 0.12244897959183673
3 0.664021164021164 0.38605442176870747 0.037037037037037035 0.05102040816326531
3 0.6349206349206349 0.3724489795918367 0.021164021164021163 0.030612244897959183
3 0.816137566137566 0.04081632653061224 0.03968253968253968 0.04081632653061224
3 0.2513227513227513 0.15476190476190477 0.031746031746031744 0.03741496598639456