2 0.3997395833333333 0.26109215017064846 0.28385416666666663 0.5017064846416383
2 0.7682291666666666 0.21843003412969283 0.453125 0.27986348122866894
2 0.65234375 0.4590443686006826 0.25260416666666663 0.1945392491467577
2 0.8958333333333333 0.5665529010238908 0.18229166666666666 0.22525597269624573
2 0.6197916666666666 0.7440273037542662 0.09895833333333333 0.06143344709897611
2 0.8984375 0.9539249146757679 0.15104166666666666 0.07849829351535836
4 0.3828125 0.04948805460750853 0.05208333333333333 0.07849829351535836
4 0.7200520833333333 0.22525597269624573 0.09114583333333333 0.08873720136518772
4 0.6783854166666666 0.39590443686006827 0.049479166666666664 0.06825938566552901
4 0.9348958333333333 0.5511945392491467 0.026041666666666664 0.04436860068259386
4 0.88671875 0.5238907849829352 0.04427083333333333 0.03754266211604096