2 0.36081081081081084 0.25539568345323743 0.28918918918918923 0.5179856115107914
2 0.7337837837837838 0.19784172661870505 0.4621621621621622 0.2949640287769784
2 0.622972972972973 0.45323741007194246 0.2567567567567568 0.20143884892086333
2 0.872972972972973 0.5539568345323741 0.1837837837837838 0.23741007194244607
2 0.595945945945946 0.7482014388489209 0.1 0.06474820143884892
2 0.8851351351351352 0.9550359712230216 0.15405405405405406 0.08273381294964029
4 0.3391891891891892 0.03956834532374101 0.051351351351351354 0.07913669064748202
4 0.6864864864864866 0.20683453237410074 0.0918918918918919 0.08992805755395684
4 0.6472972972972973 0.38489208633093525 0.051351351351351354 0.07194244604316546
4 0.9135135135135135 0.5377697841726619 0.02702702702702703 0.046762589928057555
4 0.8635135135135136 0.5089928057553957 0.04594594594594595 0.03956834532374101