1 0.9695121951219513 0.5501355013550135 0.052845528455284556 0.11382113821138211
1 0.8130081300813009 0.07452574525745258 0.2520325203252033 0.15447154471544716
3 0.7845528455284554 0.11517615176151762 0.04878048780487805 0.07317073170731707
1 0.3556910569105691 0.16531165311653118 0.04065040650406505 0.037940379403794036
4 0.5975609756097562 0.08943089430894309 0.03658536585365854 0.05962059620596206
3 0.37500000000000006 0.13685636856368563 0.08739837398373984 0.051490514905149054
4 0.5142276422764228 0.06097560975609756 0.25609756097560976 0.12737127371273713
3 0.39634146341463417 0.6002710027100271 0.03658536585365854 0.051490514905149054
3 0.4258130081300813 0.6178861788617886 0.01829268292682927 0.03252032520325203
3 0.21951219512195125 0.9607046070460704 0.03658536585365854 0.04065040650406504
3 0.8150406504065042 0.8861788617886179 0.032520325203252036 0.037940379403794036