1 0.8784119106699751 0.47435897435897434 0.05459057071960298 0.10897435897435898
1 0.7096774193548387 0.907051282051282 0.24317617866004962 0.14743589743589744
3 0.6836228287841191 0.8653846153846153 0.04714640198511166 0.07051282051282051
1 0.27419354838709675 0.7916666666666666 0.04218362282878412 0.038461538461538464
4 0.5024813895781638 0.8782051282051282 0.03722084367245657 0.05769230769230769
3 0.29156327543424315 0.8173076923076923 0.08684863523573201 0.05128205128205128
4 0.4218362282878412 0.8974358974358974 0.24813895781637718 0.12179487179487179
3 0.33126550868486354 0.3894230769230769 0.03722084367245657 0.04807692307692307
3 0.3598014888337469 0.375 0.019851116625310174 0.03205128205128205
3 0.17493796526054592 0.04326923076923077 0.03722084367245657 0.041666666666666664
3 0.7431761786600496 0.15384615384615385 0.03225806451612903 0.038461538461538464