2 0.6634078212290503 0.2591240875912409 0.28212290502793297 0.49635036496350365
2 0.2974860335195531 0.22080291970802918 0.44972067039106145 0.28102189781021897
2 0.4134078212290503 0.45802919708029194 0.25139664804469275 0.19343065693430656
2 0.1717877094972067 0.5656934306569343 0.18156424581005587 0.22627737226277372
2 0.44832402234636876 0.7390510948905109 0.09776536312849163 0.06204379562043796
2 0.17318435754189945 0.9507299270072992 0.15083798882681565 0.07664233576642336
4 0.6787709497206704 0.049270072992700725 0.05027932960893855 0.07664233576642336
4 0.3435754189944134 0.2281021897810219 0.0893854748603352 0.08394160583941605
4 0.38687150837988826 0.395985401459854 0.04748603351955307 0.06934306569343066
4 0.13268156424581007 0.5529197080291971 0.025139664804469275 0.04744525547445255
4 0.1787709497206704 0.5237226277372262 0.0446927374301676 0.040145985401459854