2 0.40463215258855584 0.26501766784452296 0.28065395095367845 0.48763250883392223
2 0.7683923705722071 0.2332155477031802 0.44686648501362397 0.2756183745583039
2 0.6512261580381471 0.4646643109540636 0.2506811989100817 0.1872791519434629
2 0.888283378746594 0.5742049469964664 0.17983651226158037 0.2226148409893993
2 0.6130790190735694 0.7402826855123675 0.09809264305177111 0.06007067137809187
2 0.885558583106267 0.9540636042402827 0.14713896457765668 0.07773851590106007
4 0.39237057220708443 0.05830388692579505 0.049046321525885554 0.07420494699646643
4 0.7207084468664849 0.23851590106007067 0.08991825613079019 0.08833922261484099
4 0.6771117166212534 0.4010600706713781 0.051771117166212535 0.06713780918727916
4 0.9291553133514986 0.5618374558303887 0.027247956403269755 0.04240282685512367
4 0.88283378746594 0.5335689045936396 0.043596730245231606 0.0353356890459364