2 0.6026422764227642 0.25745257452574527 0.28658536585365857 0.5149051490514905
2 0.22764227642276424 0.1991869918699187 0.459349593495935 0.2899728997289973
2 0.33943089430894313 0.453929539295393 0.25609756097560976 0.1978319783197832
2 0.0894308943089431 0.5555555555555556 0.1829268292682927 0.23306233062330622
2 0.36788617886178865 0.7506775067750677 0.0975609756097561 0.05962059620596206
2 0.07825203252032521 0.9579945799457995 0.15243902439024393 0.07859078590785908
4 0.6239837398373984 0.037940379403794036 0.04878048780487805 0.07588075880758807
4 0.2764227642276423 0.2086720867208672 0.0894308943089431 0.08672086720867209
4 0.3150406504065041 0.3861788617886179 0.04878048780487805 0.06775067750677506
4 0.04878048780487805 0.5392953929539296 0.024390243902439025 0.04336043360433604
4 0.09857723577235773 0.510840108401084 0.042682926829268296 0.03523035230352303