3 0.9597402597402598 0.03264604810996564 0.03896103896103896 0.044673539518900345
3 0.45714285714285713 0.13745704467353953 0.02077922077922078 0.020618556701030927
3 0.08441558441558442 0.14948453608247422 0.033766233766233764 0.030927835051546393
3 0.09740259740259741 0.02577319587628866 0.01818181818181818 0.024054982817869414
3 0.42597402597402595 0.5223367697594502 0.02077922077922078 0.027491408934707903
3 0.5727272727272728 0.6821305841924399 0.03896103896103896 0.058419243986254296
3 0.5207792207792208 0.7422680412371134 0.05454545454545454 0.08934707903780069
3 0.5142857142857142 0.8006872852233676 0.02077922077922078 0.020618556701030927
3 0.574025974025974 0.895189003436426 0.02077922077922078 0.044673539518900345
3 0.4987012987012987 0.9553264604810996 0.02077922077922078 0.027491408934707903
3 0.3051948051948052 0.9673539518900344 0.02857142857142857 0.024054982817869414
3 0.7753246753246753 0.8367697594501718 0.02857142857142857 0.024054982817869414
3 0.7610389610389611 0.9810996563573883 0.025974025974025976 0.024054982817869414
3 0.8571428571428571 0.9089347079037801 0.015584415584415584 0.024054982817869414
1 0.2623376623376623 0.39690721649484534 0.16103896103896104 0.15463917525773196