3 0.06199186991869919 0.07046070460704607 0.03861788617886179 0.14634146341463414
1 0.5802845528455285 0.948509485094851 0.10772357723577237 0.0921409214092141
3 0.08333333333333334 0.8455284552845529 0.04471544715447155 0.0975609756097561
3 0.1402439024390244 0.7642276422764228 0.04065040650406505 0.08672086720867209
3 0.17682926829268295 0.7276422764227642 0.02845528455284553 0.024390243902439025
3 0.2642276422764228 0.6775067750677507 0.032520325203252036 0.04336043360433604
3 0.3170731707317074 0.6124661246612466 0.04065040650406505 0.037940379403794036
3 0.40650406504065045 0.4349593495934959 0.020325203252032523 0.024390243902439025
3 0.7083333333333334 0.497289972899729 0.042682926829268296 0.02981029810298103
3 0.8597560975609757 0.3428184281842818 0.020325203252032523 0.04607046070460705
3 0.6361788617886179 0.48644986449864497 0.04065040650406505 0.04607046070460705
3 0.7591463414634148 0.9634146341463414 0.022357723577235776 0.02981029810298103
3 0.5284552845528456 0.8631436314363143 0.02845528455284553 0.024390243902439025
3 0.5528455284552846 0.8428184281842819 0.024390243902439025 0.02168021680216802
3 0.5731707317073171 0.8523035230352304 0.012195121951219513 0.024390243902439025
3 0.5853658536585367 0.8834688346883469 0.012195121951219513 0.02710027100271003