3 0.9613821138211384 0.9769647696476965 0.03658536585365854 0.04065040650406504
3 0.4542682926829269 0.8631436314363143 0.01829268292682927 0.018970189701897018
3 0.07926829268292684 0.8455284552845529 0.032520325203252036 0.02710027100271003
3 0.09146341463414635 0.9715447154471545 0.016260162601626018 0.018970189701897018
3 0.426829268292683 0.470189701897019 0.016260162601626018 0.024390243902439025
3 0.5752032520325204 0.3116531165311653 0.03658536585365854 0.05420054200542006
3 0.524390243902439 0.24932249322493225 0.052845528455284556 0.08672086720867209
3 0.5182926829268293 0.18834688346883469 0.020325203252032523 0.018970189701897018
3 0.5782520325203253 0.09349593495934959 0.01829268292682927 0.04065040650406504
3 0.5040650406504066 0.03116531165311653 0.016260162601626018 0.024390243902439025
3 0.3089430894308943 0.016260162601626015 0.024390243902439025 0.02168021680216802
3 0.7825203252032521 0.15718157181571815 0.024390243902439025 0.02168021680216802
3 0.7682926829268294 0.009485094850948509 0.024390243902439025 0.018970189701897018
3 0.8648373983739839 0.08401084010840108 0.014227642276422765 0.02168021680216802
1 0.2601626016260163 0.5975609756097561 0.1585365853658537 0.15447154471544716