3 0.5904471544715448 0.2005420054200542 0.05894308943089432 0.07588075880758807
3 0.2134146341463415 0.18834688346883469 0.05691056910569106 0.03523035230352303
3 0.23069105691056913 0.044715447154471545 0.022357723577235776 0.04607046070460705
1 0.777439024390244 0.025745257452574527 0.16463414634146342 0.051490514905149054
1 0.946138211382114 0.13685636856368563 0.09959349593495936 0.13821138211382114
1 0.8760162601626017 0.38482384823848237 0.23983739837398377 0.2926829268292683
1 0.8760162601626017 0.7669376693766937 0.23983739837398377 0.46070460704607047
3 0.7428861788617886 0.7262872628726287 0.022357723577235776 0.037940379403794036
3 0.7256097560975611 0.11924119241192412 0.04065040650406505 0.05420054200542006
3 0.649390243902439 0.7005420054200542 0.034552845528455285 0.056910569105691054
3 0.6138211382113822 0.7560975609756098 0.03658536585365854 0.04878048780487805
3 0.5741869918699187 0.7913279132791328 0.034552845528455285 0.04336043360433604
3 0.508130081300813 0.8184281842818428 0.03658536585365854 0.05420054200542006
3 0.451219512195122 0.8333333333333334 0.03658536585365854 0.018970189701897018