1 0.05988857938718663 0.09074074074074075 0.11420612813370473 0.14444444444444446
1 0.09192200557103064 0.29074074074074074 0.17827298050139276 0.2777777777777778
1 0.37047353760445684 0.2925925925925926 0.38440111420612816 0.5851851851851853
1 0.17688022284122562 0.6185185185185186 0.052924791086350974 0.044444444444444446
3 0.2743732590529248 0.6111111111111112 0.07520891364902507 0.05185185185185186
3 0.3997214484679666 0.65 0.07520891364902507 0.05555555555555556
3 0.4387186629526462 0.5796296296296296 0.0807799442896936 0.040740740740740744
3 0.4610027855153203 0.512962962962963 0.019498607242339833 0.07037037037037037
3 0.5696378830083565 0.43333333333333335 0.036211699164345405 0.037037037037037035
3 0.6323119777158774 0.46481481481481485 0.08356545961002786 0.1
3 0.9066852367688022 0.6129629629629629 0.036211699164345405 0.040740740740740744
3 0.9345403899721448 0.7981481481481482 0.025069637883008356 0.040740740740740744
3 0.8426183844011143 0.20740740740740743 0.019498607242339833 0.02962962962962963