1 0.7012195121951219 0.6140625000000001 0.0951219512195122 0.096875
1 0.625609756097561 0.6781250000000001 0.08048780487804878 0.07500000000000001
1 0.5365853658536586 0.61875 0.0975609756097561 0.10625000000000001
1 0.45121951219512196 0.5671875000000001 0.09268292682926829 0.109375
1 0.46219512195121953 0.690625 0.07560975609756097 0.08125
3 0.5317073170731708 0.9437500000000001 0.014634146341463414 0.018750000000000003
3 0.5378048780487805 0.9203125000000001 0.01707317073170732 0.021875000000000002
3 0.12317073170731707 0.609375 0.05609756097560976 0.018750000000000003
3 0.46219512195121953 0.4765625 0.02195121951219512 0.015625
3 0.44146341463414634 0.3328125 0.07317073170731707 0.034375
3 0.42804878048780487 0.30000000000000004 0.026829268292682926 0.037500000000000006
3 0.651219512195122 0.325 0.03414634146341464 0.018750000000000003
3 0.5890243902439024 0.28750000000000003 0.01707317073170732 0.018750000000000003
3 0.5414634146341464 0.25625000000000003 0.029268292682926828 0.05
3 0.5195121951219512 0.23750000000000002 0.01951219512195122 0.043750000000000004
3 0.4024390243902439 0.05 0.03414634146341464 0.043750000000000004
3 0.25365853658536586 0.08281250000000001 0.1024390243902439 0.115625
1 0.48292682926829267 0.5 0.06341463414634146 0.07500000000000001
3 0.1024390243902439 0.6890625 0.014634146341463414 0.021875000000000002