3 0.3994708994708994 0.21626297577854672 0.0582010582010582 0.0726643598615917
3 0.7671957671957672 0.18858131487889274 0.0582010582010582 0.03806228373702422
3 0.746031746031746 0.051903114186851215 0.026455026455026454 0.04844290657439446
1 0.21296296296296297 0.05709342560553633 0.16137566137566137 0.051903114186851215
1 0.051587301587301584 0.171280276816609 0.09788359788359788 0.13494809688581316
1 0.12566137566137564 0.40484429065743943 0.23544973544973544 0.2837370242214533
1 0.1349206349206349 0.7698961937716263 0.23809523809523808 0.4463667820069204
3 0.2632275132275132 0.7249134948096886 0.023809523809523808 0.03806228373702422
3 0.26455026455026454 0.1453287197231834 0.042328042328042326 0.05536332179930796
3 0.3544973544973545 0.6972318339100346 0.037037037037037035 0.058823529411764705
3 0.3902116402116402 0.7491349480968859 0.03968253968253968 0.051903114186851215
3 0.4298941798941799 0.7802768166089966 0.03439153439153439 0.04498269896193772
3 0.49470899470899465 0.8027681660899654 0.037037037037037035 0.05536332179930796
3 0.5502645502645502 0.8148788927335641 0.037037037037037035 0.02422145328719723