3 0.9089805825242717 0.021671826625386997 0.03640776699029126 0.03715170278637771
3 0.4368932038834951 0.17182662538699692 0.019417475728155338 0.021671826625386997
3 0.08252427184466019 0.22136222910216719 0.03398058252427184 0.027863777089783284
3 0.08737864077669902 0.10681114551083593 0.019417475728155338 0.021671826625386997
3 0.4320388349514563 0.5294117647058824 0.019417475728155338 0.02476780185758514
3 0.5813106796116504 0.6578947368421053 0.03640776699029126 0.052631578947368425
3 0.5364077669902912 0.7198142414860682 0.05339805825242718 0.08359133126934985
3 0.5327669902912621 0.7755417956656347 0.021844660194174755 0.021671826625386997
3 0.5946601941747572 0.8560371517027864 0.019417475728155338 0.04024767801857585
3 0.5279126213592232 0.9195046439628484 0.01699029126213592 0.02476780185758514
3 0.34466019417475724 0.9504643962848298 0.02427184466019417 0.02476780185758514
3 0.7851941747572815 0.7786377708978328 0.02669902912621359 0.021671826625386997
3 0.779126213592233 0.9148606811145511 0.02427184466019417 0.021671826625386997
3 0.866504854368932 0.8374613003095975 0.014563106796116504 0.021671826625386997
1 0.2669902912621359 0.4303405572755418 0.15048543689320387 0.14241486068111456