1 0.05589430894308944 0.0921409214092141 0.11178861788617887 0.14092140921409213
1 0.08841463414634147 0.2940379403794038 0.17682926829268295 0.27371273712737126
1 0.37093495934959353 0.2926829268292683 0.3841463414634147 0.5853658536585366
1 0.17784552845528456 0.6246612466124661 0.05081300813008131 0.04065040650406504
3 0.2754065040650407 0.6165311653116531 0.07520325203252033 0.04607046070460705
3 0.4024390243902439 0.6531165311653117 0.07317073170731708 0.05420054200542006
3 0.44105691056910573 0.5826558265582655 0.07723577235772358 0.037940379403794036
3 0.4623983739837399 0.5149051490514905 0.01829268292682927 0.06504065040650406
3 0.5721544715447155 0.43224932249322495 0.034552845528455285 0.03523035230352303
3 0.6341463414634148 0.4634146341463415 0.0813008130081301 0.0975609756097561
3 0.9136178861788619 0.6097560975609756 0.034552845528455285 0.037940379403794036
3 0.9420731707317074 0.7967479674796748 0.022357723577235776 0.037940379403794036
3 0.8455284552845529 0.2018970189701897 0.016260162601626018 0.024390243902439025