3 0.07044198895027624 0.9191176470588235 0.04143646408839779 0.14705882352941177
1 0.5883977900552486 0.044117647058823525 0.11049723756906077 0.09558823529411764
3 0.0925414364640884 0.14705882352941177 0.04696132596685083 0.10294117647058823
3 0.14917127071823205 0.22794117647058823 0.04419889502762431 0.08823529411764705
3 0.18646408839779005 0.2647058823529412 0.03038674033149171 0.029411764705882353
3 0.2734806629834254 0.31433823529411764 0.03314917127071823 0.04779411764705882
3 0.3259668508287293 0.3805147058823529 0.04419889502762431 0.04044117647058824
3 0.4143646408839779 0.5569852941176471 0.022099447513812154 0.025735294117647058
3 0.7168508287292817 0.4944852941176471 0.04696132596685083 0.03308823529411765
3 0.8674033149171271 0.6488970588235294 0.022099447513812154 0.04779411764705882
3 0.643646408839779 0.5055147058823529 0.04419889502762431 0.04779411764705882
3 0.7665745856353591 0.03125 0.024861878453038673 0.03308823529411765
3 0.5372928176795579 0.13051470588235295 0.03038674033149171 0.025735294117647058
3 0.5607734806629834 0.15073529411764705 0.027624309392265192 0.022058823529411763
3 0.5814917127071823 0.14154411764705882 0.013812154696132596 0.025735294117647058
3 0.5939226519337016 0.11029411764705882 0.016574585635359115 0.029411764705882353