1 0.303475935828877 0.6056338028169014 0.09893048128342245 0.1056338028169014
1 0.37834224598930477 0.6795774647887324 0.08288770053475936 0.08450704225352113
1 0.4759358288770053 0.625 0.1016042780748663 0.11619718309859155
1 0.5655080213903743 0.573943661971831 0.09358288770053476 0.11971830985915494
1 0.5494652406417112 0.7059859154929577 0.07754010695187165 0.08802816901408451
3 0.4652406417112299 0.971830985915493 0.0160427807486631 0.02112676056338028
3 0.4598930481283422 0.9471830985915494 0.0160427807486631 0.02112676056338028
3 0.9037433155080213 0.6461267605633803 0.058823529411764705 0.024647887323943664
3 0.5588235294117647 0.47887323943661975 0.0213903743315508 0.02112676056338028
3 0.5882352941176471 0.3257042253521127 0.0748663101604278 0.03873239436619719
3 0.6016042780748663 0.29225352112676056 0.026737967914438502 0.04225352112676056
3 0.37032085561497324 0.301056338028169 0.034759358288770054 0.024647887323943664
3 0.43449197860962563 0.2658450704225352 0.01871657754010695 0.024647887323943664
3 0.4866310160427807 0.2359154929577465 0.026737967914438502 0.04929577464788733
3 0.5106951871657753 0.2183098591549296 0.0213903743315508 0.04929577464788733
3 0.6403743315508021 0.02640845070422535 0.034759358288770054 0.045774647887323945
3 0.7941176470588235 0.07394366197183098 0.10695187165775401 0.1267605633802817
1 0.5360962566844919 0.5017605633802817 0.06684491978609625 0.08098591549295775
3 0.9237967914438502 0.7341549295774648 0.013368983957219251 0.024647887323943664