3 0.9283887468030692 0.07094594594594594 0.04092071611253197 0.14864864864864866
1 0.42583120204603586 0.9408783783783784 0.10997442455242967 0.09121621621621623
3 0.9156010230179029 0.8310810810810811 0.04603580562659847 0.10135135135135136
3 0.8580562659846548 0.7533783783783784 0.04347826086956522 0.08783783783783784
3 0.8209718670076727 0.7162162162162162 0.030690537084398978 0.02702702702702703
3 0.7340153452685423 0.668918918918919 0.03580562659846548 0.0472972972972973
3 0.6815856777493606 0.6081081081081081 0.04347826086956522 0.04054054054054054
3 0.592071611253197 0.43581081081081086 0.023017902813299233 0.02702702702702703
3 0.29411764705882354 0.5016891891891893 0.04603580562659847 0.030405405405405407
3 0.14194373401534527 0.35472972972972977 0.023017902813299233 0.0472972972972973
3 0.3644501278772379 0.4898648648648649 0.04347826086956522 0.0472972972972973
3 0.2480818414322251 0.9594594594594595 0.025575447570332484 0.033783783783783786
3 0.47570332480818417 0.8581081081081081 0.030690537084398978 0.02702702702702703
3 0.45140664961636834 0.8361486486486487 0.02813299232736573 0.02364864864864865
3 0.43094629156010233 0.847972972972973 0.012787723785166242 0.02702702702702703
3 0.41943734015345274 0.8766891891891893 0.015345268542199489 0.030405405405405407