1 0.3442211055276382 0.6059602649006622 0.10050251256281408 0.10596026490066225
1 0.4183417085427136 0.6804635761589404 0.0829145728643216 0.08278145695364239
1 0.5150753768844221 0.6241721854304636 0.10050251256281408 0.11589403973509933
1 0.6067839195979899 0.5745033112582781 0.09296482412060302 0.11589403973509933
1 0.5891959798994975 0.706953642384106 0.07788944723618091 0.08940397350993377
3 0.5050251256281407 0.9735099337748344 0.01507537688442211 0.019867549668874173
3 0.5 0.9486754966887417 0.01507537688442211 0.023178807947019868
3 0.9447236180904522 0.6473509933774835 0.06030150753768844 0.023178807947019868
3 0.5992462311557789 0.478476821192053 0.022613065326633167 0.016556291390728478
3 0.628140703517588 0.326158940397351 0.07537688442211056 0.03642384105960265
3 0.6432160804020101 0.2913907284768212 0.02512562814070352 0.039735099337748346
3 0.41080402010050254 0.30132450331125826 0.032663316582914576 0.019867549668874173
3 0.47613065326633164 0.26655629139072845 0.017587939698492462 0.023178807947019868
3 0.5276381909547738 0.2367549668874172 0.03015075376884422 0.04966887417218543
3 0.550251256281407 0.22019867549668873 0.020100502512562814 0.04966887417218543
3 0.6821608040201005 0.026490066225165563 0.032663316582914576 0.046357615894039736
3 0.835427135678392 0.07450331125827815 0.10804020100502512 0.12251655629139073
1 0.577889447236181 0.5016556291390728 0.06532663316582915 0.08278145695364239
3 0.964824120603015 0.7350993377483444 0.01507537688442211 0.026490066225165563