3 0.44613821138211385 0.1978319783197832 0.05894308943089432 0.07588075880758807
3 0.8231707317073171 0.1856368563685637 0.05691056910569106 0.03523035230352303
3 0.8058943089430896 0.04200542005420054 0.022357723577235776 0.04607046070460705
1 0.25914634146341464 0.023035230352303523 0.16463414634146342 0.051490514905149054
1 0.09044715447154472 0.13414634146341464 0.09959349593495936 0.13821138211382114
1 0.16056910569105692 0.3821138211382114 0.23983739837398377 0.2926829268292683
1 0.16056910569105692 0.7642276422764228 0.23983739837398377 0.46070460704607047
3 0.29369918699187 0.7235772357723578 0.022357723577235776 0.037940379403794036
3 0.3109756097560976 0.11653116531165311 0.04065040650406505 0.05420054200542006
3 0.3871951219512196 0.6978319783197832 0.034552845528455285 0.056910569105691054
3 0.42276422764227645 0.7533875338753387 0.03658536585365854 0.04878048780487805
3 0.4623983739837399 0.7886178861788617 0.034552845528455285 0.04336043360433604
3 0.5284552845528456 0.8157181571815718 0.03658536585365854 0.05420054200542006
3 0.5853658536585367 0.8306233062330624 0.03658536585365854 0.018970189701897018