1 0.3108108108108108 0.4224683544303797 0.09582309582309582 0.0981012658227848
1 0.37837837837837834 0.34335443037974683 0.07862407862407862 0.07911392405063292
1 0.4754299754299754 0.3876582278481013 0.09582309582309582 0.11075949367088607
1 0.5651105651105651 0.42563291139240506 0.09336609336609336 0.11075949367088607
1 0.5405405405405406 0.3037974683544304 0.07371007371007371 0.08227848101265822
3 0.44471744471744473 0.060126582278481014 0.014742014742014743 0.0189873417721519
3 0.44103194103194104 0.08386075949367089 0.0171990171990172 0.022151898734177215
3 0.8882063882063882 0.32436708860759494 0.05651105651105651 0.022151898734177215
3 0.5638820638820639 0.5158227848101266 0.022113022113022112 0.0189873417721519
3 0.5995085995085995 0.6582278481012658 0.07371007371007371 0.0379746835443038
3 0.6167076167076166 0.6867088607594937 0.02457002457002457 0.0379746835443038
3 0.3918918918918919 0.7025316455696202 0.03194103194103194 0.0189873417721519
3 0.4582309582309582 0.7294303797468354 0.0171990171990172 0.022151898734177215
3 0.5073710073710074 0.7515822784810127 0.027027027027027025 0.04746835443037974
3 0.5331695331695332 0.7658227848101266 0.019656019656019656 0.04430379746835443
3 0.6695331695331695 0.9335443037974683 0.03194103194103194 0.04430379746835443
3 0.8157248157248157 0.875 0.10319410319410319 0.11708860759493671
1 0.5417690417690417 0.49683544303797467 0.06633906633906633 0.0759493670886076
3 0.9017199017199017 0.2389240506329114 0.014742014742014743 0.022151898734177215