3 0.07338308457711443 0.027156549520766772 0.03731343283582089 0.04153354632587859
3 0.5522388059701493 0.17252396166134185 0.01990049751243781 0.019169329073482427
3 0.9079601990049752 0.21884984025559104 0.03482587064676617 0.02875399361022364
3 0.9017412935323383 0.10063897763578275 0.017412935323383085 0.022364217252396165
3 0.5584577114427861 0.5335463258785942 0.017412935323383085 0.025559105431309903
3 0.4116915422885572 0.6693290734824281 0.03731343283582089 0.054313099041533544
3 0.4564676616915423 0.731629392971246 0.05223880597014925 0.08306709265175719
3 0.458955223880597 0.7859424920127795 0.022388059701492536 0.019169329073482427
3 0.3980099502487562 0.8690095846645367 0.01990049751243781 0.038338658146964855
3 0.4664179104477612 0.9329073482428114 0.017412935323383085 0.025559105431309903
3 0.6517412935323383 0.9616613418530351 0.02487562189054726 0.025559105431309903
3 0.2064676616915423 0.7939297124600638 0.02487562189054726 0.022364217252396165
3 0.2126865671641791 0.9313099041533546 0.02736318407960199 0.022364217252396165
3 0.12437810945273632 0.8546325878594249 0.014925373134328358 0.022364217252396165
1 0.7238805970149254 0.43130990415335463 0.15422885572139303 0.14696485623003194