1 0.7256097560975611 0.6070460704607046 0.0975609756097561 0.10298102981029811
1 0.6504065040650407 0.6856368563685636 0.0813008130081301 0.08130081300813008
1 0.551829268292683 0.6300813008130082 0.09959349593495936 0.11653116531165311
1 0.459349593495935 0.5813008130081301 0.0934959349593496 0.11653116531165311
1 0.4786585365853659 0.7154471544715447 0.07520325203252033 0.08672086720867209
3 0.5670731707317074 0.986449864498645 0.012195121951219513 0.016260162601626015
3 0.5721544715447155 0.9607046070460704 0.014227642276422765 0.018970189701897018
3 0.11788617886178863 0.6626016260162602 0.05691056910569106 0.018970189701897018
3 0.4654471544715448 0.4823848238482385 0.020325203252032523 0.016260162601626015
3 0.43495934959349597 0.3265582655826558 0.07317073170731708 0.03523035230352303
3 0.41869918699187 0.2926829268292683 0.024390243902439025 0.037940379403794036
3 0.6544715447154472 0.2967479674796748 0.032520325203252036 0.018970189701897018
3 0.58739837398374 0.26151761517615174 0.016260162601626018 0.018970189701897018
3 0.535569105691057 0.23306233062330622 0.026422764227642278 0.04878048780487805
3 0.5111788617886179 0.21544715447154472 0.01829268292682927 0.04607046070460705
3 0.37601626016260165 0.02168021680216802 0.032520325203252036 0.04336043360433604
3 0.22154471544715448 0.07317073170731707 0.10569105691056911 0.12466124661246612
1 0.48780487804878053 0.505420054200542 0.06504065040650407 0.07859078590785908
3 0.09959349593495936 0.7533875338753387 0.012195121951219513 0.02168021680216802