3 0.9041450777202072 0.019867549668874173 0.036269430051813475 0.039735099337748346
3 0.4313471502590674 0.16887417218543047 0.018134715025906738 0.019867549668874173
3 0.07642487046632125 0.22019867549668873 0.03367875647668394 0.029801324503311258
3 0.08160621761658031 0.10596026490066225 0.018134715025906738 0.019867549668874173
3 0.4261658031088083 0.5298013245033113 0.018134715025906738 0.026490066225165563
3 0.5751295336787565 0.6589403973509934 0.036269430051813475 0.052980132450331126
3 0.5310880829015544 0.7201986754966887 0.05181347150259068 0.08278145695364239
3 0.5272020725388601 0.7748344370860927 0.023316062176165803 0.019867549668874173
3 0.5893782383419689 0.8576158940397351 0.018134715025906738 0.039735099337748346
3 0.522020725388601 0.9205298013245033 0.018134715025906738 0.026490066225165563
3 0.33937823834196895 0.9519867549668874 0.02590673575129534 0.023178807947019868
3 0.7797927461139896 0.7798013245033113 0.02590673575129534 0.023178807947019868
3 0.7746113989637305 0.9155629139072847 0.02590673575129534 0.023178807947019868
3 0.8601036269430052 0.8394039735099338 0.015544041450777202 0.023178807947019868
1 0.2616580310880829 0.4288079470198676 0.15025906735751296 0.1423841059602649