3 0.9439775910364145 0.9724264705882353 0.0392156862745098 0.04044117647058824
3 0.4481792717086835 0.8455882352941176 0.022408963585434174 0.022058823529411763
3 0.07983193277310924 0.8198529411764706 0.036414565826330535 0.029411764705882353
3 0.0896358543417367 0.9411764705882353 0.01680672268907563 0.022058823529411763
3 0.4271708683473389 0.46691176470588236 0.0196078431372549 0.029411764705882353
3 0.5756302521008403 0.3180147058823529 0.036414565826330535 0.05514705882352941
3 0.5266106442577031 0.2555147058823529 0.056022408963585436 0.08455882352941177
3 0.5210084033613446 0.1948529411764706 0.022408963585434174 0.022058823529411763
3 0.5826330532212886 0.10661764705882353 0.022408963585434174 0.044117647058823525
3 0.511204481792717 0.044117647058823525 0.0196078431372549 0.029411764705882353
3 0.31932773109243695 0.02389705882352941 0.028011204481792718 0.025735294117647058
3 0.7815126050420168 0.17463235294117646 0.028011204481792718 0.025735294117647058
3 0.7703081232492998 0.029411764705882353 0.028011204481792718 0.022058823529411763
3 0.865546218487395 0.10661764705882353 0.01680672268907563 0.022058823529411763
1 0.2619047619047619 0.5845588235294118 0.15966386554621848 0.15441176470588236