3 0.019308943089430895 0.9214092140921409 0.03861788617886179 0.14634146341463414
1 0.5376016260162603 0.04336043360433604 0.10772357723577237 0.0921409214092141
3 0.04065040650406505 0.14634146341463414 0.04471544715447155 0.0975609756097561
3 0.0975609756097561 0.22764227642276422 0.04065040650406505 0.08672086720867209
3 0.13414634146341464 0.26422764227642276 0.02845528455284553 0.024390243902439025
3 0.22154471544715448 0.3143631436314363 0.032520325203252036 0.04336043360433604
3 0.27439024390243905 0.3794037940379404 0.04065040650406505 0.037940379403794036
3 0.3638211382113822 0.556910569105691 0.020325203252032523 0.024390243902439025
3 0.6656504065040652 0.494579945799458 0.042682926829268296 0.02981029810298103
3 0.8170731707317074 0.6490514905149052 0.020325203252032523 0.04607046070460705
3 0.5934959349593496 0.505420054200542 0.04065040650406505 0.04607046070460705
3 0.7164634146341464 0.028455284552845527 0.022357723577235776 0.02981029810298103
3 0.4857723577235773 0.12872628726287264 0.02845528455284553 0.024390243902439025
3 0.5101626016260163 0.14905149051490515 0.024390243902439025 0.02168021680216802
3 0.5304878048780488 0.13956639566395665 0.012195121951219513 0.024390243902439025
3 0.5426829268292683 0.10840108401084012 0.012195121951219513 0.02710027100271003