3 0.019308943089430895 0.07317073170731707 0.03861788617886179 0.14634146341463414
1 0.5376016260162603 0.9512195121951219 0.10772357723577237 0.0921409214092141
3 0.04065040650406505 0.8482384823848238 0.04471544715447155 0.0975609756097561
3 0.0975609756097561 0.7669376693766937 0.04065040650406505 0.08672086720867209
3 0.13414634146341464 0.7303523035230353 0.02845528455284553 0.024390243902439025
3 0.22154471544715448 0.6802168021680217 0.032520325203252036 0.04336043360433604
3 0.27439024390243905 0.6151761517615176 0.04065040650406505 0.037940379403794036
3 0.3638211382113822 0.43766937669376693 0.020325203252032523 0.024390243902439025
3 0.6656504065040652 0.5 0.042682926829268296 0.02981029810298103
3 0.8170731707317074 0.34552845528455284 0.020325203252032523 0.04607046070460705
3 0.5934959349593496 0.489159891598916 0.04065040650406505 0.04607046070460705
3 0.7164634146341464 0.9661246612466124 0.022357723577235776 0.02981029810298103
3 0.4857723577235773 0.8658536585365854 0.02845528455284553 0.024390243902439025
3 0.5101626016260163 0.8455284552845529 0.024390243902439025 0.02168021680216802
3 0.5304878048780488 0.8550135501355014 0.012195121951219513 0.024390243902439025
3 0.5426829268292683 0.8861788617886179 0.012195121951219513 0.02710027100271003