3 0.5904471544715448 0.7940379403794038 0.05894308943089432 0.07588075880758807
3 0.2134146341463415 0.8062330623306233 0.05691056910569106 0.03523035230352303
3 0.23069105691056913 0.9498644986449865 0.022357723577235776 0.04607046070460705
1 0.777439024390244 0.9688346883468835 0.16463414634146342 0.051490514905149054
1 0.946138211382114 0.8577235772357723 0.09959349593495936 0.13821138211382114
1 0.8760162601626017 0.6097560975609756 0.23983739837398377 0.2926829268292683
1 0.8760162601626017 0.22764227642276422 0.23983739837398377 0.46070460704607047
3 0.7428861788617886 0.2682926829268293 0.022357723577235776 0.037940379403794036
3 0.7256097560975611 0.8753387533875339 0.04065040650406505 0.05420054200542006
3 0.649390243902439 0.2940379403794038 0.034552845528455285 0.056910569105691054
3 0.6138211382113822 0.23848238482384823 0.03658536585365854 0.04878048780487805
3 0.5741869918699187 0.2032520325203252 0.034552845528455285 0.04336043360433604
3 0.508130081300813 0.17615176151761516 0.03658536585365854 0.05420054200542006
3 0.451219512195122 0.16124661246612465 0.03658536585365854 0.018970189701897018