1 0.9319105691056911 0.11653116531165311 0.11178861788617887 0.14092140921409213
1 0.8993902439024392 0.31842818428184283 0.17682926829268295 0.27371273712737126
1 0.6168699186991871 0.3170731707317073 0.3841463414634147 0.5853658536585366
1 0.809959349593496 0.6490514905149052 0.05081300813008131 0.04065040650406504
3 0.71239837398374 0.6409214092140921 0.07520325203252033 0.04607046070460705
3 0.5853658536585367 0.6775067750677507 0.07317073170731708 0.05420054200542006
3 0.5467479674796748 0.6070460704607046 0.07723577235772358 0.037940379403794036
3 0.5254065040650407 0.5392953929539296 0.01829268292682927 0.06504065040650406
3 0.4156504065040651 0.45663956639566394 0.034552845528455285 0.03523035230352303
3 0.3536585365853659 0.4878048780487805 0.0813008130081301 0.0975609756097561
3 0.0741869918699187 0.6341463414634146 0.034552845528455285 0.037940379403794036
3 0.04573170731707318 0.8211382113821138 0.022357723577235776 0.037940379403794036
3 0.14227642276422767 0.22628726287262874 0.016260162601626018 0.024390243902439025