1 0.7296747967479675 0.6070460704607046 0.0975609756097561 0.10298102981029811
1 0.6544715447154472 0.6856368563685636 0.0813008130081301 0.08130081300813008
1 0.5558943089430894 0.6300813008130082 0.09959349593495936 0.11653116531165311
1 0.4634146341463415 0.5813008130081301 0.0934959349593496 0.11653116531165311
1 0.4827235772357724 0.7154471544715447 0.07520325203252033 0.08672086720867209
3 0.5711382113821138 0.986449864498645 0.012195121951219513 0.016260162601626015
3 0.576219512195122 0.9607046070460704 0.014227642276422765 0.018970189701897018
3 0.12195121951219513 0.6626016260162602 0.05691056910569106 0.018970189701897018
3 0.46951219512195125 0.4823848238482385 0.020325203252032523 0.016260162601626015
3 0.4390243902439025 0.3265582655826558 0.07317073170731708 0.03523035230352303
3 0.42276422764227645 0.2926829268292683 0.024390243902439025 0.037940379403794036
3 0.6585365853658537 0.2967479674796748 0.032520325203252036 0.018970189701897018
3 0.5914634146341464 0.26151761517615174 0.016260162601626018 0.018970189701897018
3 0.5396341463414634 0.23306233062330622 0.026422764227642278 0.04878048780487805
3 0.5152439024390244 0.21544715447154472 0.01829268292682927 0.04607046070460705
3 0.38008130081300817 0.02168021680216802 0.032520325203252036 0.04336043360433604
3 0.225609756097561 0.07317073170731707 0.10569105691056911 0.12466124661246612
1 0.49186991869918706 0.505420054200542 0.06504065040650407 0.07859078590785908
3 0.10365853658536586 0.7533875338753387 0.012195121951219513 0.02168021680216802