3 0.034210526315789476 0.0684931506849315 0.03684210526315789 0.0410958904109589
3 0.5289473684210526 0.1506849315068493 0.021052631578947368 0.02054794520547945
3 0.8934210526315789 0.14726027397260272 0.034210526315789476 0.0273972602739726
3 0.8776315789473684 0.0273972602739726 0.018421052631578946 0.02054794520547945
3 0.5671052631578948 0.5205479452054794 0.018421052631578946 0.0273972602739726
3 0.42894736842105263 0.6780821917808219 0.03684210526315789 0.0547945205479452
3 0.48026315789473684 0.7345890410958904 0.05526315789473684 0.08561643835616438
3 0.4868421052631579 0.7910958904109588 0.021052631578947368 0.02054794520547945
3 0.43157894736842106 0.8835616438356164 0.021052631578947368 0.0410958904109589
3 0.506578947368421 0.9383561643835616 0.018421052631578946 0.0273972602739726
3 0.6947368421052631 0.9434931506849314 0.02631578947368421 0.023972602739726026
3 0.23157894736842105 0.833904109589041 0.02631578947368421 0.023972602739726026
3 0.25 0.9726027397260273 0.02631578947368421 0.02054794520547945
3 0.15526315789473683 0.9092465753424657 0.015789473684210527 0.023972602739726026
1 0.725 0.3904109589041096 0.15526315789473683 0.1506849315068493