3 0.39315068493150684 0.7996515679442509 0.12328767123287672 0.06620209059233449
3 0.07534246575342465 0.7038327526132404 0.030136986301369864 0.027874564459930314
3 0.26164383561643834 0.681184668989547 0.03561643835616438 0.04529616724738676
3 0.33013698630136984 0.5679442508710801 0.07397260273972603 0.05574912891986063
3 0.9452054794520548 0.47038327526132406 0.06027397260273973 0.03484320557491289
3 0.763013698630137 0.3710801393728223 0.030136986301369864 0.0313588850174216
3 0.7520547945205479 0.39547038327526135 0.07397260273972603 0.04529616724738676
3 0.2410958904109589 0.38153310104529614 0.038356164383561646 0.0313588850174216
3 0.028767123287671233 0.15331010452961671 0.0410958904109589 0.027874564459930314
3 0.12054794520547946 0.6916376306620209 0.038356164383561646 0.0313588850174216
3 0.5164383561643836 0.19686411149825783 0.030136986301369864 0.0313588850174216