3 0.358739837398374 0.0989159891598916 0.12804878048780488 0.06775067750677506
3 0.03150406504065041 0.24254742547425473 0.030487804878048783 0.02981029810298103
3 0.2286585365853659 0.24525745257452575 0.034552845528455285 0.04607046070460705
3 0.3089430894308943 0.36314363143631434 0.07723577235772358 0.05962059620596206
3 0.9644308943089432 0.3997289972899729 0.06300813008130082 0.03523035230352303
3 0.7804878048780488 0.5298102981029811 0.02845528455284553 0.02981029810298103
3 0.7662601626016261 0.502710027100271 0.07317073170731708 0.04607046070460705
3 0.22764227642276424 0.5799457994579946 0.03658536585365854 0.03252032520325203
3 0.01829268292682927 0.8563685636856369 0.04065040650406505 0.02710027100271003
3 0.07926829268292684 0.2506775067750677 0.03658536585365854 0.02981029810298103
3 0.5304878048780488 0.7520325203252033 0.02845528455284553 0.02981029810298103