3 0.644110275689223 0.15798045602605865 0.12531328320802004 0.06840390879478828
3 0.9548872180451127 0.3127035830618893 0.03007518796992481 0.03257328990228013
3 0.7644110275689222 0.30293159609120524 0.03508771929824561 0.04560260586319218
3 0.6829573934837092 0.41042345276872966 0.07769423558897243 0.05863192182410424
3 0.05012531328320802 0.40553745928338764 0.06516290726817042 0.035830618892508145
3 0.22305764411027568 0.5390879478827362 0.03007518796992481 0.02931596091205212
3 0.23684210526315788 0.5146579804560261 0.07268170426065163 0.04560260586319218
3 0.7531328320802004 0.6188925081433225 0.03759398496240601 0.03257328990228013
3 0.9461152882205514 0.8908794788273616 0.042606516290726815 0.02931596091205212
3 0.9085213032581453 0.3175895765472313 0.03759398496240601 0.02931596091205212
3 0.45614035087719296 0.762214983713355 0.03007518796992481 0.03257328990228013