3 0.3565989847715736 0.8969594594594595 0.12944162436548223 0.07094594594594594
3 0.029187817258883246 0.7550675675675677 0.032994923857868015 0.030405405405405407
3 0.22715736040609136 0.7516891891891893 0.03807106598984771 0.05067567567567568
3 0.30710659898477155 0.6351351351351352 0.08121827411167512 0.060810810810810814
3 0.9619289340101522 0.5996621621621622 0.06598984771573603 0.037162162162162164
3 0.7779187817258882 0.4695945945945946 0.032994923857868015 0.033783783783783786
3 0.7639593908629441 0.49662162162162166 0.07614213197969542 0.0472972972972973
3 0.22588832487309643 0.41891891891891897 0.04060913705583756 0.033783783783783786
3 0.017766497461928932 0.14358108108108109 0.04060913705583756 0.030405405405405407
3 0.07741116751269035 0.7466216216216217 0.03807106598984771 0.033783783783783786
3 0.5279187817258882 0.24662162162162163 0.03045685279187817 0.033783783783783786