3 0.6351626016260163 0.8550135501355014 0.12804878048780488 0.06775067750677506
3 0.96239837398374 0.7113821138211383 0.030487804878048783 0.02981029810298103
3 0.7652439024390245 0.7086720867208672 0.034552845528455285 0.04607046070460705
3 0.684959349593496 0.5907859078590786 0.07723577235772358 0.05962059620596206
3 0.02947154471544716 0.55420054200542 0.06300813008130082 0.03523035230352303
3 0.2134146341463415 0.4241192411924119 0.02845528455284553 0.02981029810298103
3 0.22764227642276424 0.45121951219512196 0.07317073170731708 0.04607046070460705
3 0.7662601626016261 0.37398373983739835 0.03658536585365854 0.03252032520325203
3 0.9756097560975611 0.0975609756097561 0.04065040650406505 0.02710027100271003
3 0.9146341463414636 0.7032520325203252 0.03658536585365854 0.02981029810298103
3 0.4634146341463415 0.2018970189701897 0.02845528455284553 0.02981029810298103