3 0.6371951219512196 0.8956639566395664 0.12804878048780488 0.06775067750677506
3 0.9644308943089432 0.7520325203252033 0.030487804878048783 0.02981029810298103
3 0.7672764227642277 0.7493224932249323 0.034552845528455285 0.04607046070460705
3 0.6869918699186992 0.6314363143631436 0.07723577235772358 0.05962059620596206
3 0.03150406504065041 0.5948509485094851 0.06300813008130082 0.03523035230352303
3 0.21544715447154475 0.46476964769647694 0.02845528455284553 0.02981029810298103
3 0.2296747967479675 0.491869918699187 0.07317073170731708 0.04607046070460705
3 0.7682926829268294 0.4146341463414634 0.03658536585365854 0.03252032520325203
3 0.9776422764227644 0.13821138211382114 0.04065040650406505 0.02710027100271003
3 0.9166666666666667 0.7439024390243902 0.03658536585365854 0.02981029810298103
3 0.4654471544715448 0.24254742547425473 0.02845528455284553 0.02981029810298103