3 0.6097883597883598 0.12074829931972789 0.12433862433862433 0.06462585034013606
3 0.9285714285714285 0.2227891156462585 0.031746031746031744 0.030612244897959183
3 0.7407407407407407 0.24319727891156462 0.037037037037037035 0.04421768707482993
3 0.6706349206349206 0.358843537414966 0.07671957671957672 0.057823129251700675
3 0.04894179894179894 0.445578231292517 0.06084656084656084 0.03401360544217687
3 0.22883597883597884 0.5493197278911565 0.0291005291005291 0.030612244897959183
3 0.24206349206349204 0.5238095238095238 0.07142857142857142 0.047619047619047616
3 0.7566137566137565 0.5493197278911565 0.037037037037037035 0.030612244897959183
3 0.9695767195767195 0.7857142857142857 0.03968253968253968 0.027210884353741496
3 0.8822751322751322 0.23639455782312924 0.03968253968253968 0.030612244897959183
3 0.4775132275132275 0.7329931972789115 0.0291005291005291 0.030612244897959183