3 0.6347222222222223 0.09814814814814815 0.13055555555555556 0.07037037037037037
3 0.9611111111111111 0.2425925925925926 0.03333333333333333 0.03333333333333333
3 0.7652777777777778 0.24444444444444446 0.036111111111111115 0.05185185185185186
3 0.6847222222222222 0.3611111111111111 0.08055555555555556 0.06296296296296297
3 0.030555555555555558 0.39814814814814814 0.06666666666666667 0.040740740740740744
3 0.2152777777777778 0.5277777777777778 0.030555555555555558 0.03333333333333333
3 0.22916666666666669 0.5018518518518519 0.075 0.04814814814814815
3 0.7666666666666667 0.5777777777777778 0.03888888888888889 0.037037037037037035
3 0.9750000000000001 0.8555555555555556 0.044444444444444446 0.02962962962962963
3 0.913888888888889 0.25 0.03888888888888889 0.03333333333333333
3 0.4638888888888889 0.75 0.03333333333333333 0.03333333333333333