3 0.0741687979539642 0.5666666666666667 0.04603580562659847 0.060000000000000005
3 0.3120204603580563 0.49000000000000005 0.025575447570332484 0.03333333333333333
3 0.27877237851662406 0.52 0.025575447570332484 0.02
3 0.2531969309462916 0.26833333333333337 0.04092071611253197 0.08333333333333334
3 0.22122762148337596 0.19666666666666668 0.10997442455242967 0.08
3 0.3056265984654732 0.29500000000000004 0.03324808184143223 0.023333333333333334
3 0.5345268542199489 0.26666666666666666 0.020460358056265986 0.02666666666666667
3 0.2877237851662404 0.065 0.023017902813299233 0.030000000000000002
3 0.29923273657289007 0.10333333333333335 0.025575447570332484 0.02666666666666667
3 0.3452685421994885 0.11666666666666667 0.015345268542199489 0.02
3 0.4066496163682865 0.05166666666666667 0.015345268542199489 0.016666666666666666
3 0.26086956521739135 0.14666666666666667 0.015345268542199489 0.02