3 0.31605691056910573 0.8644986449864499 0.030487804878048783 0.03252032520325203
3 0.592479674796748 0.6246612466124661 0.01829268292682927 0.024390243902439025
1 0.24695121951219515 0.4715447154471545 0.022357723577235776 0.02168021680216802
1 0.1869918699186992 0.8157181571815718 0.03658536585365854 0.04336043360433604
1 0.6310975609756099 0.8468834688346883 0.03861788617886179 0.02981029810298103
1 0.7845528455284554 0.8333333333333334 0.04471544715447155 0.03523035230352303
1 0.8455284552845529 0.8075880758807588 0.020325203252032523 0.02168021680216802
1 0.9583333333333335 0.8658536585365854 0.030487804878048783 0.02981029810298103
1 0.9441056910569107 0.9376693766937669 0.026422764227642278 0.03252032520325203
1 0.49491869918699194 0.7642276422764228 0.026422764227642278 0.03252032520325203
1 0.42479674796747974 0.9227642276422764 0.024390243902439025 0.03523035230352303
1 0.44512195121951226 0.5284552845528455 0.020325203252032523 0.02168021680216802
1 0.31808943089430897 0.508130081300813 0.01829268292682927 0.018970189701897018
1 0.2489837398373984 0.6775067750677507 0.030487804878048783 0.04336043360433604