3 0.9137931034482758 0.49831081081081086 0.04509283819628647 0.057432432432432436
3 0.6750663129973474 0.5320945945945946 0.023872679045092837 0.030405405405405407
3 0.7108753315649867 0.5101351351351352 0.02652519893899204 0.02027027027027027
3 0.7108753315649867 0.75 0.042440318302387266 0.08108108108108109
3 0.73342175066313 0.8260135135135136 0.10875331564986737 0.07770270270270271
3 0.6631299734748011 0.7179054054054055 0.03183023872679045 0.02364864864864865
3 0.43899204244031825 0.7077702702702703 0.01856763925729443 0.02364864864864865
3 0.6578249336870026 0.9358108108108109 0.021220159151193633 0.02702702702702703
3 0.6511936339522546 0.8986486486486487 0.023872679045092837 0.02702702702702703
3 0.6074270557029178 0.8783783783783784 0.015915119363395226 0.02027027027027027
3 0.5411140583554377 0.9307432432432433 0.015915119363395226 0.016891891891891893
3 0.6923076923076923 0.8648648648648649 0.015915119363395226 0.02027027027027027