3 0.6857541899441341 0.8297101449275363 0.030726256983240226 0.036231884057971016
3 0.41061452513966484 0.6213768115942029 0.0223463687150838 0.025362318840579712
1 0.7388268156424581 0.4565217391304348 0.025139664804469275 0.021739130434782608
1 0.808659217877095 0.7753623188405797 0.036312849162011177 0.043478260869565216
1 0.3812849162011173 0.8315217391304348 0.04189944134078213 0.03260869565217391
1 0.23184357541899442 0.8278985507246377 0.0446927374301676 0.03985507246376812
1 0.17318435754189945 0.8079710144927537 0.0223463687150838 0.021739130434782608
1 0.06564245810055866 0.8677536231884058 0.030726256983240226 0.03260869565217391
1 0.08100558659217877 0.9347826086956522 0.02793296089385475 0.036231884057971016
1 0.5083798882681564 0.7463768115942029 0.02793296089385475 0.036231884057971016
1 0.5824022346368716 0.8913043478260869 0.025139664804469275 0.036231884057971016
1 0.5502793296089385 0.5217391304347826 0.0223463687150838 0.021739130434782608
1 0.6717877094972067 0.4963768115942029 0.019553072625698324 0.021739130434782608
1 0.7444134078212291 0.6503623188405797 0.030726256983240226 0.04710144927536232