3 0.31605691056910573 0.13008130081300812 0.030487804878048783 0.03252032520325203
3 0.592479674796748 0.3699186991869919 0.01829268292682927 0.024390243902439025
1 0.24695121951219515 0.5230352303523035 0.022357723577235776 0.02168021680216802
1 0.1869918699186992 0.17886178861788618 0.03658536585365854 0.04336043360433604
1 0.6310975609756099 0.14769647696476965 0.03861788617886179 0.02981029810298103
1 0.7845528455284554 0.16124661246612465 0.04471544715447155 0.03523035230352303
1 0.8455284552845529 0.18699186991869918 0.020325203252032523 0.02168021680216802
1 0.9583333333333335 0.12872628726287264 0.030487804878048783 0.02981029810298103
1 0.9441056910569107 0.056910569105691054 0.026422764227642278 0.03252032520325203
1 0.49491869918699194 0.23035230352303523 0.026422764227642278 0.03252032520325203
1 0.42479674796747974 0.07181571815718157 0.024390243902439025 0.03523035230352303
1 0.44512195121951226 0.46612466124661245 0.020325203252032523 0.02168021680216802
1 0.31808943089430897 0.48644986449864497 0.01829268292682927 0.018970189701897018
1 0.2489837398373984 0.3170731707317073 0.030487804878048783 0.04336043360433604