2 0.8445121951219513 0.8943089430894309 0.3069105691056911 0.20596205962059622
2 0.0813008130081301 0.2005420054200542 0.1626016260162602 0.17886178861788618
2 0.2967479674796748 0.3333333333333333 0.1869918699186992 0.2764227642276423
2 0.5264227642276423 0.4634146341463415 0.2682926829268293 0.2981029810298103
4 0.7103658536585367 0.9349593495934959 0.03861788617886179 0.06504065040650406
4 0.592479674796748 0.559620596205962 0.01829268292682927 0.04065040650406504
4 0.5945121951219513 0.510840108401084 0.01829268292682927 0.02981029810298103
4 0.5477642276422765 0.44308943089430897 0.022357723577235776 0.02981029810298103
4 0.47662601626016265 0.5311653116531165 0.01829268292682927 0.03252032520325203
4 0.334349593495935 0.22086720867208673 0.042682926829268296 0.024390243902439025
4 0.21747967479674798 0.34688346883468835 0.020325203252032523 0.04336043360433604
3 0.009146341463414635 0.012195121951219513 0.01829268292682927 0.024390243902439025
3 0.7886178861788619 0.23848238482384823 0.03658536585365854 0.04878048780487805
3 0.9359756097560976 0.6815718157181572 0.022357723577235776 0.03523035230352303
3 0.9247967479674798 0.6341463414634146 0.02845528455284553 0.02710027100271003