3 0.08264462809917356 0.5777385159010601 0.0440771349862259 0.06007067137809187
3 0.3154269972451791 0.49469964664310956 0.024793388429752067 0.0353356890459364
3 0.28236914600550966 0.5229681978798586 0.024793388429752067 0.021201413427561835
3 0.25206611570247933 0.284452296819788 0.04132231404958678 0.0812720848056537
3 0.22038567493112948 0.21201413427561838 0.11019283746556474 0.07773851590106007
3 0.3044077134986226 0.30742049469964666 0.030303030303030304 0.021201413427561835
3 0.5289256198347108 0.2703180212014134 0.01652892561983471 0.024734982332155476
3 0.2809917355371901 0.08480565371024734 0.02203856749311295 0.028268551236749116
3 0.29338842975206614 0.12190812720848056 0.024793388429752067 0.024734982332155476
3 0.3402203856749311 0.13427561837455831 0.013774104683195593 0.021201413427561835
3 0.3994490358126722 0.06890459363957598 0.01652892561983471 0.0176678445229682
3 0.25895316804407714 0.16431095406360424 0.01652892561983471 0.0176678445229682