3 0.2774390243902439 0.7154471544715447 0.030487804878048783 0.03252032520325203
3 0.5538617886178863 0.47560975609756095 0.01829268292682927 0.024390243902439025
1 0.20833333333333334 0.3224932249322493 0.022357723577235776 0.02168021680216802
1 0.1483739837398374 0.6666666666666666 0.03658536585365854 0.04336043360433604
1 0.592479674796748 0.6978319783197832 0.03861788617886179 0.02981029810298103
1 0.7459349593495935 0.6842818428184282 0.04471544715447155 0.03523035230352303
1 0.8069105691056911 0.6585365853658537 0.020325203252032523 0.02168021680216802
1 0.9197154471544716 0.7168021680216802 0.030487804878048783 0.02981029810298103
1 0.9054878048780489 0.7886178861788617 0.026422764227642278 0.03252032520325203
1 0.45630081300813014 0.6151761517615176 0.026422764227642278 0.03252032520325203
1 0.38617886178861793 0.7737127371273713 0.024390243902439025 0.03523035230352303
1 0.40650406504065045 0.3794037940379404 0.020325203252032523 0.02168021680216802
1 0.27947154471544716 0.35907859078590787 0.01829268292682927 0.018970189701897018
1 0.2103658536585366 0.5284552845528455 0.030487804878048783 0.04336043360433604