3 0.07179487179487179 0.5166666666666667 0.046153846153846156 0.060000000000000005
3 0.3141025641025641 0.4666666666666667 0.023076923076923078 0.03333333333333333
3 0.2782051282051282 0.49333333333333335 0.028205128205128206 0.02
3 0.2692307692307692 0.24166666666666667 0.041025641025641026 0.08333333333333334
3 0.2423076923076923 0.165 0.11025641025641025 0.07666666666666667
3 0.32051282051282054 0.275 0.03076923076923077 0.023333333333333334
3 0.55 0.27 0.017948717948717947 0.02666666666666667
3 0.31666666666666665 0.045000000000000005 0.023076923076923078 0.030000000000000002
3 0.32564102564102565 0.08333333333333334 0.02564102564102564 0.02666666666666667
3 0.3717948717948718 0.10166666666666667 0.015384615384615385 0.023333333333333334
3 0.4371794871794872 0.043333333333333335 0.01282051282051282 0.02
3 0.2858974358974359 0.12166666666666667 0.017948717948717947 0.016666666666666666