3 0.3068181818181818 0.7096774193548387 0.03282828282828283 0.03225806451612903
3 0.5555555555555556 0.46774193548387094 0.020202020202020204 0.025806451612903226
1 0.22095959595959597 0.3596774193548387 0.022727272727272728 0.02258064516129032
1 0.18181818181818182 0.6758064516129032 0.03535353535353536 0.041935483870967745
1 0.6035353535353536 0.6645161290322581 0.04040404040404041 0.03225806451612903
1 0.7474747474747475 0.6370967741935484 0.045454545454545456 0.035483870967741936
1 0.8042929292929294 0.6080645161290322 0.022727272727272728 0.02258064516129032
1 0.9141414141414143 0.6516129032258065 0.030303030303030304 0.03225806451612903
1 0.9053030303030304 0.7193548387096774 0.02777777777777778 0.03225806451612903
1 0.470959595959596 0.603225806451613 0.02777777777777778 0.03225806451612903
1 0.4128787878787879 0.7532258064516129 0.02777777777777778 0.035483870967741936
1 0.4103535353535354 0.3919354838709677 0.022727272727272728 0.02258064516129032
1 0.29040404040404044 0.3870967741935484 0.020202020202020204 0.01935483870967742
1 0.23358585858585862 0.5467741935483871 0.03282828282828283 0.041935483870967745