3 0.29679144385026734 0.7052631578947368 0.0320855614973262 0.03508771929824561
3 0.5721925133689839 0.4842105263157895 0.0213903743315508 0.028070175438596492
1 0.23930481283422458 0.32456140350877194 0.02406417112299465 0.02456140350877193
1 0.17245989304812834 0.6543859649122807 0.040106951871657755 0.0456140350877193
1 0.6056149732620321 0.7000000000000001 0.040106951871657755 0.031578947368421054
1 0.7553475935828876 0.6929824561403509 0.04545454545454545 0.03859649122807018
1 0.8155080213903743 0.6719298245614035 0.0213903743315508 0.02456140350877193
1 0.9251336898395721 0.7315789473684211 0.0320855614973262 0.031578947368421054
1 0.9090909090909091 0.8 0.026737967914438502 0.03508771929824561
1 0.4745989304812834 0.6140350877192983 0.029411764705882353 0.03508771929824561
1 0.40240641711229946 0.7649122807017544 0.02406417112299465 0.03508771929824561
1 0.4304812834224599 0.387719298245614 0.0213903743315508 0.02456140350877193
1 0.3074866310160428 0.36140350877192984 0.0213903743315508 0.021052631578947368
1 0.23529411764705882 0.5228070175438596 0.0320855614973262 0.042105263157894736