3 0.05894308943089432 0.5460704607046071 0.04471544715447155 0.06233062330623306
3 0.30792682926829273 0.4796747967479675 0.022357723577235776 0.03252032520325203
3 0.2723577235772358 0.508130081300813 0.024390243902439025 0.018970189701897018
3 0.2540650406504065 0.24254742547425473 0.04065040650406505 0.08401084010840108
3 0.22459349593495936 0.16260162601626016 0.11178861788617887 0.08130081300813008
3 0.30792682926829273 0.27371273712737126 0.030487804878048783 0.02168021680216802
3 0.5447154471544716 0.25609756097560976 0.016260162601626018 0.024390243902439025
3 0.2967479674796748 0.02981029810298103 0.020325203252032523 0.02710027100271003
3 0.3069105691056911 0.07181571815718157 0.024390243902439025 0.024390243902439025
3 0.35467479674796754 0.08807588075880758 0.014227642276422765 0.018970189701897018
3 0.4207317073170732 0.02168021680216802 0.012195121951219513 0.016260162601626015
3 0.2672764227642277 0.11382113821138211 0.014227642276422765 0.016260162601626015