2 0.8131313131313131 0.8876221498371336 0.297979797979798 0.19218241042345277
2 0.10984848484848486 0.19218241042345277 0.15909090909090912 0.1693811074918567
2 0.3106060606060606 0.32899022801302935 0.18181818181818182 0.26058631921824105
2 0.5252525252525253 0.4657980456026059 0.2575757575757576 0.28013029315960913
4 0.6818181818181819 0.9153094462540717 0.04040404040404041 0.06514657980456026
4 0.5858585858585859 0.5586319218241043 0.020202020202020204 0.042345276872964174
4 0.5883838383838385 0.5146579804560261 0.020202020202020204 0.03257328990228013
4 0.5467171717171717 0.4478827361563518 0.022727272727272728 0.02931596091205212
4 0.4747474747474748 0.5244299674267101 0.020202020202020204 0.03257328990228013
4 0.3522727272727273 0.22801302931596093 0.042929292929292935 0.026058631921824105
4 0.23358585858585862 0.3371335504885994 0.022727272727272728 0.042345276872964174
3 0.04797979797979798 0.011400651465798045 0.020202020202020204 0.02280130293159609
3 0.7866161616161617 0.2752442996742671 0.03787878787878788 0.048859934853420196
3 0.9090909090909092 0.6954397394136808 0.025252525252525256 0.035830618892508145
3 0.9002525252525253 0.6514657980456027 0.02777777777777778 0.026058631921824105