3 0.33653846153846156 0.14234875444839856 0.030219780219780223 0.03558718861209964
3 0.592032967032967 0.38434163701067614 0.019230769230769232 0.028469750889679714
1 0.25412087912087916 0.50355871886121 0.024725274725274728 0.02491103202846975
1 0.21153846153846156 0.1797153024911032 0.038461538461538464 0.046263345195729534
1 0.6373626373626374 0.1797153024911032 0.038461538461538464 0.03202846975088968
1 0.7843406593406594 0.20284697508896796 0.046703296703296704 0.03558718861209964
1 0.8406593406593407 0.23309608540925267 0.02197802197802198 0.02491103202846975
1 0.951923076923077 0.1868327402135231 0.030219780219780223 0.03202846975088968
1 0.940934065934066 0.11743772241992882 0.030219780219780223 0.03558718861209964
1 0.5027472527472527 0.24911032028469748 0.027472527472527476 0.03558718861209964
1 0.44230769230769235 0.09608540925266904 0.027472527472527476 0.03558718861209964
1 0.4478021978021978 0.46441281138790036 0.02197802197802198 0.02491103202846975
1 0.3241758241758242 0.47330960854092524 0.02197802197802198 0.021352313167259787
1 0.2651098901098901 0.31316725978647686 0.030219780219780223 0.042704626334519574