2 0.20689655172413793 0.8851351351351352 0.2917771883289125 0.1891891891891892
2 0.8872679045092837 0.1875 0.15649867374005305 0.16554054054054054
2 0.6909814323607427 0.32770270270270274 0.17771883289124668 0.25
2 0.48275862068965514 0.46790540540540543 0.2546419098143236 0.2736486486486487
4 0.3355437665782493 0.910472972972973 0.03978779840848806 0.0641891891891892
4 0.42572944297082227 0.5608108108108109 0.01856763925729443 0.04054054054054054
4 0.4204244031830239 0.5168918918918919 0.01856763925729443 0.02702702702702703
4 0.46021220159151194 0.45101351351351354 0.023872679045092837 0.030405405405405407
4 0.53315649867374 0.5236486486486487 0.021220159151193633 0.033783783783783786
4 0.649867374005305 0.23141891891891894 0.042440318302387266 0.02364864864864865
4 0.76657824933687 0.3327702702702703 0.021220159151193633 0.04391891891891892
3 0.942970822281167 0.011824324324324325 0.01856763925729443 0.02364864864864865
3 0.22281167108753314 0.29054054054054057 0.03713527851458886 0.0472972972972973
3 0.10742705570291777 0.7043918918918919 0.023872679045092837 0.037162162162162164
3 0.11538461538461538 0.660472972972973 0.029177718832891244 0.030405405405405407