3 0.30684596577017115 0.819182389937107 0.03178484107579462 0.03459119496855346
3 0.5819070904645477 0.6226415094339623 0.019559902200488997 0.025157232704402517
1 0.2591687041564792 0.4528301886792453 0.02444987775061125 0.025157232704402517
1 0.18704156479217604 0.7641509433962265 0.03667481662591687 0.04402515723270441
1 0.60880195599022 0.828616352201258 0.039119804400977995 0.02830188679245283
1 0.7542787286063569 0.828616352201258 0.04645476772616137 0.03459119496855346
1 0.8141809290953546 0.8097484276729561 0.019559902200488997 0.022012578616352203
1 0.9180929095354523 0.8726415094339623 0.03178484107579462 0.02830188679245283
1 0.902200488997555 0.9371069182389937 0.029339853300733496 0.031446540880503145
1 0.4828850855745721 0.7421383647798743 0.02689486552567237 0.031446540880503145
1 0.4083129584352078 0.8820754716981133 0.02444987775061125 0.03459119496855346
1 0.44621026894865523 0.5204402515723271 0.022004889975550123 0.022012578616352203
1 0.3251833740831296 0.4921383647798742 0.019559902200488997 0.022012578616352203
1 0.25183374083129584 0.6415094339622642 0.029339853300733496 0.04402515723270441