3 0.2981770833333333 0.13494809688581316 0.033854166666666664 0.03460207612456748
3 0.5755208333333333 0.370242214532872 0.020833333333333332 0.02768166089965398
1 0.23177083333333331 0.5242214532871973 0.026041666666666664 0.02422145328719723
1 0.17057291666666666 0.18339100346020762 0.0390625 0.04844290657439446
1 0.6119791666666666 0.14878892733564014 0.041666666666666664 0.03460207612456748
1 0.765625 0.16089965397923875 0.046875 0.03806228373702422
1 0.8268229166666666 0.18685121107266436 0.0234375 0.02768166089965398
1 0.9388020833333333 0.12802768166089964 0.033854166666666664 0.03460207612456748
1 0.9231770833333333 0.05709342560553633 0.028645833333333332 0.03806228373702422
1 0.4778645833333333 0.23183391003460208 0.028645833333333332 0.03460207612456748
1 0.40625 0.07439446366782007 0.026041666666666664 0.03806228373702422
1 0.42838541666666663 0.46539792387543255 0.0234375 0.02422145328719723
1 0.3020833333333333 0.4878892733564014 0.020833333333333332 0.020761245674740483
1 0.23307291666666666 0.32006920415224915 0.033854166666666664 0.04498269896193772