3 0.8800813008130082 0.556910569105691 0.04471544715447155 0.06233062330623306
3 0.6310975609756099 0.4905149051490515 0.022357723577235776 0.03252032520325203
3 0.6666666666666667 0.518970189701897 0.024390243902439025 0.018970189701897018
3 0.684959349593496 0.25338753387533874 0.04065040650406505 0.08401084010840108
3 0.7144308943089431 0.17344173441734417 0.11178861788617887 0.08130081300813008
3 0.6310975609756099 0.2845528455284553 0.030487804878048783 0.02168021680216802
3 0.39430894308943093 0.2669376693766938 0.016260162601626018 0.024390243902439025
3 0.6422764227642277 0.04065040650406504 0.020325203252032523 0.02710027100271003
3 0.6321138211382115 0.08265582655826559 0.024390243902439025 0.024390243902439025
3 0.5843495934959351 0.0989159891598916 0.014227642276422765 0.018970189701897018
3 0.5182926829268293 0.03252032520325203 0.012195121951219513 0.016260162601626015
3 0.6717479674796749 0.12466124661246612 0.014227642276422765 0.016260162601626015