3 0.06545961002785515 0.46153846153846156 0.04735376044568245 0.06593406593406594
3 0.31058495821727017 0.5201465201465202 0.025069637883008356 0.03663003663003663
3 0.2757660167130919 0.4945054945054945 0.027855153203342618 0.021978021978021976
3 0.2618384401114206 0.7509157509157509 0.04456824512534819 0.0879120879120879
3 0.233983286908078 0.8296703296703297 0.11142061281337047 0.08424908424908426
3 0.3147632311977716 0.7197802197802198 0.033426183844011144 0.02564102564102564
3 0.5473537604456824 0.7289377289377289 0.019498607242339833 0.029304029304029304
3 0.3064066852367688 0.9560439560439561 0.022284122562674095 0.029304029304029304
3 0.3161559888579387 0.9157509157509157 0.025069637883008356 0.029304029304029304
3 0.36211699164345407 0.8974358974358975 0.016713091922005572 0.021978021978021976
3 0.42896935933147634 0.9615384615384616 0.016713091922005572 0.018315018315018316
3 0.2757660167130919 0.8754578754578755 0.016713091922005572 0.021978021978021976