2 0.8287671232876712 0.8916967509025271 0.3041095890410959 0.20216606498194947
2 0.09178082191780822 0.19675090252707583 0.16164383561643836 0.1768953068592058
2 0.3013698630136986 0.33032490974729245 0.1863013698630137 0.27075812274368233
2 0.5246575342465754 0.46389891696750907 0.26575342465753427 0.2924187725631769
4 0.6972602739726027 0.9259927797833936 0.0410958904109589 0.06859205776173286
4 0.5876712328767123 0.5595667870036102 0.019178082191780823 0.043321299638989175
4 0.5904109589041096 0.5108303249097473 0.019178082191780823 0.03249097472924188
4 0.5465753424657535 0.44584837545126355 0.024657534246575342 0.03249097472924188
4 0.473972602739726 0.5270758122743683 0.021917808219178082 0.036101083032490974
4 0.33972602739726027 0.22382671480144406 0.043835616438356165 0.02888086642599278
4 0.2232876712328767 0.34115523465703973 0.024657534246575342 0.04693140794223827
3 0.024657534246575342 0.010830324909747294 0.021917808219178082 0.02888086642599278
3 0.7863013698630137 0.2527075812274368 0.038356164383561646 0.05054151624548737
3 0.9219178082191781 0.6877256317689531 0.024657534246575342 0.039711191335740074
3 0.9123287671232877 0.6425992779783394 0.03287671232876713 0.02888086642599278