3 0.059178743961352656 0.5261538461538462 0.026570048309178744 0.03076923076923077
3 0.059178743961352656 0.6107692307692307 0.026570048309178744 0.033846153846153845
3 0.42632850241545894 0.8938461538461538 0.021739130434782608 0.027692307692307693
1 0.18719806763285024 0.15846153846153846 0.041062801932367145 0.07076923076923076
1 0.021739130434782608 0.7123076923076923 0.01932367149758454 0.046153846153846156
1 0.15217391304347824 0.6046153846153847 0.01932367149758454 0.033846153846153845
1 0.6727053140096618 0.96 0.036231884057971016 0.01846153846153846
1 0.43961352657004826 0.6692307692307692 0.03864734299516908 0.052307692307692305
1 0.2826086956521739 0.24615384615384617 0.01932367149758454 0.043076923076923075
1 0.3188405797101449 0.29384615384615387 0.024154589371980676 0.027692307692307693
1 0.35144927536231885 0.3 0.021739130434782608 0.021538461538461538
1 0.25 0.2969230769230769 0.021739130434782608 0.015384615384615385
1 0.22946859903381642 0.3323076923076923 0.01932367149758454 0.01846153846153846
1 0.1473429951690821 0.39076923076923076 0.033816425120772944 0.043076923076923075
1 0.23429951690821255 0.6107692307692307 0.024154589371980676 0.027692307692307693
1 0.2693236714975845 0.6030769230769231 0.021739130434782608 0.03692307692307692
1 0.24396135265700483 0.5 0.01932367149758454 0.027692307692307693
1 0.33454106280193235 0.7353846153846154 0.016908212560386472 0.024615384615384615
1 0.3321256038647343 0.7907692307692308 0.016908212560386472 0.01846153846153846
1 0.4106280193236715 0.8107692307692308 0.01932367149758454 0.027692307692307693
1 0.4516908212560386 0.8292307692307692 0.024154589371980676 0.021538461538461538
1 0.7560386473429951 0.6615384615384615 0.01932367149758454 0.01846153846153846