2 0.16923076923076924 0.23920265780730898 0.28717948717948716 0.19933554817275748
4 0.047435897435897434 0.19601328903654486 0.038461538461538464 0.03986710963455149
4 0.2512820512820513 0.132890365448505 0.06666666666666667 0.026578073089700997
3 0.04487179487179487 0.08637873754152824 0.023076923076923078 0.03322259136212625
0 0.2692307692307692 0.6993355481727574 0.08717948717948718 0.10963455149501661
1 0.3192307692307692 0.6910299003322259 0.03333333333333333 0.09966777408637874
1 0.3641025641025641 0.6611295681063123 0.041025641025641026 0.03986710963455149
2 0.791025641025641 0.9401993355481728 0.2128205128205128 0.046511627906976744
4 0.7602564102564102 0.946843853820598 0.028205128205128206 0.026578073089700997
4 0.8012820512820513 0.9451827242524917 0.03333333333333333 0.036544850498338874
3 0.9397435897435897 0.770764119601329 0.028205128205128206 0.03986710963455149