2 0.2512315270935961 0.15384615384615385 0.16748768472906403 0.22435897435897434
2 0.43842364532019706 0.5705128205128205 0.3891625615763547 0.3846153846153846
2 0.9519704433497537 0.4647435897435897 0.05665024630541872 0.1282051282051282
2 0.6059113300492611 0.7916666666666666 0.059113300492610835 0.1346153846153846
3 0.43349753694581283 0.08173076923076923 0.019704433497536946 0.028846153846153844
3 0.4729064039408867 0.07852564102564102 0.014778325123152709 0.028846153846153844
4 0.5800492610837439 0.610576923076923 0.022167487684729065 0.041666666666666664
4 0.30295566502463056 0.655448717948718 0.014778325123152709 0.016025641025641024
4 0.3041871921182266 0.6714743589743589 0.012315270935960592 0.016025641025641024
4 0.4827586206896552 0.6506410256410257 0.024630541871921183 0.019230769230769232
4 0.4827586206896552 0.6794871794871795 0.014778325123152709 0.019230769230769232
3 0.9088669950738917 0.7884615384615384 0.07389162561576355 0.08333333333333333
3 0.9507389162561577 0.6939102564102564 0.04926108374384237 0.08012820512820512
3 0.05295566502463054 0.9118589743589743 0.022167487684729065 0.028846153846153844
3 0.08251231527093596 0.907051282051282 0.012315270935960592 0.019230769230769232
3 0.9741379310344828 0.6121794871794871 0.022167487684729065 0.07692307692307693