3 0.9593495934959351 0.5826558265582655 0.024390243902439025 0.03252032520325203
3 0.9522357723577237 0.6761517615176151 0.026422764227642278 0.03523035230352303
3 0.5447154471544716 0.9444444444444444 0.020325203252032523 0.02981029810298103
1 0.8495934959349595 0.15989159891598917 0.04065040650406505 0.07588075880758807
1 0.9847560975609757 0.7913279132791328 0.01829268292682927 0.04878048780487805
1 0.8546747967479675 0.6571815718157181 0.01829268292682927 0.03523035230352303
1 0.2804878048780488 0.989159891598916 0.03658536585365854 0.016260162601626015
1 0.5457317073170732 0.6951219512195121 0.03861788617886179 0.056910569105691054
1 0.7428861788617886 0.24661246612466126 0.01829268292682927 0.04336043360433604
1 0.701219512195122 0.2940379403794038 0.024390243902439025 0.02981029810298103
1 0.6666666666666667 0.2981029810298103 0.020325203252032523 0.02168021680216802
1 0.7743902439024392 0.3062330623306233 0.020325203252032523 0.016260162601626015
1 0.7926829268292683 0.34688346883468835 0.020325203252032523 0.016260162601626015
1 0.8750000000000001 0.42276422764227645 0.034552845528455285 0.04336043360433604
1 0.7672764227642277 0.6558265582655827 0.022357723577235776 0.02710027100271003
1 0.7317073170731708 0.6422764227642277 0.020325203252032523 0.037940379403794036
1 0.7652439024390245 0.5311653116531165 0.01829268292682927 0.02710027100271003
1 0.6534552845528456 0.7804878048780488 0.014227642276422765 0.02168021680216802
1 0.6524390243902439 0.8414634146341463 0.016260162601626018 0.018970189701897018
1 0.568089430894309 0.8550135501355014 0.01829268292682927 0.02981029810298103
1 0.5233739837398375 0.8699186991869918 0.022357723577235776 0.02168021680216802
1 0.2134146341463415 0.6490514905149052 0.016260162601626018 0.018970189701897018