2 0.25101626016260165 0.13956639566395665 0.17276422764227645 0.23577235772357724
2 0.4288617886178862 0.5934959349593496 0.4024390243902439 0.4065040650406504
2 0.9644308943089432 0.513550135501355 0.05487804878048781 0.13279132791327913
2 0.5945121951219513 0.8387533875338753 0.05894308943089432 0.13821138211382114
3 0.4420731707317074 0.07588075880758807 0.01829268292682927 0.02710027100271003
3 0.4827235772357724 0.07317073170731707 0.014227642276422765 0.02710027100271003
4 0.5731707317073171 0.6463414634146342 0.020325203252032523 0.04065040650406504
4 0.2855691056910569 0.6734417344173441 0.014227642276422765 0.013550135501355014
4 0.2855691056910569 0.6924119241192412 0.010162601626016262 0.013550135501355014
4 0.47154471544715454 0.6802168021680217 0.024390243902439025 0.016260162601626015
4 0.47154471544715454 0.7113821138211383 0.012195121951219513 0.018970189701897018
3 0.9085365853658538 0.8550135501355014 0.07317073170731708 0.08401084010840108
3 0.9552845528455286 0.7574525745257452 0.04878048780487805 0.08401084010840108
3 0.016260162601626018 0.9295392953929539 0.020325203252032523 0.02710027100271003
3 0.047764227642276426 0.926829268292683 0.010162601626016262 0.016260162601626015
3 0.9817073170731708 0.6707317073170732 0.020325203252032523 0.07859078590785908