3 0.9581151832460734 0.41666666666666663 0.02617801047120419 0.034722222222222224
3 0.9515706806282723 0.32465277777777773 0.02879581151832461 0.03819444444444444
3 0.5458115183246074 0.05555555555555555 0.02356020942408377 0.034722222222222224
1 0.8468586387434556 0.8350694444444444 0.044502617801047126 0.0798611111111111
1 0.9842931937172775 0.21006944444444442 0.020942408376963352 0.05208333333333333
1 0.8534031413612566 0.3420138888888889 0.020942408376963352 0.03819444444444444
1 0.28141361256544506 0.010416666666666666 0.03926701570680628 0.020833333333333332
1 0.5458115183246074 0.3020833333333333 0.03926701570680628 0.0625
1 0.7408376963350786 0.7482638888888888 0.020942408376963352 0.04513888888888889
1 0.6989528795811518 0.7013888888888888 0.02617801047120419 0.034722222222222224
1 0.6649214659685865 0.6961805555555555 0.020942408376963352 0.024305555555555552
1 0.7722513089005236 0.689236111111111 0.020942408376963352 0.017361111111111112
1 0.7918848167539267 0.6493055555555555 0.02356020942408377 0.020833333333333332
1 0.8730366492146597 0.5746527777777778 0.03926701570680628 0.04513888888888889
1 0.7670157068062827 0.3420138888888889 0.02617801047120419 0.03125
1 0.7316753926701571 0.35590277777777773 0.02356020942408377 0.03819444444444444
1 0.7643979057591623 0.46701388888888884 0.020942408376963352 0.03125
1 0.6531413612565445 0.21701388888888887 0.018324607329842934 0.024305555555555552
1 0.6531413612565445 0.1579861111111111 0.018324607329842934 0.024305555555555552
1 0.5680628272251309 0.1440972222222222 0.020942408376963352 0.03125
1 0.5235602094240838 0.13020833333333331 0.02617801047120419 0.024305555555555552
1 0.21335078534031415 0.3472222222222222 0.018324607329842934 0.020833333333333332