2 0.7234042553191489 0.12152777777777778 0.1702127659574468 0.22916666666666666
2 0.5625 0.564236111111111 0.3962765957446808 0.3923611111111111
2 0.03856382978723404 0.5104166666666666 0.05585106382978723 0.13194444444444445
2 0.40691489361702127 0.8038194444444444 0.05851063829787234 0.13541666666666666
3 0.5372340425531915 0.06944444444444445 0.02127659574468085 0.027777777777777776
3 0.4973404255319149 0.06944444444444445 0.015957446808510637 0.027777777777777776
4 0.4228723404255319 0.6215277777777778 0.02127659574468085 0.041666666666666664
4 0.7047872340425532 0.6336805555555555 0.015957446808510637 0.017361111111111112
4 0.7034574468085106 0.6510416666666666 0.013297872340425532 0.017361111111111112
4 0.523936170212766 0.6475694444444444 0.026595744680851064 0.017361111111111112
4 0.523936170212766 0.6770833333333333 0.015957446808510637 0.020833333333333332
3 0.10106382978723404 0.8333333333333333 0.07446808510638298 0.08333333333333333
3 0.054521276595744676 0.7430555555555555 0.05053191489361702 0.08333333333333333
3 0.9720744680851063 0.8663194444444444 0.023936170212765957 0.03125
3 0.9414893617021276 0.8645833333333333 0.010638297872340425 0.020833333333333332
3 0.02526595744680851 0.6614583333333333 0.023936170212765957 0.0798611111111111