3 0.044117647058823525 0.5915492957746479 0.02406417112299465 0.035211267605633804
3 0.05213903743315508 0.6813380281690141 0.029411764705882353 0.03873239436619719
3 0.4572192513368984 0.9313380281690141 0.0213903743315508 0.03169014084507042
1 0.1443850267379679 0.17605633802816903 0.0427807486631016 0.07746478873239437
1 0.0213903743315508 0.7940140845070423 0.0213903743315508 0.0528169014084507
1 0.14839572192513367 0.6602112676056339 0.01871657754010695 0.03873239436619719
1 0.7179144385026738 0.9665492957746479 0.040106951871657755 0.017605633802816902
1 0.4532085561497326 0.6883802816901409 0.040106951871657755 0.05985915492957747
1 0.25133689839572193 0.25880281690140844 0.0213903743315508 0.045774647887323945
1 0.29411764705882354 0.3045774647887324 0.026737967914438502 0.03169014084507042
1 0.32754010695187163 0.30633802816901406 0.02406417112299465 0.02112676056338028
1 0.22192513368983957 0.31690140845070425 0.0213903743315508 0.02112676056338028
1 0.20454545454545453 0.3573943661971831 0.02406417112299465 0.017605633802816902
1 0.12433155080213903 0.4313380281690141 0.034759358288770054 0.045774647887323945
1 0.2339572192513369 0.6566901408450705 0.02406417112299465 0.03169014084507042
1 0.2687165775401069 0.6426056338028169 0.02406417112299465 0.03873239436619719
1 0.2339572192513369 0.5352112676056339 0.01871657754010695 0.028169014084507043
1 0.34759358288770054 0.772887323943662 0.0160427807486631 0.024647887323943664
1 0.34893048128342247 0.8345070422535211 0.01871657754010695 0.02112676056338028
1 0.4331550802139037 0.8433098591549296 0.0213903743315508 0.03169014084507042
1 0.47727272727272724 0.8573943661971831 0.02406417112299465 0.024647887323943664
1 0.7794117647058824 0.6338028169014085 0.01871657754010695 0.02112676056338028