2 0.15342465753424658 0.26895306859205775 0.2958904109589041 0.20577617328519857
4 0.028767123287671233 0.22743682310469315 0.0410958904109589 0.043321299638989175
4 0.2356164383561644 0.1516245487364621 0.07123287671232877 0.02888086642599278
3 0.02054794520547945 0.11371841155234658 0.024657534246575342 0.03249097472924188
0 0.26986301369863014 0.7436823104693141 0.09041095890410959 0.11552346570397112
1 0.3219178082191781 0.7328519855595668 0.03561643835616438 0.10108303249097474
1 0.36575342465753424 0.6985559566787004 0.0410958904109589 0.039711191335740074
2 0.8136986301369863 0.9675090252707581 0.2191780821917808 0.05054151624548737
4 0.7835616438356164 0.9765342960288809 0.0273972602739726 0.03249097472924188
4 0.8246575342465754 0.9729241877256318 0.03287671232876713 0.039711191335740074
3 0.9616438356164384 0.7833935018050542 0.03287671232876713 0.043321299638989175