3 0.06182795698924732 0.6120689655172413 0.02688172043010753 0.03103448275862069
3 0.0739247311827957 0.696551724137931 0.02956989247311828 0.034482758620689655
3 0.4731182795698925 0.9086206896551724 0.021505376344086023 0.03103448275862069
1 0.14650537634408603 0.21551724137931033 0.040322580645161296 0.07241379310344828
1 0.048387096774193554 0.8034482758620689 0.021505376344086023 0.04827586206896552
1 0.1653225806451613 0.6706896551724137 0.01881720430107527 0.03793103448275862
1 0.7271505376344086 0.9258620689655173 0.03494623655913979 0.017241379310344827
1 0.4610215053763441 0.6793103448275862 0.040322580645161296 0.05517241379310345
1 0.2513440860215054 0.28620689655172415 0.01881720430107527 0.041379310344827586
1 0.29301075268817206 0.3258620689655172 0.02688172043010753 0.03103448275862069
1 0.3266129032258065 0.3275862068965517 0.024193548387096777 0.020689655172413793
1 0.22580645161290325 0.3431034482758621 0.021505376344086023 0.017241379310344827
1 0.20967741935483872 0.38275862068965516 0.021505376344086023 0.020689655172413793
1 0.13575268817204303 0.4586206896551724 0.03494623655913979 0.041379310344827586
1 0.24865591397849465 0.6620689655172414 0.024193548387096777 0.027586206896551724
1 0.28225806451612906 0.646551724137931 0.021505376344086023 0.03793103448275862
1 0.24462365591397853 0.5482758620689655 0.021505376344086023 0.027586206896551724
1 0.3629032258064516 0.7672413793103449 0.016129032258064516 0.02413793103448276
1 0.36693548387096775 0.8241379310344827 0.01881720430107527 0.020689655172413793
1 0.44758064516129037 0.8293103448275861 0.01881720430107527 0.03103448275862069
1 0.49059139784946243 0.8379310344827586 0.024193548387096777 0.020689655172413793
1 0.7741935483870969 0.6103448275862069 0.016129032258064516 0.020689655172413793