3 0.9505649717514124 0.5892193308550185 0.025423728813559324 0.03345724907063197
3 0.942090395480226 0.6802973977695167 0.031073446327683614 0.03717472118959107
3 0.536723163841808 0.929368029739777 0.022598870056497175 0.02973977695167286
1 0.8488700564971752 0.1765799256505576 0.0423728813559322 0.07806691449814127
1 0.9717514124293786 0.79182156133829 0.022598870056497175 0.05204460966542751
1 0.846045197740113 0.6579925650557621 0.019774011299435026 0.03717472118959107
1 0.2768361581920904 0.9646840148698884 0.03954802259887005 0.018587360594795536
1 0.5423728813559322 0.6877323420074349 0.03954802259887005 0.05947955390334572
1 0.7429378531073446 0.258364312267658 0.022598870056497175 0.0483271375464684
1 0.7005649717514124 0.30297397769516726 0.02824858757062147 0.03345724907063197
1 0.6666666666666666 0.3066914498141264 0.022598870056497175 0.026022304832713755
1 0.7740112994350282 0.3178438661710037 0.022598870056497175 0.018587360594795536
1 0.7909604519774012 0.3550185873605948 0.022598870056497175 0.018587360594795536
1 0.8686440677966102 0.4312267657992565 0.03672316384180791 0.04460966542750929
1 0.7612994350282486 0.654275092936803 0.025423728813559324 0.02973977695167286
1 0.7259887005649718 0.6412639405204461 0.022598870056497175 0.040892193308550186
1 0.7612994350282486 0.5353159851301115 0.019774011299435026 0.02973977695167286
1 0.6468926553672316 0.7732342007434944 0.01694915254237288 0.022304832713754646
1 0.6454802259887006 0.8327137546468402 0.019774011299435026 0.022304832713754646
1 0.5621468926553672 0.8420074349442379 0.022598870056497175 0.03345724907063197
1 0.518361581920904 0.8568773234200743 0.025423728813559324 0.026022304832713755
1 0.21610169491525424 0.6356877323420074 0.019774011299435026 0.022304832713754646