2 0.7408536585365855 0.11788617886178862 0.17276422764227645 0.23577235772357724
2 0.5630081300813009 0.5718157181571816 0.4024390243902439 0.4065040650406504
2 0.027439024390243906 0.491869918699187 0.05487804878048781 0.13279132791327913
2 0.3973577235772358 0.8170731707317073 0.05894308943089432 0.13821138211382114
3 0.5497967479674797 0.05420054200542006 0.01829268292682927 0.02710027100271003
3 0.5091463414634146 0.051490514905149054 0.014227642276422765 0.02710027100271003
4 0.41869918699187 0.6246612466124661 0.020325203252032523 0.04065040650406504
4 0.7063008130081302 0.6517615176151762 0.014227642276422765 0.013550135501355014
4 0.7063008130081302 0.6707317073170732 0.010162601626016262 0.013550135501355014
4 0.5203252032520326 0.6585365853658537 0.024390243902439025 0.016260162601626015
4 0.5203252032520326 0.6897018970189702 0.012195121951219513 0.018970189701897018
3 0.08333333333333334 0.8333333333333334 0.07317073170731708 0.08401084010840108
3 0.03658536585365854 0.7357723577235772 0.04878048780487805 0.08401084010840108
3 0.9756097560975611 0.907859078590786 0.020325203252032523 0.02710027100271003
3 0.9441056910569107 0.9051490514905149 0.010162601626016262 0.016260162601626015
3 0.010162601626016262 0.6490514905149052 0.020325203252032523 0.07859078590785908