2 0.1483739837398374 0.27235772357723576 0.2967479674796748 0.2086720867208672
4 0.019308943089430895 0.23441734417344173 0.03861788617886179 0.04065040650406504
4 0.2286585365853659 0.15040650406504066 0.06707317073170732 0.024390243902439025
3 0.011178861788617888 0.11788617886178862 0.022357723577235776 0.02981029810298103
0 0.27134146341463417 0.7560975609756098 0.08739837398373984 0.11382113821138211
1 0.3231707317073171 0.7439024390243902 0.032520325203252036 0.1002710027100271
1 0.36788617886178865 0.7073170731707317 0.04065040650406505 0.037940379403794036
2 0.8252032520325204 0.9742547425474255 0.21951219512195125 0.04607046070460705
4 0.79369918699187 0.983739837398374 0.026422764227642278 0.02710027100271003
4 0.8353658536585367 0.9796747967479674 0.032520325203252036 0.03523035230352303
3 0.9715447154471546 0.7818428184281843 0.02845528455284553 0.04065040650406504