2 0.7423398328690808 0.8375912408759124 0.16991643454038996 0.22992700729927007
2 0.5571030640668524 0.4105839416058394 0.3955431754874652 0.39051094890510946
2 0.03899721448467967 0.510948905109489 0.055710306406685235 0.13138686131386862
2 0.38997214484679665 0.1843065693430657 0.06128133704735376 0.13503649635036497
3 0.5584958217270195 0.9051094890510949 0.019498607242339833 0.029197080291970802
3 0.5181058495821727 0.9105839416058393 0.016713091922005572 0.032846715328467155
4 0.415041782729805 0.3686131386861314 0.022284122562674095 0.043795620437956206
4 0.6935933147632312 0.3284671532846715 0.016713091922005572 0.014598540145985401
4 0.6935933147632312 0.3102189781021898 0.011142061281337047 0.014598540145985401
4 0.5139275766016713 0.3302919708029197 0.025069637883008356 0.01824817518248175
4 0.5125348189415042 0.2992700729927007 0.016713091922005572 0.021897810218978103
3 0.08495821727019498 0.1843065693430657 0.07520891364902507 0.08394160583941605
3 0.04178272980501393 0.27919708029197077 0.05013927576601671 0.08394160583941605
3 0.9498607242339833 0.072992700729927 0.022284122562674095 0.029197080291970802
3 0.9192200557103064 0.07481751824817517 0.011142061281337047 0.01824817518248175
3 0.018105849582172703 0.36313868613138683 0.025069637883008356 0.07664233576642336