2 0.14945652173913043 0.24187725631768953 0.29891304347826086 0.20938628158844766
4 0.020380434782608696 0.20216606498194947 0.04076086956521739 0.043321299638989175
4 0.2296195652173913 0.12093862815884476 0.06793478260869565 0.025270758122743684
3 0.012228260869565216 0.0884476534296029 0.024456521739130432 0.03249097472924188
0 0.2703804347826087 0.7220216606498195 0.08967391304347826 0.11552346570397112
1 0.3220108695652174 0.7111913357400722 0.035326086956521736 0.10108303249097474
1 0.3668478260869565 0.6750902527075813 0.043478260869565216 0.043321299638989175
2 0.8220108695652174 0.9422382671480145 0.22010869565217392 0.05054151624548737
4 0.7907608695652174 0.9512635379061373 0.02717391304347826 0.03249097472924188
4 0.8328804347826086 0.9476534296028881 0.035326086956521736 0.039711191335740074
3 0.96875 0.7509025270758123 0.029891304347826088 0.043321299638989175