2 0.7380281690140845 0.11654135338345864 0.17464788732394368 0.24060150375939848
2 0.5605633802816902 0.5695488721804511 0.4056338028169014 0.40977443609022557
2 0.028169014084507043 0.49248120300751874 0.056338028169014086 0.13533834586466165
2 0.3971830985915493 0.8157894736842105 0.061971830985915494 0.14285714285714285
3 0.5464788732394367 0.05451127819548872 0.022535211267605635 0.03383458646616541
3 0.5070422535211268 0.05263157894736842 0.016901408450704227 0.03007518796992481
4 0.4169014084507042 0.6240601503759398 0.022535211267605635 0.045112781954887216
4 0.7042253521126761 0.6484962406015037 0.016901408450704227 0.018796992481203006
4 0.7042253521126761 0.6691729323308271 0.011267605633802818 0.015037593984962405
4 0.5183098591549296 0.6560150375939849 0.028169014084507043 0.018796992481203006
4 0.5183098591549296 0.68796992481203 0.016901408450704227 0.022556390977443608
3 0.08309859154929577 0.8327067669172932 0.07605633802816902 0.08646616541353383
3 0.036619718309859155 0.7349624060150376 0.05070422535211268 0.08646616541353383
3 0.971830985915493 0.9041353383458646 0.022535211267605635 0.03383458646616541
3 0.9408450704225353 0.900375939849624 0.011267605633802818 0.018796992481203006
3 0.011267605633802818 0.650375939849624 0.022535211267605635 0.08270676691729323