2 0.7428861788617886 0.13143631436314362 0.17276422764227645 0.23577235772357724
2 0.5650406504065041 0.5853658536585366 0.4024390243902439 0.4065040650406504
2 0.02947154471544716 0.505420054200542 0.05487804878048781 0.13279132791327913
2 0.39939024390243905 0.8306233062330624 0.05894308943089432 0.13821138211382114
3 0.551829268292683 0.06775067750677506 0.01829268292682927 0.02710027100271003
3 0.5111788617886179 0.06504065040650406 0.014227642276422765 0.02710027100271003
4 0.4207317073170732 0.6382113821138211 0.020325203252032523 0.04065040650406504
4 0.7083333333333334 0.6653116531165312 0.014227642276422765 0.013550135501355014
4 0.7083333333333334 0.6842818428184282 0.010162601626016262 0.013550135501355014
4 0.5223577235772359 0.6720867208672087 0.024390243902439025 0.016260162601626015
4 0.5223577235772359 0.7032520325203252 0.012195121951219513 0.018970189701897018
3 0.08536585365853659 0.8468834688346883 0.07317073170731708 0.08401084010840108
3 0.03861788617886179 0.7493224932249323 0.04878048780487805 0.08401084010840108
3 0.9776422764227644 0.9214092140921409 0.020325203252032523 0.02710027100271003
3 0.946138211382114 0.9186991869918699 0.010162601626016262 0.016260162601626015
3 0.012195121951219513 0.6626016260162602 0.020325203252032523 0.07859078590785908