3 0.052845528455284556 0.5582655826558266 0.024390243902439025 0.03252032520325203
3 0.05995934959349594 0.6517615176151762 0.026422764227642278 0.03523035230352303
3 0.467479674796748 0.9200542005420054 0.020325203252032523 0.02981029810298103
1 0.1626016260162602 0.13550135501355012 0.04065040650406505 0.07588075880758807
1 0.027439024390243906 0.7669376693766937 0.01829268292682927 0.04878048780487805
1 0.15752032520325204 0.6327913279132791 0.01829268292682927 0.03523035230352303
1 0.7317073170731708 0.964769647696477 0.03658536585365854 0.016260162601626015
1 0.46646341463414637 0.6707317073170732 0.03861788617886179 0.056910569105691054
1 0.26930894308943093 0.2222222222222222 0.01829268292682927 0.04336043360433604
1 0.3109756097560976 0.2696476964769648 0.024390243902439025 0.02981029810298103
1 0.3455284552845529 0.27371273712737126 0.020325203252032523 0.02168021680216802
1 0.2378048780487805 0.28184281842818426 0.020325203252032523 0.016260162601626015
1 0.21951219512195125 0.3224932249322493 0.020325203252032523 0.016260162601626015
1 0.13719512195121952 0.3983739837398374 0.034552845528455285 0.04336043360433604
1 0.24491869918699188 0.6314363143631436 0.022357723577235776 0.02710027100271003
1 0.2804878048780488 0.6178861788617886 0.020325203252032523 0.037940379403794036
1 0.24695121951219515 0.5067750677506775 0.01829268292682927 0.02710027100271003
1 0.358739837398374 0.7560975609756098 0.014227642276422765 0.02168021680216802
1 0.35975609756097565 0.8170731707317073 0.016260162601626018 0.018970189701897018
1 0.4441056910569106 0.8306233062330624 0.01829268292682927 0.02981029810298103
1 0.4888211382113822 0.8455284552845529 0.022357723577235776 0.02168021680216802
1 0.7987804878048781 0.6246612466124661 0.016260162601626018 0.018970189701897018