3 0.03658536585365854 0.5826558265582655 0.024390243902439025 0.03252032520325203
3 0.04369918699186992 0.6761517615176151 0.026422764227642278 0.03523035230352303
3 0.451219512195122 0.9444444444444444 0.020325203252032523 0.02981029810298103
1 0.14634146341463417 0.15989159891598917 0.04065040650406505 0.07588075880758807
1 0.011178861788617888 0.7913279132791328 0.01829268292682927 0.04878048780487805
1 0.14126016260162602 0.6571815718157181 0.01829268292682927 0.03523035230352303
1 0.7154471544715448 0.989159891598916 0.03658536585365854 0.016260162601626015
1 0.4502032520325204 0.6951219512195121 0.03861788617886179 0.056910569105691054
1 0.2530487804878049 0.24661246612466126 0.01829268292682927 0.04336043360433604
1 0.29471544715447157 0.2940379403794038 0.024390243902439025 0.02981029810298103
1 0.32926829268292684 0.2981029810298103 0.020325203252032523 0.02168021680216802
1 0.22154471544715448 0.3062330623306233 0.020325203252032523 0.016260162601626015
1 0.20325203252032523 0.34688346883468835 0.020325203252032523 0.016260162601626015
1 0.12093495934959352 0.42276422764227645 0.034552845528455285 0.04336043360433604
1 0.2286585365853659 0.6558265582655827 0.022357723577235776 0.02710027100271003
1 0.2642276422764228 0.6422764227642277 0.020325203252032523 0.037940379403794036
1 0.23069105691056913 0.5311653116531165 0.01829268292682927 0.02710027100271003
1 0.342479674796748 0.7804878048780488 0.014227642276422765 0.02168021680216802
1 0.3434959349593496 0.8414634146341463 0.016260162601626018 0.018970189701897018
1 0.4278455284552846 0.8550135501355014 0.01829268292682927 0.02981029810298103
1 0.47256097560975613 0.8699186991869918 0.022357723577235776 0.02168021680216802
1 0.7825203252032521 0.6490514905149052 0.016260162601626018 0.018970189701897018