3 0.07723577235772358 0.5718157181571816 0.024390243902439025 0.03252032520325203
3 0.08434959349593497 0.6653116531165312 0.026422764227642278 0.03523035230352303
3 0.49186991869918706 0.9336043360433605 0.020325203252032523 0.02981029810298103
1 0.1869918699186992 0.14905149051490515 0.04065040650406505 0.07588075880758807
1 0.05182926829268293 0.7804878048780488 0.01829268292682927 0.04878048780487805
1 0.1819105691056911 0.6463414634146342 0.01829268292682927 0.03523035230352303
1 0.7560975609756099 0.978319783197832 0.03658536585365854 0.016260162601626015
1 0.4908536585365854 0.6842818428184282 0.03861788617886179 0.056910569105691054
1 0.29369918699187 0.23577235772357724 0.01829268292682927 0.04336043360433604
1 0.3353658536585366 0.28319783197831977 0.024390243902439025 0.02981029810298103
1 0.3699186991869919 0.2872628726287263 0.020325203252032523 0.02168021680216802
1 0.2621951219512195 0.2953929539295393 0.020325203252032523 0.016260162601626015
1 0.24390243902439027 0.33604336043360433 0.020325203252032523 0.016260162601626015
1 0.16158536585365854 0.41192411924119243 0.034552845528455285 0.04336043360433604
1 0.26930894308943093 0.6449864498644986 0.022357723577235776 0.02710027100271003
1 0.30487804878048785 0.6314363143631436 0.020325203252032523 0.037940379403794036
1 0.27134146341463417 0.5203252032520325 0.01829268292682927 0.02710027100271003
1 0.38313008130081305 0.7696476964769647 0.014227642276422765 0.02168021680216802
1 0.3841463414634147 0.8306233062330624 0.016260162601626018 0.018970189701897018
1 0.46849593495934966 0.8441734417344173 0.01829268292682927 0.02981029810298103
1 0.5132113821138212 0.8590785907859079 0.022357723577235776 0.02168021680216802
1 0.8231707317073171 0.6382113821138211 0.016260162601626018 0.018970189701897018