2 0.5478036175710594 0.1644736842105263 0.07751937984496124 0.07894736842105263
2 0.26356589147286824 0.17269736842105263 0.082687338501292 0.09539473684210525
2 0.7764857881136952 0.5657894736842105 0.11111111111111112 0.17105263157894735
2 0.689922480620155 0.4161184210526316 0.046511627906976744 0.06907894736842105
2 0.8449612403100776 0.3125 0.06718346253229975 0.05263157894736842
2 0.9483204134366926 0.7351973684210525 0.0723514211886305 0.15460526315789472
2 0.5478036175710594 0.6611842105263157 0.06718346253229975 0.17105263157894735
2 0.8255813953488372 0.75 0.12144702842377261 0.19736842105263158
2 0.1343669250645995 0.71875 0.19121447028423774 0.3059210526315789
2 0.3578811369509044 0.7171052631578947 0.2558139534883721 0.30921052631578944
4 0.04909560723514212 0.6513157894736842 0.031007751937984496 0.03289473684210526
4 0.08656330749354006 0.694078947368421 0.023255813953488372 0.02631578947368421
4 0.11886304909560724 0.6677631578947368 0.020671834625323 0.02631578947368421
4 0.1330749354005168 0.75 0.028423772609819122 0.03289473684210526
4 0.35917312661498707 0.71875 0.031007751937984496 0.029605263157894735
4 0.46382428940568476 0.7483552631578947 0.018087855297157625 0.023026315789473683
4 0.4625322997416021 0.7746710526315789 0.015503875968992248 0.023026315789473683
4 0.4108527131782946 0.7532894736842105 0.015503875968992248 0.019736842105263157
4 0.4095607235142119 0.794407894736842 0.012919896640826874 0.023026315789473683
4 0.30103359173126615 0.6365131578947368 0.018087855297157625 0.023026315789473683
4 0.05555555555555556 0.7154605263157894 0.023255813953488372 0.023026315789473683
3 0.17829457364341086 0.5279605263157895 0.020671834625323 0.03618421052631579
4 0.5568475452196383 0.6167763157894737 0.012919896640826874 0.029605263157894735
4 0.5671834625322998 0.5855263157894737 0.018087855297157625 0.019736842105263157