2 0.43070652173913043 0.7819148936170213 0.07880434782608696 0.08156028368794326
2 0.7228260869565217 0.7907801418439716 0.08152173913043478 0.09929078014184398
2 0.2092391304347826 0.34397163120567376 0.11413043478260869 0.18439716312056736
2 0.2921195652173913 0.5070921985815603 0.04619565217391304 0.07092198581560283
2 0.13043478260869565 0.6046099290780141 0.07065217391304347 0.05319148936170213
2 0.03804347826086957 0.1524822695035461 0.07608695652173914 0.1631205673758865
2 0.4470108695652174 0.2553191489361702 0.06793478260869565 0.18439716312056736
2 0.16576086956521738 0.14361702127659573 0.125 0.20921985815602837
2 0.8777173913043478 0.22163120567375885 0.19565217391304346 0.3226950354609929
2 0.6467391304347826 0.20921985815602837 0.266304347826087 0.326241134751773
4 0.9619565217391304 0.2978723404255319 0.03260869565217391 0.035460992907801414
4 0.9239130434782609 0.25 0.021739130434782608 0.024822695035460994
4 0.889945652173913 0.2765957446808511 0.024456521739130432 0.028368794326241134
4 0.8790760869565217 0.1879432624113475 0.029891304347826088 0.035460992907801414
4 0.6467391304347826 0.20567375886524822 0.03260869565217391 0.028368794326241134
4 0.5366847826086957 0.1702127659574468 0.019021739130434784 0.028368794326241134
4 0.5394021739130435 0.14184397163120566 0.019021739130434784 0.02127659574468085
4 0.592391304347826 0.16666666666666666 0.016304347826086956 0.02127659574468085
4 0.595108695652174 0.12411347517730496 0.016304347826086956 0.02127659574468085
4 0.7010869565217391 0.2978723404255319 0.016304347826086956 0.028368794326241134
4 0.9578804347826086 0.22872340425531915 0.024456521739130432 0.024822695035460994
3 0.8233695652173912 0.4202127659574468 0.021739130434782608 0.03900709219858156
4 0.4375 0.3031914893617021 0.010869565217391304 0.031914893617021274
4 0.42527173913043476 0.33687943262411346 0.019021739130434784 0.02127659574468085