2 0.41891891891891897 0.7913669064748202 0.08108108108108109 0.08633093525179857
2 0.7189189189189189 0.8165467625899281 0.08648648648648649 0.10791366906474821
2 0.20675675675675675 0.32014388489208634 0.11621621621621622 0.18705035971223022
2 0.2864864864864865 0.4946043165467626 0.04864864864864865 0.07553956834532374
2 0.11621621621621622 0.5899280575539568 0.07027027027027027 0.05755395683453238
2 0.03648648648648649 0.10971223021582735 0.07837837837837838 0.16906474820143885
2 0.4540540540540541 0.24100719424460432 0.07027027027027027 0.19424460431654678
2 0.16756756756756758 0.10971223021582735 0.12972972972972974 0.2194244604316547
2 0.895945945945946 0.2302158273381295 0.20270270270270271 0.3381294964028777
2 0.6594594594594595 0.20503597122302158 0.2702702702702703 0.34532374100719426
4 0.9810810810810812 0.31474820143884896 0.032432432432432434 0.03956834532374101
4 0.9445945945945946 0.262589928057554 0.024324324324324326 0.02877697841726619
4 0.9081081081081082 0.28956834532374104 0.021621621621621623 0.03237410071942446
4 0.9 0.19424460431654678 0.032432432432432434 0.03597122302158273
4 0.6594594594594595 0.20143884892086333 0.032432432432432434 0.02877697841726619
4 0.55 0.1564748201438849 0.01891891891891892 0.025179856115107917
4 0.5513513513513514 0.12589928057553956 0.016216216216216217 0.02158273381294964
4 0.6067567567567568 0.15827338129496404 0.01891891891891892 0.02158273381294964
4 0.6094594594594595 0.11330935251798561 0.013513513513513514 0.025179856115107917
4 0.7121621621621622 0.30035971223021585 0.01891891891891892 0.025179856115107917
4 0.9783783783783784 0.24280575539568347 0.021621621621621623 0.025179856115107917
3 0.8337837837837838 0.4370503597122302 0.024324324324324326 0.03956834532374101
4 0.44189189189189193 0.29136690647482016 0.013513513513513514 0.03597122302158273
4 0.4283783783783784 0.32374100719424465 0.01891891891891892 0.02158273381294964