2 0.576219512195122 0.2018970189701897 0.07926829268292684 0.08401084010840108
2 0.2754065040650407 0.17615176151761516 0.08333333333333334 0.10298102981029811
2 0.7906504065040652 0.6734417344173441 0.11382113821138212 0.18699186991869918
2 0.7103658536585367 0.4986449864498645 0.0467479674796748 0.07046070460704607
2 0.8800813008130082 0.4037940379403794 0.06910569105691057 0.05420054200542006
2 0.9603658536585367 0.8834688346883469 0.07520325203252033 0.16802168021680217
2 0.5416666666666667 0.7533875338753387 0.06707317073170732 0.1897018970189702
2 0.8292682926829269 0.8861788617886179 0.12601626016260165 0.21680216802168023
2 0.09959349593495936 0.7669376693766937 0.19918699186991873 0.33604336043360433
2 0.33638211382113825 0.7913279132791328 0.2703252032520326 0.34146341463414637
4 0.014227642276422765 0.6815718157181572 0.02845528455284553 0.03523035230352303
4 0.05081300813008131 0.7330623306233063 0.020325203252032523 0.024390243902439025
4 0.08739837398373984 0.7073170731707317 0.020325203252032523 0.02710027100271003
4 0.09552845528455285 0.8021680216802168 0.02845528455284553 0.03252032520325203
4 0.33638211382113825 0.7940379403794038 0.030487804878048783 0.02710027100271003
4 0.4471544715447155 0.8387533875338753 0.016260162601626018 0.024390243902439025
4 0.4441056910569106 0.8685636856368564 0.014227642276422765 0.018970189701897018
4 0.3892276422764228 0.8387533875338753 0.014227642276422765 0.018970189701897018
4 0.38617886178861793 0.8834688346883469 0.012195121951219513 0.02168021680216802
4 0.28252032520325204 0.6951219512195121 0.016260162601626018 0.024390243902439025
4 0.016260162601626018 0.7533875338753387 0.020325203252032523 0.02168021680216802
3 0.16056910569105692 0.559620596205962 0.020325203252032523 0.03523035230352303
4 0.5538617886178863 0.7032520325203252 0.010162601626016262 0.02981029810298103
4 0.5670731707317074 0.6707317073170732 0.016260162601626018 0.018970189701897018