2 0.5822102425876011 0.20141342756183744 0.08086253369272238 0.08480565371024734
2 0.28975741239892183 0.16431095406360424 0.08355795148247978 0.10247349823321554
2 0.7789757412398922 0.6625441696113075 0.11320754716981132 0.18021201413427562
2 0.706199460916442 0.4911660777385159 0.04851752021563342 0.0706713780918728
2 0.8733153638814016 0.40636042402826855 0.07008086253369272 0.05653710247349823
2 0.940700808625337 0.8710247349823321 0.07547169811320756 0.16607773851590105
2 0.5350404312668464 0.7279151943462897 0.06738544474393532 0.18374558303886926
2 0.8126684636118598 0.8674911660777385 0.1266846361185984 0.20848056537102475
2 0.10377358490566038 0.7243816254416962 0.19676549865229112 0.3250883392226148
2 0.33423180592991913 0.7561837455830389 0.2641509433962264 0.3321554770318021
4 0.022911051212938006 0.6378091872791519 0.02964959568733154 0.038869257950530034
4 0.05795148247978437 0.6890459363957597 0.02425876010781671 0.028268551236749116
4 0.09433962264150944 0.666077738515901 0.0215633423180593 0.03180212014134275
4 0.09973045822102426 0.7561837455830389 0.03234501347708895 0.0353356890459364
4 0.33423180592991913 0.7597173144876325 0.03234501347708895 0.028268551236749116
4 0.44070080862533695 0.8056537102473498 0.01886792452830189 0.028268551236749116
4 0.4366576819407008 0.833922261484099 0.016172506738544475 0.021201413427561835
4 0.38544474393531 0.8056537102473498 0.016172506738544475 0.021201413427561835
4 0.3814016172506739 0.8462897526501767 0.013477088948787063 0.024734982332155476
4 0.284366576819407 0.6625441696113075 0.01886792452830189 0.024734982332155476
4 0.02425876010781671 0.7084805653710248 0.0215633423180593 0.024734982332155476
3 0.1684636118598383 0.5282685512367491 0.02425876010781671 0.038869257950530034
4 0.5485175202156335 0.6802120141342756 0.013477088948787063 0.03180212014134275
4 0.5619946091644206 0.6501766784452296 0.01886792452830189 0.021201413427561835