2 0.39845758354755784 0.22039473684210525 0.07712082262210797 0.07894736842105263
2 0.6812339331619537 0.17105263157894735 0.08226221079691516 0.09868421052631579
2 0.2197943444730077 0.669407894736842 0.11053984575835475 0.17434210526315788
2 0.28791773778920304 0.5032894736842105 0.04627249357326478 0.06578947368421052
2 0.12082262210796914 0.4309210526315789 0.06683804627249357 0.05263157894736842
2 0.07069408740359896 0.875 0.07455012853470437 0.15789473684210525
2 0.46015424164524416 0.71875 0.06683804627249357 0.17434210526315788
2 0.1953727506426735 0.8667763157894737 0.12339331619537275 0.2006578947368421
2 0.8791773778920308 0.6907894736842105 0.19023136246786632 0.30921052631578944
2 0.6555269922879177 0.7351973684210525 0.2570694087403599 0.3125
4 0.955012853470437 0.606907894736842 0.028277634961439587 0.03618421052631579
4 0.9228791773778919 0.65625 0.02056555269922879 0.023026315789473683
4 0.8868894601542415 0.6365131578947368 0.02056555269922879 0.029605263157894735
4 0.884318766066838 0.7236842105263157 0.030848329048843187 0.03289473684210526
4 0.6555269922879177 0.7368421052631579 0.030848329048843187 0.02631578947368421
4 0.5539845758354756 0.787828947368421 0.01799485861182519 0.023026315789473683
4 0.5578406169665809 0.8157894736842105 0.015424164524421594 0.019736842105263157
4 0.6092544987146529 0.7828947368421052 0.015424164524421594 0.019736842105263157
4 0.6143958868894601 0.8240131578947368 0.015424164524421594 0.023026315789473683
4 0.7030848329048842 0.6414473684210525 0.01799485861182519 0.02631578947368421
4 0.9562982005141387 0.6726973684210525 0.02056555269922879 0.023026315789473683
3 0.8097686375321336 0.5082236842105263 0.02056555269922879 0.03618421052631579
4 0.4460154241645244 0.6743421052631579 0.012853470437017993 0.03289473684210526
4 0.4305912596401028 0.6463815789473684 0.01799485861182519 0.023026315789473683