3 0.06808943089430895 0.2005420054200542 0.042682926829268296 0.06504065040650406
3 0.8130081300813009 0.11653116531165311 0.020325203252032523 0.02710027100271003
1 0.34959349593495936 0.14363143631436315 0.032520325203252036 0.02710027100271003
1 0.1626016260162602 0.2032520325203252 0.032520325203252036 0.02168021680216802
1 0.09654471544715448 0.4932249322493225 0.01829268292682927 0.037940379403794036
1 0.5619918699186992 0.4742547425474255 0.026422764227642278 0.02168021680216802
1 0.6239837398373984 0.37669376693766937 0.024390243902439025 0.02710027100271003
1 0.3069105691056911 0.6138211382113821 0.04065040650406505 0.02981029810298103
1 0.27439024390243905 0.7168021680216802 0.024390243902439025 0.024390243902439025
1 0.17073170731707318 0.7073170731707317 0.020325203252032523 0.02710027100271003
1 0.17581300813008133 0.8089430894308943 0.026422764227642278 0.024390243902439025