3 0.9725609756097562 0.8048780487804879 0.042682926829268296 0.06504065040650406
3 0.22764227642276424 0.8888888888888888 0.020325203252032523 0.02710027100271003
1 0.6910569105691058 0.8617886178861789 0.032520325203252036 0.02710027100271003
1 0.878048780487805 0.8021680216802168 0.032520325203252036 0.02168021680216802
1 0.9441056910569107 0.5121951219512195 0.01829268292682927 0.037940379403794036
1 0.4786585365853659 0.5311653116531165 0.026422764227642278 0.02168021680216802
1 0.4166666666666667 0.6287262872628726 0.024390243902439025 0.02710027100271003
1 0.733739837398374 0.3915989159891599 0.04065040650406505 0.02981029810298103
1 0.7662601626016261 0.2886178861788618 0.024390243902439025 0.024390243902439025
1 0.8699186991869919 0.2981029810298103 0.020325203252032523 0.02710027100271003
1 0.8648373983739839 0.19647696476964768 0.026422764227642278 0.024390243902439025