3 0.07825203252032521 0.19241192411924118 0.042682926829268296 0.06504065040650406
3 0.8231707317073171 0.10840108401084012 0.020325203252032523 0.02710027100271003
1 0.35975609756097565 0.13550135501355012 0.032520325203252036 0.02710027100271003
1 0.17276422764227645 0.1951219512195122 0.032520325203252036 0.02168021680216802
1 0.10670731707317074 0.48509485094850946 0.01829268292682927 0.037940379403794036
1 0.5721544715447155 0.46612466124661245 0.026422764227642278 0.02168021680216802
1 0.6341463414634148 0.3685636856368564 0.024390243902439025 0.02710027100271003
1 0.3170731707317074 0.6056910569105691 0.04065040650406505 0.02981029810298103
1 0.28455284552845533 0.7086720867208672 0.024390243902439025 0.024390243902439025
1 0.18089430894308944 0.6991869918699187 0.020325203252032523 0.02710027100271003
1 0.1859756097560976 0.8008130081300813 0.026422764227642278 0.024390243902439025