1 0.15040650406504066 0.05962059620596206 0.08536585365853659 0.11924119241192412
1 0.05894308943089432 0.17479674796747968 0.12195121951219513 0.26287262872628725
1 0.26626016260162605 0.10975609756097561 0.10975609756097562 0.22493224932249323
1 0.39837398373983746 0.023035230352303523 0.13414634146341464 0.051490514905149054
1 0.38008130081300817 0.1978319783197832 0.08536585365853659 0.10298102981029811
1 0.29776422764227645 0.6504065040650406 0.5995934959349594 0.6883468834688347
1 0.209349593495935 0.2994579945799458 0.21544715447154475 0.15447154471544716
1 0.8597560975609757 0.7371273712737128 0.2723577235772358 0.5149051490514905
1 0.6595528455284554 0.8983739837398373 0.11991869918699188 0.19241192411924118
1 0.5904471544715448 0.3021680216802168 0.2987804878048781 0.23577235772357724
1 0.6067073170731708 0.0921409214092141 0.2621951219512195 0.1842818428184282