3 0.9571078431372549 0.24603174603174602 0.041666666666666664 0.06666666666666667
3 0.2463235294117647 0.11904761904761904 0.022058823529411763 0.02857142857142857
1 0.6887254901960784 0.173015873015873 0.03431372549019608 0.02857142857142857
1 0.866421568627451 0.24285714285714285 0.031862745098039214 0.022222222222222223
1 0.9191176470588235 0.5174603174603175 0.0196078431372549 0.0380952380952381
1 0.47181372549019607 0.46825396825396826 0.02696078431372549 0.022222222222222223
1 0.4166666666666667 0.373015873015873 0.024509803921568627 0.02857142857142857
1 0.7120098039215687 0.6158730158730159 0.041666666666666664 0.031746031746031744
1 0.7389705882352942 0.7142857142857143 0.02696078431372549 0.025396825396825397
1 0.8394607843137255 0.7126984126984127 0.022058823529411763 0.02857142857142857
1 0.829656862745098 0.8063492063492064 0.02696078431372549 0.025396825396825397