1 0.15243902439024393 0.06233062330623306 0.08536585365853659 0.11924119241192412
1 0.06097560975609757 0.17750677506775067 0.12195121951219513 0.26287262872628725
1 0.2682926829268293 0.11246612466124661 0.10975609756097562 0.22493224932249323
1 0.4004065040650407 0.025745257452574527 0.13414634146341464 0.051490514905149054
1 0.3821138211382114 0.2005420054200542 0.08536585365853659 0.10298102981029811
1 0.2997967479674797 0.6531165311653117 0.5995934959349594 0.6883468834688347
1 0.21138211382113822 0.3021680216802168 0.21544715447154475 0.15447154471544716
1 0.861788617886179 0.7398373983739838 0.2723577235772358 0.5149051490514905
1 0.6615853658536586 0.9010840108401084 0.11991869918699188 0.19241192411924118
1 0.592479674796748 0.3048780487804878 0.2987804878048781 0.23577235772357724
1 0.608739837398374 0.0948509485094851 0.2621951219512195 0.1842818428184282