3 0.9357682619647355 0.13754045307443366 0.042821158690176324 0.06148867313915858
3 0.2229219143576826 0.1197411003236246 0.022670025188916875 0.025889967637540454
1 0.6649874055415617 0.10841423948220065 0.03526448362720403 0.02912621359223301
1 0.8450881612090679 0.14724919093851133 0.0327455919395466 0.022653721682847898
1 0.9219143576826196 0.4077669902912622 0.020151133501259445 0.03883495145631068
1 0.47732997481108314 0.42880258899676377 0.027707808564231738 0.022653721682847898
1 0.41435768261964734 0.3446601941747573 0.027707808564231738 0.02912621359223301
1 0.7279596977329975 0.5355987055016181 0.04030226700251889 0.02912621359223301
1 0.7632241813602015 0.627831715210356 0.025188916876574305 0.025889967637540454
1 0.8614609571788413 0.6116504854368933 0.020151133501259445 0.025889967637540454
1 0.8602015113350125 0.7055016181229774 0.027707808564231738 0.025889967637540454