1 0.8442622950819673 0.9050179211469535 0.08743169398907104 0.11827956989247312
1 0.9316939890710383 0.7903225806451613 0.12021857923497267 0.25448028673835127
1 0.7295081967213115 0.8602150537634409 0.1092896174863388 0.2222222222222222
1 0.6024590163934426 0.9480286738351255 0.13387978142076504 0.053763440860215055
1 0.6174863387978142 0.7795698924731183 0.08743169398907104 0.1039426523297491
1 0.6885245901639344 0.34050179211469533 0.5901639344262295 0.6666666666666666
1 0.7814207650273224 0.6756272401433692 0.21311475409836064 0.15412186379928317
1 0.1366120218579235 0.2777777777777778 0.2677595628415301 0.4982078853046595
1 0.33060109289617484 0.11469534050179211 0.12021857923497267 0.1863799283154122
1 0.4098360655737705 0.6863799283154122 0.29508196721311475 0.23297491039426524
1 0.3975409836065574 0.8888888888888888 0.25956284153005466 0.17921146953405018