1 0.16957605985037405 0.06514657980456026 0.08478802992518703 0.11726384364820848
1 0.07855361596009974 0.1726384364820847 0.12219451371571072 0.254071661237785
1 0.2817955112219451 0.11889250814332249 0.10972568578553615 0.2182410423452769
1 0.41271820448877805 0.03908794788273616 0.13216957605985036 0.05211726384364821
1 0.3915211970074813 0.20684039087947884 0.08478802992518703 0.10097719869706841
1 0.29925187032418954 0.6368078175895766 0.5885286783042394 0.6612377850162867
1 0.22194513715710723 0.2964169381107492 0.2144638403990025 0.1498371335504886
1 0.8478802992518703 0.742671009771987 0.26932668329177056 0.495114006514658
1 0.6483790523690773 0.8876221498371336 0.11970074812967581 0.18566775244299674
1 0.5935162094763092 0.3143322475570033 0.2942643391521197 0.23127035830618894
1 0.614713216957606 0.11400651465798047 0.256857855361596 0.18241042345276873