1 0.14484679665738162 0.11510791366906475 0.08356545961002786 0.11510791366906475
1 0.06267409470752089 0.22841726618705038 0.11977715877437325 0.24820143884892087
1 0.2576601671309192 0.15467625899280577 0.10863509749303621 0.21582733812949642
1 0.3816155988857939 0.06474820143884892 0.13370473537604458 0.05035971223021583
1 0.37047353760445684 0.22841726618705038 0.08356545961002786 0.09712230215827339
1 0.31058495821727017 0.6546762589928058 0.5766016713091922 0.6402877697841727
1 0.2116991643454039 0.3363309352517986 0.2116991643454039 0.1474820143884892
1 0.8537604456824512 0.6942446043165468 0.2646239554317549 0.48201438848920863
1 0.6685236768802229 0.8597122302158274 0.116991643454039 0.1798561151079137
1 0.5766016713091922 0.30935251798561153 0.28969359331476324 0.22302158273381295
1 0.5835654596100278 0.11510791366906475 0.25348189415041783 0.17266187050359713