3 0.8828715365239295 0.8709150326797386 0.042821158690176324 0.06209150326797386
3 0.163727959697733 0.9035947712418301 0.020151133501259445 0.029411764705882353
1 0.610831234256927 0.9068627450980392 0.0327455919395466 0.029411764705882353
1 0.7921914357682619 0.8627450980392157 0.0327455919395466 0.026143790849673203
1 0.8664987405541561 0.5947712418300654 0.020151133501259445 0.0392156862745098
1 0.4193954659949622 0.5833333333333334 0.027707808564231738 0.022875816993464054
1 0.35516372795969775 0.6715686274509804 0.025188916876574305 0.029411764705882353
1 0.6687657430730478 0.46895424836601307 0.042821158690176324 0.029411764705882353
1 0.7040302267002518 0.3758169934640523 0.027707808564231738 0.026143790849673203
1 0.8035264483627204 0.39052287581699346 0.020151133501259445 0.029411764705882353
1 0.8022670025188917 0.29411764705882354 0.027707808564231738 0.026143790849673203