1 0.17609254498714652 0.06333333333333334 0.08483290488431876 0.11333333333333334
1 0.08354755784061696 0.165 0.12082262210796914 0.25
1 0.2853470437017995 0.11666666666666667 0.10796915167095116 0.21333333333333335
1 0.416452442159383 0.043333333333333335 0.13367609254498714 0.05333333333333334
1 0.39203084832904883 0.2066666666666667 0.08483290488431876 0.1
1 0.2982005141388175 0.6266666666666667 0.5809768637532133 0.6466666666666667
1 0.2236503856041131 0.2916666666666667 0.2107969151670951 0.15000000000000002
1 0.8367609254498714 0.7400000000000001 0.2647814910025707 0.4866666666666667
1 0.6375321336760925 0.8816666666666667 0.11825192802056554 0.18333333333333335
1 0.5925449871465295 0.3166666666666667 0.29048843187660667 0.22666666666666668
1 0.6143958868894601 0.12166666666666667 0.2570694087403599 0.17666666666666667