1 0.8337950138504155 0.9283088235294118 0.0886426592797784 0.1213235294117647
1 0.925207756232687 0.8180147058823529 0.12188365650969529 0.2610294117647059
1 0.7202216066481995 0.8786764705882353 0.11080332409972299 0.22794117647058823
1 0.5886426592797784 0.9613970588235294 0.13573407202216067 0.05514705882352941
1 0.6080332409972299 0.7904411764705882 0.08587257617728532 0.10294117647058823
1 0.6939058171745153 0.34558823529411764 0.5955678670360111 0.6838235294117647
1 0.778393351800554 0.6930147058823529 0.21606648199445982 0.15808823529411764
1 0.1371191135734072 0.25183823529411764 0.2742382271468144 0.5110294117647058
1 0.3379501385041551 0.09558823529411764 0.12188365650969529 0.19117647058823528
1 0.4002770083102493 0.6838235294117647 0.296398891966759 0.23529411764705882
1 0.38227146814404434 0.8915441176470588 0.26038781163434904 0.1875