1 0.8434959349593497 0.9322493224932249 0.08536585365853659 0.11924119241192412
1 0.934959349593496 0.8170731707317073 0.12195121951219513 0.26287262872628725
1 0.7276422764227644 0.8821138211382114 0.10975609756097562 0.22493224932249323
1 0.5955284552845529 0.9688346883468835 0.13414634146341464 0.051490514905149054
1 0.6138211382113822 0.7940379403794038 0.08536585365853659 0.10298102981029811
1 0.6961382113821138 0.34146341463414637 0.5995934959349594 0.6883468834688347
1 0.7845528455284554 0.6924119241192412 0.21544715447154475 0.15447154471544716
1 0.13414634146341464 0.25474254742547425 0.2723577235772358 0.5149051490514905
1 0.334349593495935 0.09349593495934959 0.11991869918699188 0.19241192411924118
1 0.40345528455284557 0.6897018970189702 0.2987804878048781 0.23577235772357724
1 0.3871951219512196 0.8997289972899729 0.2621951219512195 0.1842818428184282