3 0.021341463414634148 0.14634146341463414 0.042682926829268296 0.06504065040650406
3 0.7662601626016261 0.06233062330623306 0.020325203252032523 0.02710027100271003
1 0.30284552845528456 0.08943089430894309 0.032520325203252036 0.02710027100271003
1 0.11585365853658537 0.14905149051490515 0.032520325203252036 0.02168021680216802
1 0.04979674796747968 0.43902439024390244 0.01829268292682927 0.037940379403794036
1 0.5152439024390244 0.42005420054200543 0.026422764227642278 0.02168021680216802
1 0.5772357723577236 0.3224932249322493 0.024390243902439025 0.02710027100271003
1 0.2601626016260163 0.559620596205962 0.04065040650406505 0.02981029810298103
1 0.22764227642276424 0.6626016260162602 0.024390243902439025 0.024390243902439025
1 0.12398373983739838 0.6531165311653117 0.020325203252032523 0.02710027100271003
1 0.12906504065040653 0.7547425474254743 0.026422764227642278 0.024390243902439025