1 0.18767123287671234 0.28091872791519434 0.34794520547945207 0.392226148409894
4 0.16575342465753426 0.1254416961130742 0.1178082191780822 0.0812720848056537
2 0.38082191780821917 0.16607773851590105 0.07671232876712329 0.19081272084805653
2 0.17534246575342466 0.5247349823321554 0.3013698630136986 0.3498233215547703
2 0.2904109589041096 0.765017667844523 0.1315068493150685 0.15901060070671377
1 0.20410958904109588 0.8462897526501767 0.057534246575342465 0.053003533568904596
4 0.1780821917808219 0.10600706713780919 0.0273972602739726 0.028268551236749116
4 0.20273972602739726 0.12367491166077739 0.016438356164383564 0.021201413427561835
4 0.1315068493150685 0.10954063604240283 0.016438356164383564 0.021201413427561835
4 0.16712328767123288 0.13780918727915195 0.016438356164383564 0.021201413427561835
3 0.15205479452054796 0.2226148409893993 0.03561643835616438 0.04240282685512367
4 0.0958904109589041 0.607773851590106 0.016438356164383564 0.021201413427561835
4 0.06575342465753425 0.5777385159010601 0.016438356164383564 0.024734982332155476
4 0.12328767123287672 0.6466431095406361 0.016438356164383564 0.021201413427561835
4 0.1863013698630137 0.5653710247349824 0.016438356164383564 0.021201413427561835
4 0.19863013698630136 0.4929328621908127 0.0136986301369863 0.0176678445229682
4 0.1917808219178082 0.6484098939929328 0.016438356164383564 0.03180212014134275
2 0.9328767123287671 0.08303886925795052 0.06301369863013699 0.10954063604240283
4 0.9383561643835616 0.061837455830388695 0.019178082191780823 0.024734982332155476
4 0.9465753424657535 0.0989399293286219 0.0136986301369863 0.021201413427561835
4 0.9575342465753425 0.1166077738515901 0.0136986301369863 0.014134275618374558
2 0.9452054794520548 0.23674911660777384 0.0547945205479452 0.15547703180212014
2 0.8301369863013699 0.46819787985865724 0.14246575342465753 0.1872791519434629
2 0.7547945205479452 0.6819787985865724 0.23835616438356164 0.2332155477031802
2 0.9178082191780822 0.8480565371024735 0.11506849315068493 0.14840989399293286
4 0.6479452054794521 0.6925795053003534 0.019178082191780823 0.04240282685512367
4 0.7547945205479452 0.734982332155477 0.030136986301369864 0.028268551236749116
4 0.936986301369863 0.8127208480565371 0.016438356164383564 0.021201413427561835
4 0.9136986301369863 0.8091872791519434 0.019178082191780823 0.028268551236749116
4 0.904109589041096 0.8957597173144877 0.016438356164383564 0.0176678445229682