2 0.16056910569105692 0.0921409214092141 0.21138211382113822 0.17886178861788618
4 0.20020325203252035 0.14905149051490515 0.026422764227642278 0.02710027100271003
4 0.19613821138211385 0.10569105691056911 0.030487804878048783 0.02168021680216802
3 0.8333333333333334 0.025745257452574527 0.06504065040650407 0.04607046070460705
3 0.6016260162601627 0.7588075880758808 0.020325203252032523 0.02168021680216802
1 0.6514227642276423 0.7466124661246613 0.030487804878048783 0.03523035230352303
1 0.8384146341463415 0.4959349593495935 0.034552845528455285 0.037940379403794036
1 0.508130081300813 0.7195121951219512 0.016260162601626018 0.018970189701897018
1 0.25914634146341464 0.3224932249322493 0.014227642276422765 0.02168021680216802
1 0.2906504065040651 0.3888888888888889 0.016260162601626018 0.018970189701897018
1 0.37093495934959353 0.5067750677506775 0.01829268292682927 0.02710027100271003
1 0.44817073170731714 0.6666666666666666 0.026422764227642278 0.03252032520325203