2 0.83739837398374 0.1111111111111111 0.21138211382113822 0.17886178861788618
4 0.7977642276422765 0.16802168021680217 0.026422764227642278 0.02710027100271003
4 0.801829268292683 0.12466124661246612 0.030487804878048783 0.02168021680216802
3 0.16463414634146342 0.044715447154471545 0.06504065040650407 0.04607046070460705
3 0.39634146341463417 0.7777777777777778 0.020325203252032523 0.02168021680216802
1 0.3465447154471545 0.7655826558265583 0.030487804878048783 0.03523035230352303
1 0.1595528455284553 0.5149051490514905 0.034552845528455285 0.037940379403794036
1 0.48983739837398377 0.7384823848238482 0.016260162601626018 0.018970189701897018
1 0.7388211382113822 0.34146341463414637 0.014227642276422765 0.02168021680216802
1 0.7073170731707318 0.4078590785907859 0.016260162601626018 0.018970189701897018
1 0.6270325203252033 0.5257452574525745 0.01829268292682927 0.02710027100271003
1 0.5497967479674797 0.6856368563685636 0.026422764227642278 0.03252032520325203