1 0.17784552845528456 0.21002710027100271 0.35975609756097565 0.42005420054200543
4 0.1626016260162602 0.04200542005420054 0.12195121951219513 0.08401084010840108
2 0.3841463414634147 0.1016260162601626 0.07723577235772358 0.2032520325203252
2 0.15447154471544716 0.4715447154471545 0.31300813008130085 0.37398373983739835
2 0.26117886178861793 0.7398373983739838 0.1361788617886179 0.16802168021680217
1 0.16869918699186995 0.8197831978319783 0.05691056910569106 0.051490514905149054
4 0.17682926829268295 0.02168021680216802 0.024390243902439025 0.02710027100271003
4 0.20121951219512196 0.04200542005420054 0.012195121951219513 0.018970189701897018
4 0.12804878048780488 0.02032520325203252 0.016260162601626018 0.018970189701897018
4 0.1636178861788618 0.052845528455284556 0.014227642276422765 0.018970189701897018
3 0.14329268292682928 0.14363143631436315 0.034552845528455285 0.04336043360433604
4 0.06707317073170732 0.55420054200542 0.012195121951219513 0.018970189701897018
4 0.037601626016260166 0.5203252032520325 0.014227642276422765 0.02168021680216802
4 0.09247967479674797 0.6002710027100271 0.014227642276422765 0.018970189701897018
4 0.1626016260162602 0.516260162601626 0.016260162601626018 0.018970189701897018
4 0.1788617886178862 0.43902439024390244 0.012195121951219513 0.016260162601626015
4 0.16565040650406507 0.6056910569105691 0.014227642276422765 0.02981029810298103
2 0.9644308943089432 0.058265582655826556 0.06300813008130082 0.11653116531165311
4 0.9715447154471546 0.036585365853658534 0.016260162601626018 0.024390243902439025
4 0.9776422764227644 0.07723577235772358 0.012195121951219513 0.018970189701897018
4 0.9888211382113822 0.09620596205962059 0.010162601626016262 0.013550135501355014
2 0.9684959349593497 0.22628726287262874 0.05487804878048781 0.16531165311653118
2 0.83739837398374 0.46476964769647694 0.14634146341463417 0.1978319783197832
2 0.7500000000000001 0.6883468834688347 0.24796747967479676 0.24932249322493225
2 0.9126016260162603 0.8807588075880759 0.11788617886178863 0.15718157181571815
4 0.6382113821138212 0.6924119241192412 0.016260162601626018 0.04065040650406504
4 0.7479674796747968 0.7452574525745257 0.02845528455284553 0.02710027100271003
4 0.9329268292682927 0.8441734417344173 0.016260162601626018 0.018970189701897018
4 0.9095528455284554 0.8387533875338753 0.01829268292682927 0.024390243902439025
4 0.8953252032520326 0.9322493224932249 0.014227642276422765 0.016260162601626015