2 0.13008130081300814 0.8319783197831978 0.21138211382113822 0.17886178861788618
4 0.16971544715447157 0.7750677506775068 0.026422764227642278 0.02710027100271003
4 0.16565040650406507 0.8184281842818428 0.030487804878048783 0.02168021680216802
3 0.8028455284552847 0.8983739837398373 0.06504065040650407 0.04607046070460705
3 0.5711382113821138 0.16531165311653118 0.020325203252032523 0.02168021680216802
1 0.6209349593495935 0.17750677506775067 0.030487804878048783 0.03523035230352303
1 0.8079268292682927 0.4281842818428184 0.034552845528455285 0.037940379403794036
1 0.4776422764227643 0.2046070460704607 0.016260162601626018 0.018970189701897018
1 0.2286585365853659 0.6016260162601627 0.014227642276422765 0.02168021680216802
1 0.2601626016260163 0.535230352303523 0.016260162601626018 0.018970189701897018
1 0.3404471544715448 0.4173441734417344 0.01829268292682927 0.02710027100271003
1 0.41768292682926833 0.25745257452574527 0.026422764227642278 0.03252032520325203