1 0.8160569105691058 0.7791327913279132 0.35975609756097565 0.42005420054200543
4 0.8313008130081302 0.9471544715447154 0.12195121951219513 0.08401084010840108
2 0.6097560975609757 0.8875338753387534 0.07723577235772358 0.2032520325203252
2 0.8394308943089431 0.5176151761517616 0.31300813008130085 0.37398373983739835
2 0.7327235772357724 0.24932249322493225 0.1361788617886179 0.16802168021680217
1 0.8252032520325204 0.16937669376693767 0.05691056910569106 0.051490514905149054
4 0.8170731707317074 0.967479674796748 0.024390243902439025 0.02710027100271003
4 0.7926829268292683 0.9471544715447154 0.012195121951219513 0.018970189701897018
4 0.8658536585365855 0.9688346883468835 0.016260162601626018 0.018970189701897018
4 0.8302845528455285 0.9363143631436315 0.014227642276422765 0.018970189701897018
3 0.8506097560975611 0.8455284552845529 0.034552845528455285 0.04336043360433604
4 0.926829268292683 0.4349593495934959 0.012195121951219513 0.018970189701897018
4 0.9563008130081302 0.46883468834688347 0.014227642276422765 0.02168021680216802
4 0.9014227642276423 0.3888888888888889 0.014227642276422765 0.018970189701897018
4 0.8313008130081302 0.47289972899729 0.016260162601626018 0.018970189701897018
4 0.8150406504065042 0.5501355013550135 0.012195121951219513 0.016260162601626015
4 0.8282520325203253 0.38346883468834686 0.014227642276422765 0.02981029810298103
2 0.02947154471544716 0.9308943089430894 0.06300813008130082 0.11653116531165311
4 0.022357723577235776 0.9525745257452575 0.016260162601626018 0.024390243902439025
4 0.016260162601626018 0.9119241192411924 0.012195121951219513 0.018970189701897018
4 0.005081300813008131 0.8929539295392954 0.010162601626016262 0.013550135501355014
2 0.025406504065040653 0.7628726287262872 0.05487804878048781 0.16531165311653118
2 0.15650406504065043 0.524390243902439 0.14634146341463417 0.1978319783197832
2 0.24390243902439027 0.3008130081300813 0.24796747967479676 0.24932249322493225
2 0.0813008130081301 0.10840108401084012 0.11788617886178863 0.15718157181571815
4 0.3556910569105691 0.2967479674796748 0.016260162601626018 0.04065040650406504
4 0.24593495934959353 0.24390243902439024 0.02845528455284553 0.02710027100271003
4 0.06097560975609757 0.14498644986449866 0.016260162601626018 0.018970189701897018
4 0.08434959349593497 0.15040650406504066 0.01829268292682927 0.024390243902439025
4 0.09857723577235773 0.056910569105691054 0.014227642276422765 0.016260162601626015