3 0.2134146341463415 0.4024390243902439 0.04878048780487805 0.06775067750677506
3 0.4634146341463415 0.08807588075880758 0.04471544715447155 0.024390243902439025
3 0.8079268292682927 0.27235772357723576 0.034552845528455285 0.02981029810298103
2 0.6056910569105691 0.8794037940379403 0.39430894308943093 0.22493224932249323
2 0.22662601626016263 0.7791327913279132 0.18089430894308944 0.2086720867208672
4 0.2022357723577236 0.6897018970189702 0.026422764227642278 0.02981029810298103
4 0.3119918699186992 0.7913279132791328 0.014227642276422765 0.02710027100271003
4 0.44512195121951226 0.8685636856368564 0.04878048780487805 0.07317073170731707
3 0.40142276422764234 0.8373983739837398 0.022357723577235776 0.04878048780487805
3 0.4888211382113822 0.5907859078590786 0.034552845528455285 0.037940379403794036
3 0.05386178861788619 0.5975609756097561 0.034552845528455285 0.018970189701897018