2 0.8104325699745548 0.8457792207792209 0.20101781170483463 0.16558441558441558
4 0.7773536895674301 0.7905844155844156 0.027989821882951654 0.029220779220779224
4 0.7786259541984734 0.8295454545454546 0.03053435114503817 0.022727272727272728
3 0.1717557251908397 0.8409090909090909 0.06361323155216285 0.045454545454545456
3 0.4312977099236642 0.20292207792207795 0.02290076335877863 0.022727272727272728
1 0.38422391857506366 0.2077922077922078 0.03053435114503817 0.03246753246753247
1 0.19338422391857507 0.41720779220779225 0.035623409669211195 0.03571428571428572
1 0.5178117048346056 0.24675324675324678 0.017811704834605598 0.01948051948051948
1 0.7302798982188295 0.6282467532467533 0.015267175572519085 0.022727272727272728
1 0.7035623409669212 0.564935064935065 0.017811704834605598 0.01948051948051948
1 0.6361323155216285 0.4512987012987013 0.020356234096692113 0.025974025974025976
1 0.5712468193384225 0.29870129870129875 0.027989821882951654 0.03246753246753247