1 0.2068062827225131 0.7878787878787878 0.3455497382198953 0.39057239057239057
4 0.19895287958115185 0.9427609427609427 0.12041884816753927 0.0808080808080808
2 0.40706806282722513 0.8703703703703703 0.07591623036649216 0.1919191919191919
2 0.17146596858638743 0.5471380471380471 0.3010471204188482 0.3468013468013468
2 0.2604712041884817 0.2946127946127946 0.13350785340314136 0.15824915824915825
1 0.17015706806282724 0.22727272727272727 0.05759162303664922 0.050505050505050504
4 0.21204188481675393 0.9595959595959596 0.02617801047120419 0.026936026936026935
4 0.23560209424083772 0.9393939393939393 0.015706806282722516 0.0202020202020202
4 0.16623036649214662 0.9663299663299663 0.018324607329842934 0.0202020202020202
4 0.19895287958115185 0.9326599326599326 0.015706806282722516 0.0202020202020202
3 0.17539267015706808 0.8501683501683501 0.03664921465968587 0.043771043771043766
4 0.08507853403141362 0.4781144781144781 0.013089005235602094 0.0202020202020202
4 0.05759162303664922 0.5134680134680134 0.015706806282722516 0.02356902356902357
4 0.10732984293193717 0.4343434343434343 0.015706806282722516 0.0202020202020202
4 0.17670157068062828 0.5067340067340067 0.018324607329842934 0.02356902356902357
4 0.19633507853403143 0.5757575757575757 0.015706806282722516 0.0202020202020202
4 0.17539267015706808 0.4225589225589225 0.015706806282722516 0.0303030303030303
2 0.9633507853403142 0.867003367003367 0.06282722513089006 0.1111111111111111
4 0.9698952879581152 0.8855218855218855 0.018324607329842934 0.026936026936026935
4 0.9751308900523561 0.8484848484848484 0.013089005235602094 0.0202020202020202
4 0.9842931937172775 0.8299663299663299 0.010471204188481676 0.016835016835016835
2 0.9594240837696336 0.7104377104377104 0.0549738219895288 0.15488215488215487
2 0.8232984293193718 0.5 0.14397905759162305 0.18518518518518517
2 0.7290575916230367 0.3013468013468013 0.23821989528795812 0.23232323232323232
2 0.8769633507853404 0.11447811447811447 0.11518324607329844 0.14814814814814814
4 0.6217277486910995 0.3063973063973064 0.018324607329842934 0.0404040404040404
4 0.7251308900523561 0.2508417508417508 0.03141361256544503 0.0303030303030303
4 0.8965968586387435 0.1447811447811448 0.018324607329842934 0.0202020202020202
4 0.87434554973822 0.15151515151515152 0.020942408376963352 0.026936026936026935
4 0.8573298429319373 0.06734006734006734 0.018324607329842934 0.0202020202020202