1 0.8150134048257373 0.7775800711743772 0.35924932975871315 0.41637010676156583
4 0.8310991957104558 0.9430604982206405 0.12332439678284182 0.08540925266903915
2 0.6126005361930295 0.8879003558718861 0.0777479892761394 0.20284697508896796
2 0.8364611260053619 0.5195729537366548 0.3109919571045576 0.3701067615658363
2 0.7278820375335121 0.25622775800711745 0.13672922252010725 0.1708185053380783
1 0.8203753351206434 0.17615658362989323 0.058981233243967826 0.05338078291814946
4 0.8176943699731903 0.9626334519572953 0.02680965147453083 0.03202846975088968
4 0.7935656836461126 0.9430604982206405 0.0160857908847185 0.021352313167259787
4 0.8672922252010724 0.9644128113879004 0.01876675603217158 0.021352313167259787
4 0.8310991957104558 0.9323843416370107 0.0160857908847185 0.021352313167259787
3 0.8498659517426274 0.8416370106761566 0.03753351206434316 0.046263345195729534
4 0.9222520107238606 0.4377224199288256 0.0160857908847185 0.021352313167259787
4 0.9517426273458445 0.47153024911032027 0.0160857908847185 0.02491103202846975
4 0.8967828418230563 0.39145907473309605 0.01876675603217158 0.021352313167259787
4 0.8270777479892761 0.4768683274021352 0.01876675603217158 0.021352313167259787
4 0.8123324396782842 0.5516014234875445 0.0160857908847185 0.021352313167259787
4 0.824396782841823 0.3879003558718861 0.01876675603217158 0.03558718861209964
2 0.03753351206434316 0.9377224199288255 0.064343163538874 0.11743772241992882
4 0.030831099195710455 0.9608540925266903 0.01876675603217158 0.028469750889679714
4 0.02546916890080429 0.9199288256227758 0.013404825737265416 0.02491103202846975
4 0.013404825737265416 0.9021352313167259 0.010723860589812333 0.01779359430604982
2 0.03351206434316354 0.7740213523131673 0.05630026809651475 0.16725978647686832
2 0.15951742627345844 0.5355871886120996 0.14745308310991959 0.19572953736654802
2 0.2453083109919571 0.31316725978647686 0.24932975871313673 0.24911032028469748
2 0.08310991957104558 0.12633451957295372 0.11796246648793565 0.16014234875444838
4 0.3552278820375335 0.3096085409252669 0.01876675603217158 0.042704626334519574
4 0.24664879356568364 0.2580071174377224 0.032171581769437 0.03202846975088968
4 0.06300268096514745 0.16370106761565836 0.01876675603217158 0.021352313167259787
4 0.08579088471849866 0.16725978647686832 0.021447721179624665 0.028469750889679714
4 0.09919571045576407 0.07651245551601422 0.0160857908847185 0.01779359430604982