2 0.8394308943089431 0.8807588075880759 0.21138211382113822 0.17886178861788618
4 0.7997967479674798 0.8238482384823849 0.026422764227642278 0.02710027100271003
4 0.8038617886178863 0.8672086720867209 0.030487804878048783 0.02168021680216802
3 0.16666666666666669 0.9471544715447154 0.06504065040650407 0.04607046070460705
3 0.39837398373983746 0.2140921409214092 0.020325203252032523 0.02168021680216802
1 0.3485772357723578 0.22628726287262874 0.030487804878048783 0.03523035230352303
1 0.16158536585365854 0.47696476964769646 0.034552845528455285 0.037940379403794036
1 0.49186991869918706 0.25338753387533874 0.016260162601626018 0.018970189701897018
1 0.7408536585365855 0.6504065040650406 0.014227642276422765 0.02168021680216802
1 0.7093495934959351 0.5840108401084011 0.016260162601626018 0.018970189701897018
1 0.6290650406504066 0.46612466124661245 0.01829268292682927 0.02710027100271003
1 0.551829268292683 0.3062330623306233 0.026422764227642278 0.03252032520325203