2 0.8922764227642277 0.08672086720867209 0.21138211382113822 0.17886178861788618
4 0.8526422764227644 0.14363143631436315 0.026422764227642278 0.02710027100271003
4 0.8567073170731708 0.1002710027100271 0.030487804878048783 0.02168021680216802
3 0.21951219512195125 0.02032520325203252 0.06504065040650407 0.04607046070460705
3 0.451219512195122 0.7533875338753387 0.020325203252032523 0.02168021680216802
1 0.40142276422764234 0.7411924119241192 0.030487804878048783 0.03523035230352303
1 0.2144308943089431 0.4905149051490515 0.034552845528455285 0.037940379403794036
1 0.5447154471544716 0.7140921409214093 0.016260162601626018 0.018970189701897018
1 0.79369918699187 0.3170731707317073 0.014227642276422765 0.02168021680216802
1 0.7621951219512196 0.38346883468834686 0.016260162601626018 0.018970189701897018
1 0.6819105691056911 0.5013550135501355 0.01829268292682927 0.02710027100271003
1 0.6046747967479675 0.6612466124661247 0.026422764227642278 0.03252032520325203