3 0.1830601092896175 0.5640569395017794 0.04918032786885246 0.06761565836298931
3 0.4139344262295082 0.8754448398576512 0.04644808743169399 0.028469750889679714
3 0.7540983606557377 0.7206405693950177 0.03825136612021858 0.03202846975088968
2 0.5778688524590164 0.13701067615658363 0.38524590163934425 0.21708185053380782
2 0.2062841530054645 0.2099644128113879 0.17759562841530055 0.199288256227758
4 0.18032786885245902 0.29359430604982206 0.0273224043715847 0.03202846975088968
4 0.2896174863387978 0.20284697508896796 0.01639344262295082 0.028469750889679714
4 0.4207650273224044 0.13701067615658363 0.04918032786885246 0.07473309608540925
3 0.37841530054644806 0.16370106761565836 0.02459016393442623 0.0498220640569395
3 0.45491803278688525 0.40391459074733094 0.03551912568306011 0.03914590747330961
3 0.03415300546448088 0.3736654804270462 0.03551912568306011 0.021352313167259787