2 0.8673965936739659 0.7671875 0.20194647201946472 0.16562500000000002
4 0.8272506082725061 0.71875 0.029197080291970802 0.025
4 0.8333333333333334 0.7578125 0.031630170316301706 0.021875000000000002
3 0.23114355231143552 0.884375 0.06326034063260341 0.043750000000000004
3 0.4148418491484185 0.19375 0.021897810218978103 0.025
1 0.3686131386861314 0.209375 0.031630170316301706 0.037500000000000006
1 0.20316301703163017 0.453125 0.03649635036496351 0.037500000000000006
1 0.5072992700729927 0.22187500000000002 0.0170316301703163 0.018750000000000003
1 0.7627737226277372 0.5640625 0.0170316301703163 0.021875000000000002
1 0.7287104622871047 0.50625 0.0170316301703163 0.018750000000000003
1 0.6472019464720195 0.40468750000000003 0.019464720194647202 0.028125
1 0.5656934306569343 0.265625 0.026763990267639905 0.03125