2 0.13054187192118227 0.9041533546325878 0.20689655172413793 0.17252396166134185
4 0.16625615763546797 0.8482428115015974 0.027093596059113302 0.02875399361022364
4 0.16379310344827586 0.889776357827476 0.03201970443349754 0.022364217252396165
3 0.7820197044334976 0.9281150159744409 0.0665024630541872 0.04792332268370607
3 0.5332512315270936 0.2523961661341853 0.022167487684729065 0.025559105431309903
1 0.5825123152709359 0.26038338658146964 0.03201970443349754 0.03514376996805112
1 0.7721674876847291 0.48562300319488816 0.03694581280788178 0.038338658146964855
1 0.4445812807881773 0.2939297124600639 0.017241379310344827 0.019169329073482427
1 0.21798029556650247 0.682108626198083 0.017241379310344827 0.022364217252396165
1 0.24630541871921183 0.6182108626198083 0.019704433497536946 0.022364217252396165
1 0.32019704433497537 0.5031948881789137 0.019704433497536946 0.02875399361022364
1 0.3891625615763547 0.3466453674121406 0.029556650246305417 0.03514376996805112