1 0.18386243386243384 0.21602787456445993 0.3571428571428571 0.41114982578397213
4 0.17195767195767195 0.05226480836236934 0.12169312169312169 0.08362369337979095
2 0.38888888888888884 0.11672473867595819 0.07936507936507936 0.1986062717770035
2 0.15740740740740738 0.47038327526132406 0.30952380952380953 0.3693379790940767
2 0.2579365079365079 0.735191637630662 0.1349206349206349 0.1672473867595819
1 0.16666666666666666 0.8101045296167247 0.0582010582010582 0.05226480836236934
4 0.18518518518518517 0.033101045296167246 0.026455026455026454 0.0313588850174216
4 0.20899470899470898 0.05400696864111498 0.015873015873015872 0.024390243902439025
4 0.1388888888888889 0.0313588850174216 0.018518518518518517 0.020905923344947737
4 0.17195767195767195 0.0627177700348432 0.015873015873015872 0.020905923344947737
3 0.15079365079365079 0.15156794425087108 0.037037037037037035 0.04529616724738676
4 0.0701058201058201 0.5487804878048781 0.013227513227513227 0.024390243902439025
4 0.041005291005291 0.5139372822299652 0.018518518518518517 0.024390243902439025
4 0.09391534391534391 0.5940766550522648 0.018518518518518517 0.024390243902439025
4 0.16534391534391535 0.5139372822299652 0.018518518518518517 0.024390243902439025
4 0.18121693121693122 0.43902439024390244 0.013227513227513227 0.020905923344947737
4 0.16666666666666666 0.6010452961672473 0.015873015873015872 0.0313588850174216
2 0.9603174603174602 0.09059233449477352 0.06349206349206349 0.11846689895470383
4 0.9669312169312169 0.06968641114982578 0.018518518518518517 0.027874564459930314
4 0.9735449735449735 0.10801393728222997 0.015873015873015872 0.020905923344947737
4 0.9841269841269841 0.12717770034843207 0.010582010582010581 0.017421602787456445
2 0.9616402116402116 0.25261324041811845 0.05555555555555555 0.16376306620209058
2 0.8293650793650793 0.4808362369337979 0.1455026455026455 0.1951219512195122
2 0.7394179894179894 0.6968641114982579 0.24603174603174602 0.24390243902439024
2 0.8981481481481481 0.8885017421602788 0.11904761904761904 0.15331010452961671
4 0.6309523809523809 0.6986062717770035 0.018518518518518517 0.04529616724738676
4 0.7367724867724867 0.7526132404181185 0.0291005291005291 0.027874564459930314
4 0.9166666666666666 0.8536585365853658 0.018518518518518517 0.020905923344947737
4 0.8941798941798942 0.8466898954703833 0.021164021164021163 0.027874564459930314
4 0.8796296296296295 0.9390243902439024 0.018518518518518517 0.017421602787456445