3 0.17682926829268295 0.4051490514905149 0.04878048780487805 0.06775067750677506
3 0.426829268292683 0.09078590785907859 0.04471544715447155 0.024390243902439025
3 0.7713414634146343 0.2750677506775068 0.034552845528455285 0.02981029810298103
2 0.5691056910569107 0.8821138211382114 0.39430894308943093 0.22493224932249323
2 0.19004065040650409 0.7818428184281843 0.18089430894308944 0.2086720867208672
4 0.16565040650406507 0.6924119241192412 0.026422764227642278 0.02981029810298103
4 0.2754065040650407 0.7940379403794038 0.014227642276422765 0.02710027100271003
4 0.4085365853658537 0.8712737127371274 0.04878048780487805 0.07317073170731707
3 0.36483739837398377 0.8401084010840109 0.022357723577235776 0.04878048780487805
3 0.4522357723577236 0.5934959349593496 0.034552845528455285 0.037940379403794036
3 0.017276422764227643 0.6002710027100271 0.034552845528455285 0.018970189701897018