3 0.18089430894308944 0.3807588075880759 0.04878048780487805 0.06775067750677506
3 0.4308943089430895 0.06639566395663957 0.04471544715447155 0.024390243902439025
3 0.7754065040650407 0.2506775067750677 0.034552845528455285 0.02981029810298103
2 0.5731707317073171 0.8577235772357723 0.39430894308943093 0.22493224932249323
2 0.19410569105691058 0.7574525745257452 0.18089430894308944 0.2086720867208672
4 0.16971544715447157 0.6680216802168022 0.026422764227642278 0.02981029810298103
4 0.27947154471544716 0.7696476964769647 0.014227642276422765 0.02710027100271003
4 0.4126016260162602 0.8468834688346883 0.04878048780487805 0.07317073170731707
3 0.3689024390243903 0.8157181571815718 0.022357723577235776 0.04878048780487805
3 0.45630081300813014 0.5691056910569106 0.034552845528455285 0.037940379403794036
3 0.021341463414634148 0.575880758807588 0.034552845528455285 0.018970189701897018