1 0.7925257731958762 0.7883333333333333 0.3479381443298969 0.39666666666666667
4 0.8015463917525774 0.9466666666666668 0.11855670103092783 0.08
2 0.5902061855670103 0.8750000000000001 0.07731958762886598 0.19
2 0.8260309278350515 0.5466666666666667 0.3015463917525773 0.35333333333333333
2 0.7345360824742267 0.29000000000000004 0.13402061855670103 0.16
1 0.8260309278350515 0.22166666666666668 0.059278350515463915 0.05
4 0.7860824742268041 0.9633333333333334 0.02577319587628866 0.02666666666666667
4 0.7641752577319587 0.9433333333333334 0.01288659793814433 0.02
4 0.8337628865979382 0.9683333333333334 0.01804123711340206 0.023333333333333334
4 0.8002577319587628 0.9366666666666668 0.01804123711340206 0.02
3 0.8234536082474226 0.8516666666666667 0.03350515463917526 0.043333333333333335
4 0.9123711340206185 0.47500000000000003 0.015463917525773196 0.023333333333333334
4 0.9407216494845361 0.5083333333333334 0.015463917525773196 0.023333333333333334
4 0.8904639175257731 0.43000000000000005 0.01804123711340206 0.02
4 0.8208762886597938 0.5033333333333334 0.01804123711340206 0.02
4 0.8015463917525774 0.5750000000000001 0.015463917525773196 0.016666666666666666
4 0.8195876288659794 0.4216666666666667 0.015463917525773196 0.030000000000000002
2 0.03221649484536082 0.8750000000000001 0.06443298969072164 0.11
4 0.024484536082474227 0.8966666666666667 0.01804123711340206 0.02666666666666667
4 0.020618556701030927 0.8566666666666667 0.015463917525773196 0.02
4 0.00902061855670103 0.8383333333333334 0.01288659793814433 0.016666666666666666
2 0.03479381443298969 0.7183333333333334 0.05412371134020619 0.15666666666666668
2 0.17010309278350516 0.5066666666666667 0.14432989690721648 0.18666666666666668
2 0.26288659793814434 0.30333333333333334 0.2422680412371134 0.23333333333333334
2 0.11469072164948453 0.115 0.11597938144329897 0.15000000000000002
4 0.3698453608247423 0.3066666666666667 0.01804123711340206 0.04
4 0.2667525773195876 0.2516666666666667 0.028350515463917526 0.030000000000000002
4 0.09407216494845361 0.14666666666666667 0.01804123711340206 0.02
4 0.11597938144329897 0.15333333333333335 0.020618556701030927 0.02666666666666667
4 0.1327319587628866 0.06666666666666667 0.01804123711340206 0.02