3 0.23891625615763548 0.6091772151898734 0.04926108374384237 0.06645569620253164
3 0.49261083743842365 0.8734177215189873 0.04433497536945813 0.02531645569620253
3 0.8078817733990148 0.675632911392405 0.034482758620689655 0.028481012658227847
2 0.5862068965517242 0.13924050632911392 0.37438423645320196 0.2088607594936709
2 0.23275862068965517 0.26424050632911394 0.1748768472906404 0.1930379746835443
4 0.21305418719211822 0.3481012658227848 0.027093596059113302 0.03164556962025317
4 0.312807881773399 0.24525316455696203 0.014778325123152709 0.028481012658227847
4 0.43472906403940886 0.16455696202531644 0.046798029556650245 0.06962025316455696
3 0.39408866995073893 0.19462025316455697 0.024630541871921183 0.04746835443037974
3 0.49014778325123154 0.4129746835443038 0.034482758620689655 0.03481012658227848
3 0.07881773399014778 0.44462025316455694 0.034482758620689655 0.022151898734177215