3 0.8150406504065042 0.592140921409214 0.04878048780487805 0.06775067750677506
3 0.5650406504065041 0.9065040650406504 0.04471544715447155 0.024390243902439025
3 0.22052845528455287 0.7222222222222222 0.034552845528455285 0.02981029810298103
2 0.42276422764227645 0.11517615176151762 0.39430894308943093 0.22493224932249323
2 0.801829268292683 0.21544715447154472 0.18089430894308944 0.2086720867208672
4 0.826219512195122 0.3048780487804878 0.026422764227642278 0.02981029810298103
4 0.7164634146341464 0.2032520325203252 0.014227642276422765 0.02710027100271003
4 0.5833333333333334 0.12601626016260162 0.04878048780487805 0.07317073170731707
3 0.6270325203252033 0.15718157181571815 0.022357723577235776 0.04878048780487805
3 0.5396341463414634 0.4037940379403794 0.034552845528455285 0.037940379403794036
3 0.9745934959349595 0.3970189701897019 0.034552845528455285 0.018970189701897018