3 0.17682926829268295 0.5894308943089431 0.04878048780487805 0.06775067750677506
3 0.426829268292683 0.9037940379403794 0.04471544715447155 0.024390243902439025
3 0.7713414634146343 0.7195121951219512 0.034552845528455285 0.02981029810298103
2 0.5691056910569107 0.11246612466124661 0.39430894308943093 0.22493224932249323
2 0.19004065040650409 0.2127371273712737 0.18089430894308944 0.2086720867208672
4 0.16565040650406507 0.3021680216802168 0.026422764227642278 0.02981029810298103
4 0.2754065040650407 0.2005420054200542 0.014227642276422765 0.02710027100271003
4 0.4085365853658537 0.12330623306233063 0.04878048780487805 0.07317073170731707
3 0.36483739837398377 0.15447154471544716 0.022357723577235776 0.04878048780487805
3 0.4522357723577236 0.4010840108401084 0.034552845528455285 0.037940379403794036
3 0.017276422764227643 0.3943089430894309 0.034552845528455285 0.018970189701897018