3 0.2512626262626263 0.4271844660194175 0.04797979797979798 0.06472491909385114
3 0.47222222222222227 0.1197411003236246 0.045454545454545456 0.025889967637540454
3 0.8106060606060607 0.25889967637540456 0.03535353535353536 0.03236245954692557
2 0.6477272727272728 0.8300970873786409 0.3762626262626263 0.21035598705501618
2 0.2815656565656566 0.7702265372168285 0.17424242424242425 0.1941747572815534
4 0.2537878787878788 0.6909385113268609 0.02777777777777778 0.02912621359223301
4 0.36363636363636365 0.7750809061488674 0.015151515151515152 0.02912621359223301
4 0.49368686868686873 0.8349514563106797 0.04797979797979798 0.07119741100323625
3 0.4507575757575758 0.8090614886731392 0.022727272727272728 0.045307443365695796
3 0.5227272727272728 0.5760517799352751 0.03535353535353536 0.03883495145631068
3 0.10858585858585859 0.6197411003236246 0.03535353535353536 0.022653721682847898