1 0.8180894308943091 0.7872628726287263 0.35975609756097565 0.42005420054200543
4 0.8333333333333334 0.9552845528455285 0.12195121951219513 0.08401084010840108
2 0.6117886178861789 0.8956639566395664 0.07723577235772358 0.2032520325203252
2 0.8414634146341464 0.5257452574525745 0.31300813008130085 0.37398373983739835
2 0.7347560975609757 0.25745257452574527 0.1361788617886179 0.16802168021680217
1 0.8272357723577237 0.17750677506775067 0.05691056910569106 0.051490514905149054
4 0.8191056910569107 0.975609756097561 0.024390243902439025 0.02710027100271003
4 0.7947154471544716 0.9552845528455285 0.012195121951219513 0.018970189701897018
4 0.8678861788617888 0.9769647696476965 0.016260162601626018 0.018970189701897018
4 0.8323170731707318 0.9444444444444444 0.014227642276422765 0.018970189701897018
3 0.8526422764227644 0.8536585365853658 0.034552845528455285 0.04336043360433604
4 0.9288617886178863 0.44308943089430897 0.012195121951219513 0.018970189701897018
4 0.9583333333333335 0.47696476964769646 0.014227642276422765 0.02168021680216802
4 0.9034552845528456 0.3970189701897019 0.014227642276422765 0.018970189701897018
4 0.8333333333333334 0.481029810298103 0.016260162601626018 0.018970189701897018
4 0.8170731707317074 0.5582655826558266 0.012195121951219513 0.016260162601626015
4 0.8302845528455285 0.3915989159891599 0.014227642276422765 0.02981029810298103
2 0.03150406504065041 0.9390243902439024 0.06300813008130082 0.11653116531165311
4 0.024390243902439025 0.9607046070460704 0.016260162601626018 0.024390243902439025
4 0.01829268292682927 0.9200542005420054 0.012195121951219513 0.018970189701897018
4 0.007113821138211383 0.9010840108401084 0.010162601626016262 0.013550135501355014
2 0.027439024390243906 0.7710027100271003 0.05487804878048781 0.16531165311653118
2 0.1585365853658537 0.532520325203252 0.14634146341463417 0.1978319783197832
2 0.24593495934959353 0.3089430894308943 0.24796747967479676 0.24932249322493225
2 0.08333333333333334 0.11653116531165311 0.11788617886178863 0.15718157181571815
4 0.3577235772357724 0.3048780487804878 0.016260162601626018 0.04065040650406504
4 0.24796747967479676 0.25203252032520324 0.02845528455284553 0.02710027100271003
4 0.06300813008130082 0.15311653116531165 0.016260162601626018 0.018970189701897018
4 0.08638211382113822 0.15853658536585366 0.01829268292682927 0.024390243902439025
4 0.10060975609756098 0.06504065040650406 0.014227642276422765 0.016260162601626015