1 0.21646341463414637 0.3712737127371274 0.16869918699186995 0.23848238482384823
1 0.1859756097560976 0.532520325203252 0.11585365853658537 0.08943089430894309
1 0.3607723577235773 0.5392953929539296 0.06300813008130082 0.0921409214092141
1 0.23475609756097562 0.7845528455284553 0.46951219512195125 0.4254742547425474
3 0.16666666666666669 0.7764227642276422 0.020325203252032523 0.03523035230352303
3 0.3434959349593496 0.7750677506775068 0.012195121951219513 0.03252032520325203
3 0.3577235772357724 0.8577235772357723 0.016260162601626018 0.018970189701897018
3 0.35162601626016265 0.975609756097561 0.020325203252032523 0.02710027100271003
3 0.2886178861788618 0.964769647696477 0.03658536585365854 0.03252032520325203
2 0.2682926829268293 0.5555555555555556 0.04471544715447155 0.10840108401084012
4 0.2754065040650407 0.5230352303523035 0.014227642276422765 0.016260162601626015
4 0.28455284552845533 0.5528455284552846 0.016260162601626018 0.016260162601626015
4 0.25914634146341464 0.5392953929539296 0.014227642276422765 0.016260162601626015
4 0.2642276422764228 0.592140921409214 0.016260162601626018 0.018970189701897018
2 0.34756097560975613 0.4444444444444444 0.10569105691056911 0.11382113821138211
2 0.06910569105691057 0.4905149051490515 0.13821138211382114 0.16260162601626016
4 0.05894308943089432 0.47831978319783197 0.024390243902439025 0.024390243902439025
4 0.008130081300813009 0.5311653116531165 0.016260162601626018 0.02168021680216802
4 0.07825203252032521 0.5094850948509485 0.022357723577235776 0.016260162601626015
4 0.0894308943089431 0.5420054200542005 0.012195121951219513 0.016260162601626015