1 0.3485772357723578 0.3333333333333333 0.16869918699186995 0.23848238482384823
1 0.31808943089430897 0.494579945799458 0.11585365853658537 0.08943089430894309
1 0.49288617886178865 0.5013550135501355 0.06300813008130082 0.0921409214092141
1 0.366869918699187 0.7466124661246613 0.46951219512195125 0.4254742547425474
3 0.2987804878048781 0.7384823848238482 0.020325203252032523 0.03523035230352303
3 0.475609756097561 0.7371273712737128 0.012195121951219513 0.03252032520325203
3 0.48983739837398377 0.8197831978319783 0.016260162601626018 0.018970189701897018
3 0.48373983739837406 0.9376693766937669 0.020325203252032523 0.02710027100271003
3 0.4207317073170732 0.926829268292683 0.03658536585365854 0.03252032520325203
2 0.4004065040650407 0.5176151761517616 0.04471544715447155 0.10840108401084012
4 0.4075203252032521 0.48509485094850946 0.014227642276422765 0.016260162601626015
4 0.4166666666666667 0.5149051490514905 0.016260162601626018 0.016260162601626015
4 0.39126016260162605 0.5013550135501355 0.014227642276422765 0.016260162601626015
4 0.39634146341463417 0.55420054200542 0.016260162601626018 0.018970189701897018
2 0.47967479674796754 0.4065040650406504 0.10569105691056911 0.11382113821138211
2 0.20121951219512196 0.45257452574525747 0.13821138211382114 0.16260162601626016
4 0.1910569105691057 0.44037940379403795 0.024390243902439025 0.024390243902439025
4 0.1402439024390244 0.4932249322493225 0.016260162601626018 0.02168021680216802
4 0.2103658536585366 0.4715447154471545 0.022357723577235776 0.016260162601626015
4 0.22154471544715448 0.5040650406504065 0.012195121951219513 0.016260162601626015