1 0.6371951219512196 0.3523035230352303 0.16869918699186995 0.23848238482384823
1 0.6676829268292683 0.513550135501355 0.11585365853658537 0.08943089430894309
1 0.49288617886178865 0.5203252032520325 0.06300813008130082 0.0921409214092141
1 0.6189024390243903 0.7655826558265583 0.46951219512195125 0.4254742547425474
3 0.6869918699186992 0.7574525745257452 0.020325203252032523 0.03523035230352303
3 0.5101626016260163 0.7560975609756098 0.012195121951219513 0.03252032520325203
3 0.49593495934959353 0.8387533875338753 0.016260162601626018 0.018970189701897018
3 0.5020325203252033 0.9566395663956639 0.020325203252032523 0.02710027100271003
3 0.5650406504065041 0.94579945799458 0.03658536585365854 0.03252032520325203
2 0.5853658536585367 0.5365853658536586 0.04471544715447155 0.10840108401084012
4 0.5782520325203253 0.5040650406504065 0.014227642276422765 0.016260162601626015
4 0.5691056910569107 0.5338753387533876 0.016260162601626018 0.016260162601626015
4 0.5945121951219513 0.5203252032520325 0.014227642276422765 0.016260162601626015
4 0.5894308943089431 0.573170731707317 0.016260162601626018 0.018970189701897018
2 0.5060975609756098 0.4254742547425474 0.10569105691056911 0.11382113821138211
2 0.7845528455284554 0.4715447154471545 0.13821138211382114 0.16260162601626016
4 0.7947154471544716 0.45934959349593496 0.024390243902439025 0.024390243902439025
4 0.8455284552845529 0.5121951219512195 0.016260162601626018 0.02168021680216802
4 0.7754065040650407 0.4905149051490515 0.022357723577235776 0.016260162601626015
4 0.7642276422764228 0.5230352303523035 0.012195121951219513 0.016260162601626015