1 0.2876016260162602 0.3252032520325203 0.16869918699186995 0.23848238482384823
1 0.2571138211382114 0.48644986449864497 0.11585365853658537 0.08943089430894309
1 0.4319105691056911 0.4932249322493225 0.06300813008130082 0.0921409214092141
1 0.30589430894308944 0.7384823848238482 0.46951219512195125 0.4254742547425474
3 0.2378048780487805 0.7303523035230353 0.020325203252032523 0.03523035230352303
3 0.41463414634146345 0.7289972899728997 0.012195121951219513 0.03252032520325203
3 0.4288617886178862 0.8116531165311653 0.016260162601626018 0.018970189701897018
3 0.42276422764227645 0.9295392953929539 0.020325203252032523 0.02710027100271003
3 0.35975609756097565 0.9186991869918699 0.03658536585365854 0.03252032520325203
2 0.33943089430894313 0.5094850948509485 0.04471544715447155 0.10840108401084012
4 0.3465447154471545 0.47696476964769646 0.014227642276422765 0.016260162601626015
4 0.3556910569105691 0.5067750677506775 0.016260162601626018 0.016260162601626015
4 0.3302845528455285 0.4932249322493225 0.014227642276422765 0.016260162601626015
4 0.3353658536585366 0.5460704607046071 0.016260162601626018 0.018970189701897018
2 0.41869918699187 0.3983739837398374 0.10569105691056911 0.11382113821138211
2 0.1402439024390244 0.4444444444444444 0.13821138211382114 0.16260162601626016
4 0.13008130081300814 0.43224932249322495 0.024390243902439025 0.024390243902439025
4 0.07926829268292684 0.48509485094850946 0.016260162601626018 0.02168021680216802
4 0.14939024390243905 0.4634146341463415 0.022357723577235776 0.016260162601626015
4 0.16056910569105692 0.4959349593495935 0.012195121951219513 0.016260162601626015