1 0.37146529562982 0.35855263157894735 0.16195372750642673 0.21710526315789472
1 0.33419023136246784 0.5016447368421052 0.11311053984575835 0.08223684210526315
1 0.4987146529562982 0.5246710526315789 0.061696658097686374 0.08881578947368421
1 0.3663239074550128 0.7335526315789473 0.4447300771208226 0.3881578947368421
3 0.30205655526992287 0.7203947368421052 0.02313624678663239 0.03289473684210526
3 0.4691516709511568 0.7368421052631579 0.012853470437017993 0.03289473684210526
3 0.47686375321336755 0.8125 0.01799485861182519 0.019736842105263157
3 0.4652956298200514 0.9177631578947368 0.02056555269922879 0.02631578947368421
3 0.4061696658097686 0.9013157894736842 0.03598971722365038 0.03289473684210526
2 0.410025706940874 0.53125 0.04370179948586118 0.10197368421052631
4 0.4190231362467866 0.5016447368421052 0.015424164524421594 0.01644736842105263
4 0.4254498714652956 0.5296052631578947 0.01799485861182519 0.019736842105263157
4 0.40359897172236503 0.5148026315789473 0.015424164524421594 0.01644736842105263
4 0.4048843187660668 0.5625 0.01799485861182519 0.019736842105263157
2 0.49100257069408737 0.4375 0.10282776349614395 0.10526315789473684
2 0.2262210796915167 0.45230263157894735 0.13367609254498714 0.14802631578947367
4 0.2185089974293059 0.4407894736842105 0.025706940874035987 0.02631578947368421
4 0.16580976863753213 0.4851973684210526 0.01799485861182519 0.023026315789473683
4 0.2339331619537275 0.47039473684210525 0.025706940874035987 0.019736842105263157
4 0.2429305912596401 0.5016447368421052 0.012853470437017993 0.01644736842105263