1 0.7794715447154472 0.3712737127371274 0.16869918699186995 0.23848238482384823
1 0.809959349593496 0.532520325203252 0.11585365853658537 0.08943089430894309
1 0.6351626016260163 0.5392953929539296 0.06300813008130082 0.0921409214092141
1 0.7611788617886179 0.7845528455284553 0.46951219512195125 0.4254742547425474
3 0.8292682926829269 0.7764227642276422 0.020325203252032523 0.03523035230352303
3 0.6524390243902439 0.7750677506775068 0.012195121951219513 0.03252032520325203
3 0.6382113821138212 0.8577235772357723 0.016260162601626018 0.018970189701897018
3 0.644308943089431 0.975609756097561 0.020325203252032523 0.02710027100271003
3 0.7073170731707318 0.964769647696477 0.03658536585365854 0.03252032520325203
2 0.7276422764227644 0.5555555555555556 0.04471544715447155 0.10840108401084012
4 0.7205284552845529 0.5230352303523035 0.014227642276422765 0.016260162601626015
4 0.7113821138211383 0.5528455284552846 0.016260162601626018 0.016260162601626015
4 0.7367886178861789 0.5392953929539296 0.014227642276422765 0.016260162601626015
4 0.7317073170731708 0.592140921409214 0.016260162601626018 0.018970189701897018
2 0.6483739837398375 0.4444444444444444 0.10569105691056911 0.11382113821138211
2 0.926829268292683 0.4905149051490515 0.13821138211382114 0.16260162601626016
4 0.9369918699186993 0.47831978319783197 0.024390243902439025 0.024390243902439025
4 0.9878048780487806 0.5311653116531165 0.016260162601626018 0.02168021680216802
4 0.9176829268292684 0.5094850948509485 0.022357723577235776 0.016260162601626015
4 0.9065040650406505 0.5420054200542005 0.012195121951219513 0.016260162601626015