1 0.7572178477690289 0.3540268456375839 0.16010498687664043 0.2181208053691275
1 0.7939632545931758 0.4983221476510067 0.11286089238845144 0.08389261744966443
1 0.6299212598425197 0.5201342281879194 0.06299212598425197 0.087248322147651
1 0.7624671916010498 0.7298657718120806 0.4435695538057743 0.3859060402684564
3 0.8267716535433071 0.7164429530201342 0.02099737532808399 0.03691275167785235
3 0.6601049868766404 0.7315436241610738 0.013123359580052493 0.03355704697986577
3 0.6496062992125984 0.8087248322147651 0.01837270341207349 0.020134228187919462
3 0.6627296587926509 0.9144295302013422 0.023622047244094488 0.030201342281879193
3 0.7217847769028871 0.8993288590604027 0.03674540682414698 0.03355704697986577
2 0.7178477690288714 0.5268456375838926 0.04461942257217848 0.10067114093959731
4 0.7086614173228346 0.4983221476510067 0.015748031496062992 0.016778523489932886
4 0.7020997375328084 0.5251677852348993 0.01837270341207349 0.016778523489932886
4 0.7270341207349081 0.511744966442953 0.015748031496062992 0.016778523489932886
4 0.7230971128608924 0.5604026845637584 0.01837270341207349 0.020134228187919462
2 0.6364829396325459 0.43288590604026844 0.10236220472440945 0.10738255033557047
2 0.9028871391076115 0.44798657718120805 0.13123359580052493 0.15100671140939598
4 0.910761154855643 0.436241610738255 0.026246719160104987 0.026845637583892617
4 0.9619422572178478 0.4815436241610738 0.01837270341207349 0.02348993288590604
4 0.8937007874015748 0.4681208053691275 0.023622047244094488 0.016778523489932886
4 0.8858267716535433 0.4983221476510067 0.013123359580052493 0.016778523489932886