1 0.8144736842105263 0.9419795221843004 0.1763157894736842 0.08873720136518772
1 0.7026315789473684 0.9129692832764505 0.05789473684210526 0.05802047781569966
1 0.42236842105263156 0.8498293515358362 0.05526315789473684 0.04778156996587031
1 0.4328947368421053 0.7184300341296929 0.05526315789473684 0.06484641638225257
1 0.3236842105263158 0.674061433447099 0.20526315789473684 0.13310580204778158
3 0.125 0.8156996587030717 0.049999999999999996 0.040955631399317405
3 0.18157894736842106 0.7320819112627986 0.015789473684210527 0.04436860068259386
3 0.3447368421052632 0.6194539249146758 0.015789473684210527 0.04436860068259386
3 0.5144736842105263 0.5085324232081911 0.018421052631578946 0.034129692832764506
3 0.6934210526315789 0.4709897610921502 0.02368421052631579 0.06825938566552901
3 0.6407894736842105 0.3242320819112628 0.1131578947368421 0.10921501706484642
3 0.4789473684210526 0.26109215017064846 0.08421052631578947 0.07167235494880546
3 0.3671052631578947 0.3054607508532423 0.08157894736842106 0.04436860068259386
3 0.26052631578947366 0.32593856655290104 0.07894736842105263 0.04436860068259386
3 0.2723684210526316 0.36860068259385664 0.049999999999999996 0.027303754266211604
3 0.6934210526315789 0.18600682593856654 0.018421052631578946 0.051194539249146756
3 0.2118421052631579 0.09385665529010238 0.1763157894736842 0.16723549488054607
3 0.08289473684210526 0.030716723549488054 0.02894736842105263 0.027303754266211604
3 0.8039473684210526 0.8890784982935154 0.018421052631578946 0.023890784982935155
3 0.7407894736842106 0.8378839590443686 0.04473684210526316 0.04436860068259386
3 0.7960526315789473 0.7832764505119454 0.018421052631578946 0.023890784982935155
3 0.7802631578947368 0.8430034129692833 0.018421052631578946 0.020477815699658702
3 0.7776315789473685 0.8583617747440273 0.018421052631578946 0.017064846416382253