1 0.8353658536585367 0.948509485094851 0.1788617886178862 0.0921409214092141
1 0.717479674796748 0.9254742547425474 0.05691056910569106 0.056910569105691054
1 0.4258130081300813 0.8766937669376694 0.05487804878048781 0.04607046070460705
1 0.4319105691056911 0.7371273712737128 0.05487804878048781 0.06504065040650406
1 0.31605691056910573 0.6964769647696477 0.209349593495935 0.13550135501355012
3 0.11585365853658537 0.8604336043360433 0.04878048780487805 0.04065040650406504
3 0.17073170731707318 0.7696476964769647 0.012195121951219513 0.04336043360433604
3 0.3353658536585366 0.6368563685636857 0.016260162601626018 0.04336043360433604
3 0.5071138211382115 0.5067750677506775 0.01829268292682927 0.03252032520325203
3 0.6920731707317074 0.45528455284552843 0.022357723577235776 0.07046070460704607
3 0.6310975609756099 0.3021680216802168 0.11585365853658537 0.11653116531165311
3 0.459349593495935 0.24661246612466126 0.08536585365853659 0.07046070460704607
3 0.3465447154471545 0.3008130081300813 0.08333333333333334 0.04336043360433604
3 0.2367886178861789 0.33062330623306235 0.07926829268292684 0.04336043360433604
3 0.25101626016260165 0.37398373983739835 0.05081300813008131 0.02710027100271003
3 0.6788617886178863 0.15040650406504066 0.016260162601626018 0.051490514905149054
3 0.17581300813008133 0.08536585365853659 0.18089430894308944 0.17615176151761516
3 0.04166666666666667 0.028455284552845527 0.026422764227642278 0.024390243902439025
3 0.821138211382114 0.8943089430894309 0.016260162601626018 0.02168021680216802
3 0.7550813008130082 0.8428184281842819 0.042682926829268296 0.04336043360433604
3 0.809959349593496 0.7804878048780488 0.01829268292682927 0.02168021680216802
3 0.7957317073170732 0.8441734417344173 0.014227642276422765 0.018970189701897018
3 0.79369918699187 0.8617886178861789 0.014227642276422765 0.016260162601626015