1 0.8405612244897959 0.9389830508474576 0.18112244897959182 0.09491525423728814
1 0.7232142857142857 0.9169491525423729 0.0586734693877551 0.0576271186440678
1 0.4336734693877551 0.871186440677966 0.05612244897959183 0.04745762711864407
1 0.4387755102040816 0.7322033898305085 0.05612244897959183 0.06779661016949153
1 0.3239795918367347 0.6932203389830508 0.20918367346938774 0.13898305084745763
3 0.12499999999999999 0.8559322033898304 0.0510204081632653 0.04406779661016949
3 0.1798469387755102 0.7661016949152543 0.012755102040816325 0.04745762711864407
3 0.34311224489795916 0.6338983050847458 0.017857142857142856 0.04745762711864407
3 0.5127551020408163 0.5033898305084745 0.02040816326530612 0.03728813559322034
3 0.6964285714285714 0.45084745762711864 0.02551020408163265 0.07457627118644068
3 0.635204081632653 0.3 0.1173469387755102 0.11864406779661017
3 0.46428571428571425 0.24745762711864405 0.08673469387755102 0.07457627118644068
3 0.35331632653061223 0.3016949152542373 0.08418367346938775 0.04745762711864407
3 0.24362244897959182 0.33220338983050846 0.07908163265306122 0.04745762711864407
3 0.2589285714285714 0.37457627118644066 0.05357142857142857 0.030508474576271184
3 0.6823979591836734 0.14915254237288136 0.017857142857142856 0.05423728813559322
3 0.18239795918367346 0.08983050847457627 0.18112244897959182 0.17966101694915254
3 0.04846938775510204 0.03389830508474576 0.030612244897959183 0.02711864406779661
3 0.8265306122448979 0.8847457627118643 0.02040816326530612 0.02711864406779661
3 0.760204081632653 0.8338983050847457 0.04591836734693877 0.04745762711864407
3 0.8150510204081632 0.7728813559322034 0.022959183673469385 0.02711864406779661
3 0.8010204081632653 0.835593220338983 0.015306122448979591 0.023728813559322035
3 0.7997448979591836 0.8542372881355932 0.017857142857142856 0.020338983050847456