1 0.8562005277044854 0.10437710437710437 0.17150395778364116 0.08754208754208753
1 0.7453825857519789 0.11447811447811447 0.055408970976253295 0.05387205387205387
1 0.46701846965699206 0.1313131313131313 0.05277044854881266 0.04713804713804714
1 0.46569920844327173 0.25757575757575757 0.055408970976253295 0.06397306397306397
1 0.35356200527704484 0.2828282828282828 0.20052770448548812 0.12794612794612795
3 0.17414248021108178 0.11616161616161616 0.047493403693931395 0.037037037037037035
3 0.22031662269129287 0.2037037037037037 0.013192612137203165 0.043771043771043766
3 0.3680738786279683 0.33838383838383834 0.018469656992084433 0.043771043771043766
3 0.5224274406332453 0.47138047138047134 0.021108179419525065 0.03367003367003367
3 0.6952506596306068 0.5353535353535354 0.023746701846965697 0.06734006734006734
3 0.6279683377308707 0.6683501683501684 0.11081794195250659 0.1111111111111111
3 0.4630606860158311 0.7037037037037037 0.08179419525065963 0.06734006734006734
3 0.3601583113456464 0.6430976430976431 0.08179419525065963 0.0404040404040404
3 0.25857519788918204 0.6043771043771043 0.07915567282321899 0.043771043771043766
3 0.27440633245382584 0.5673400673400674 0.05277044854881266 0.0303030303030303
3 0.6649076517150395 0.8097643097643097 0.0158311345646438 0.050505050505050504
3 0.18733509234828497 0.8215488215488215 0.17414248021108178 0.1616161616161616
3 0.05804749340369393 0.8585858585858586 0.02638522427440633 0.026936026936026935
3 0.8403693931398417 0.1531986531986532 0.018469656992084433 0.02356902356902357
3 0.7757255936675461 0.19360269360269358 0.04221635883905013 0.043771043771043766
3 0.8232189973614775 0.2542087542087542 0.021108179419525065 0.02356902356902357
3 0.8126649076517151 0.19528619528619529 0.0158311345646438 0.0202020202020202
3 0.8126649076517151 0.18013468013468012 0.0158311345646438 0.016835016835016835