1 0.15040650406504066 0.9512195121951219 0.1788617886178862 0.0921409214092141
1 0.2682926829268293 0.9281842818428184 0.05691056910569106 0.056910569105691054
1 0.559959349593496 0.8794037940379403 0.05487804878048781 0.04607046070460705
1 0.5538617886178863 0.7398373983739838 0.05487804878048781 0.06504065040650406
1 0.6697154471544716 0.6991869918699187 0.209349593495935 0.13550135501355012
3 0.8699186991869919 0.8631436314363143 0.04878048780487805 0.04065040650406504
3 0.8150406504065042 0.7723577235772358 0.012195121951219513 0.04336043360433604
3 0.6504065040650407 0.6395663956639567 0.016260162601626018 0.04336043360433604
3 0.4786585365853659 0.5094850948509485 0.01829268292682927 0.03252032520325203
3 0.29369918699187 0.45799457994579945 0.022357723577235776 0.07046070460704607
3 0.35467479674796754 0.3048780487804878 0.11585365853658537 0.11653116531165311
3 0.5264227642276423 0.24932249322493225 0.08536585365853659 0.07046070460704607
3 0.6392276422764228 0.3035230352303523 0.08333333333333334 0.04336043360433604
3 0.7489837398373984 0.3333333333333333 0.07926829268292684 0.04336043360433604
3 0.7347560975609757 0.37669376693766937 0.05081300813008131 0.02710027100271003
3 0.3069105691056911 0.15311653116531165 0.016260162601626018 0.051490514905149054
3 0.809959349593496 0.08807588075880758 0.18089430894308944 0.17615176151761516
3 0.9441056910569107 0.03116531165311653 0.026422764227642278 0.024390243902439025
3 0.16463414634146342 0.8970189701897019 0.016260162601626018 0.02168021680216802
3 0.23069105691056913 0.8455284552845529 0.042682926829268296 0.04336043360433604
3 0.17581300813008133 0.7831978319783198 0.01829268292682927 0.02168021680216802
3 0.19004065040650409 0.8468834688346883 0.014227642276422765 0.018970189701897018
3 0.19207317073170735 0.8644986449864499 0.014227642276422765 0.016260162601626015