1 0.14166666666666666 0.0641025641025641 0.17777777777777778 0.09157509157509157
1 0.2569444444444445 0.08424908424908426 0.058333333333333334 0.05860805860805861
1 0.5458333333333334 0.12454212454212454 0.058333333333333334 0.05128205128205128
1 0.5416666666666667 0.2600732600732601 0.05555555555555556 0.06593406593406594
1 0.6569444444444444 0.2948717948717949 0.20833333333333334 0.13553113553113552
3 0.85 0.13186813186813187 0.05 0.04395604395604395
3 0.7986111111111112 0.2216117216117216 0.01388888888888889 0.047619047619047616
3 0.6375000000000001 0.3553113553113553 0.019444444444444445 0.04395604395604395
3 0.4708333333333333 0.48534798534798534 0.019444444444444445 0.03296703296703297
3 0.2902777777777778 0.5402930402930403 0.025 0.0695970695970696
3 0.3527777777777778 0.6886446886446886 0.11666666666666667 0.11721611721611722
3 0.5208333333333334 0.7380952380952381 0.08611111111111111 0.0695970695970696
3 0.6319444444444444 0.6813186813186813 0.08611111111111111 0.04395604395604395
3 0.7402777777777778 0.6501831501831502 0.08055555555555556 0.047619047619047616
3 0.7236111111111111 0.608058608058608 0.05277777777777778 0.029304029304029304
3 0.30694444444444446 0.836996336996337 0.019444444444444445 0.054945054945054944
3 0.8013888888888889 0.8864468864468864 0.18055555555555555 0.1758241758241758
3 0.9361111111111111 0.9395604395604396 0.02777777777777778 0.02564102564102564
3 0.15694444444444444 0.11721611721611722 0.019444444444444445 0.021978021978021976
3 0.22222222222222224 0.16483516483516483 0.044444444444444446 0.04395604395604395
3 0.16944444444444445 0.2271062271062271 0.022222222222222223 0.021978021978021976
3 0.18333333333333335 0.16483516483516483 0.016666666666666666 0.021978021978021976
3 0.18333333333333335 0.14835164835164835 0.016666666666666666 0.018315018315018316