0 0.12324929971988796 0.38503649635036497 0.056022408963585436 0.08394160583941605
0 0.288515406162465 0.8813868613138686 0.056022408963585436 0.17153284671532845
0 0.5098039215686274 0.322992700729927 0.3697478991596639 0.572992700729927
2 0.6498599439775911 0.44343065693430656 0.06722689075630252 0.11313868613138686
4 0.6484593837535014 0.4397810218978102 0.03081232492997199 0.04744525547445255
2 0.5630252100840336 0.6113138686131386 0.10644257703081232 0.06934306569343066
4 0.5322128851540616 0.614963503649635 0.028011204481792718 0.025547445255474453
4 0.5798319327731093 0.614963503649635 0.028011204481792718 0.025547445255474453
3 0.3319327731092437 0.28832116788321166 0.03081232492997199 0.029197080291970802
3 0.37815126050420167 0.1332116788321168 0.022408963585434174 0.032846715328467155
2 0.9355742296918768 0.7025547445255474 0.06162464985994398 0.17883211678832117
4 0.9159663865546218 0.6386861313868613 0.011204481792717087 0.0364963503649635