0 0.8520782396088019 0.6090342679127726 0.18337408312958436 0.4953271028037383
0 0.22127139364303178 0.7616822429906542 0.08557457212713937 0.13395638629283488
0 0.14547677261613692 0.8333333333333333 0.03667481662591687 0.12149532710280374
0 0.23838630806845965 0.8862928348909657 0.04645476772616137 0.06542056074766354
0 0.3643031784841076 0.7850467289719626 0.07823960880195599 0.11838006230529595
0 0.4352078239608802 0.6386292834890965 0.0488997555012225 0.12461059190031153
0 0.402200488997555 0.5809968847352025 0.03667481662591687 0.08411214953271028
0 0.3117359413202934 0.22897196261682243 0.08068459657701711 0.17133956386292834
0 0.16136919315403422 0.14641744548286603 0.13202933985330073 0.1308411214953271
3 0.421760391198044 0.11993769470404984 0.03667481662591687 0.07165109034267912
3 0.4339853300733496 0.2383177570093458 0.02689486552567237 0.059190031152647975
3 0.43643031784841074 0.32398753894080995 0.05134474327628362 0.04361370716510903
3 0.3056234718826406 0.09190031152647975 0.034229828850855744 0.040498442367601244
3 0.1821515892420538 0.2881619937694704 0.03178484107579462 0.059190031152647975
3 0.43643031784841074 0.5514018691588785 0.017114914425427872 0.04361370716510903
3 0.4559902200488998 0.7523364485981309 0.022004889975550123 0.03426791277258567
3 0.3801955990220049 0.721183800623053 0.017114914425427872 0.03426791277258567
3 0.2530562347188264 0.6074766355140186 0.03178484107579462 0.024922118380062305
3 0.24449877750611246 0.5482866043613707 0.029339853300733496 0.018691588785046728
3 0.9009779951100244 0.38161993769470404 0.03667481662591687 0.07165109034267912
3 0.2921760391198044 0.8909657320872274 0.05134474327628362 0.06230529595015576
3 0.2995110024449878 0.9501557632398754 0.03667481662591687 0.04361370716510903