0 0.14927184466019416 0.3146417445482866 0.18203883495145629 0.5046728971962616
0 0.7961165048543689 0.2866043613707165 0.08737864077669902 0.13707165109034267
0 0.8810679611650485 0.22741433021806853 0.03398058252427184 0.12461059190031153
0 0.7949029126213591 0.1557632398753894 0.046116504854368925 0.06853582554517133
0 0.6577669902912621 0.2336448598130841 0.07766990291262135 0.11838006230529595
0 0.5691747572815533 0.367601246105919 0.050970873786407765 0.12461059190031153
0 0.5946601941747572 0.43146417445482865 0.03398058252427184 0.08411214953271028
0 0.6432038834951456 0.8037383177570093 0.08252427184466019 0.17445482866043613
0 0.7827669902912621 0.9158878504672897 0.13349514563106796 0.1308411214953271
3 0.5194174757281553 0.8894080996884735 0.03398058252427184 0.07165109034267912
3 0.5218446601941747 0.7694704049844237 0.02427184466019417 0.06230529595015576
3 0.529126213592233 0.6822429906542056 0.05339805825242718 0.04361370716510903
3 0.6322815533980582 0.9423676012461059 0.03155339805825243 0.040498442367601244
3 0.7779126213592232 0.7694704049844237 0.03155339805825243 0.06230529595015576
3 0.5570388349514562 0.45482866043613707 0.01699029126213592 0.04361370716510903
3 0.5606796116504854 0.2507788161993769 0.02427184466019417 0.03426791277258567
3 0.6334951456310679 0.29439252336448596 0.019417475728155338 0.03426791277258567
3 0.7463592233009708 0.43613707165109034 0.03155339805825243 0.024922118380062305
3 0.7475728155339805 0.4953271028037383 0.029126213592233007 0.018691588785046728
3 0.07402912621359223 0.5342679127725857 0.03640776699029126 0.07165109034267912
3 0.7402912621359222 0.14330218068535824 0.05339805825242718 0.06230529595015576
3 0.7402912621359222 0.08099688473520249 0.038834951456310676 0.04361370716510903