0 0.12398373983739838 0.3333333333333333 0.1910569105691057 0.5474254742547425
0 0.8008130081300814 0.24119241192411925 0.0894308943089431 0.14634146341463414
0 0.8851626016260163 0.16937669376693767 0.034552845528455285 0.13279132791327913
0 0.7906504065040652 0.1002710027100271 0.04471544715447155 0.07046070460704607
0 0.6514227642276423 0.19647696476964768 0.07926829268292684 0.12737127371273713
0 0.5660569105691058 0.3509485094850949 0.05081300813008131 0.13279132791327913
0 0.5965447154471545 0.4186991869918699 0.034552845528455285 0.08943089430894309
0 0.6676829268292683 0.8170731707317073 0.08333333333333334 0.18699186991869918
0 0.8201219512195123 0.926829268292683 0.1361788617886179 0.14092140921409213
3 0.54369918699187 0.924119241192412 0.034552845528455285 0.07588075880758807
3 0.5386178861788619 0.7926829268292683 0.024390243902439025 0.06233062330623306
3 0.5426829268292683 0.6978319783197832 0.052845528455284556 0.04607046070460705
3 0.6646341463414634 0.9701897018970189 0.032520325203252036 0.04336043360433604
3 0.8079268292682927 0.7682926829268293 0.030487804878048783 0.06233062330623306
3 0.5589430894308943 0.44715447154471544 0.016260162601626018 0.04336043360433604
3 0.551829268292683 0.22357723577235772 0.022357723577235776 0.03523035230352303
3 0.6300813008130082 0.26558265582655827 0.016260162601626018 0.03252032520325203
3 0.7550813008130082 0.4078590785907859 0.030487804878048783 0.024390243902439025
3 0.7601626016260163 0.47289972899729 0.02845528455284553 0.018970189701897018
3 0.05691056910569106 0.5799457994579946 0.03658536585365854 0.07588075880758807
3 0.733739837398374 0.08943089430894309 0.052845528455284556 0.06504065040650406
3 0.7296747967479675 0.023035230352303523 0.03658536585365854 0.04607046070460705