0 0.8719512195121952 0.6612466124661247 0.1910569105691057 0.5474254742547425
0 0.1951219512195122 0.7533875338753387 0.0894308943089431 0.14634146341463414
0 0.11077235772357724 0.8252032520325203 0.034552845528455285 0.13279132791327913
0 0.2052845528455285 0.8943089430894309 0.04471544715447155 0.07046070460704607
0 0.34451219512195125 0.7981029810298103 0.07926829268292684 0.12737127371273713
0 0.42987804878048785 0.6436314363143631 0.05081300813008131 0.13279132791327913
0 0.39939024390243905 0.575880758807588 0.034552845528455285 0.08943089430894309
0 0.32825203252032525 0.17750677506775067 0.08333333333333334 0.18699186991869918
0 0.17581300813008133 0.06775067750677506 0.1361788617886179 0.14092140921409213
3 0.4522357723577236 0.07046070460704607 0.034552845528455285 0.07588075880758807
3 0.4573170731707318 0.2018970189701897 0.024390243902439025 0.06233062330623306
3 0.45325203252032525 0.2967479674796748 0.052845528455284556 0.04607046070460705
3 0.33130081300813014 0.024390243902439025 0.032520325203252036 0.04336043360433604
3 0.18800813008130082 0.22628726287262874 0.030487804878048783 0.06233062330623306
3 0.43699186991869926 0.5474254742547425 0.016260162601626018 0.04336043360433604
3 0.4441056910569106 0.7710027100271003 0.022357723577235776 0.03523035230352303
3 0.3658536585365854 0.7289972899728997 0.016260162601626018 0.03252032520325203
3 0.24085365853658539 0.5867208672086721 0.030487804878048783 0.024390243902439025
3 0.23577235772357727 0.521680216802168 0.02845528455284553 0.018970189701897018
3 0.9390243902439025 0.4146341463414634 0.03658536585365854 0.07588075880758807
3 0.2621951219512195 0.9051490514905149 0.052845528455284556 0.06504065040650406
3 0.26626016260162605 0.9715447154471545 0.03658536585365854 0.04607046070460705