0 0.8539944903581267 0.3786764705882353 0.05509641873278237 0.08823529411764705
0 0.7024793388429752 0.90625 0.05509641873278237 0.1801470588235294
0 0.4573002754820937 0.3327205882352941 0.38016528925619836 0.5992647058823529
2 0.3181818181818182 0.4650735294117647 0.06887052341597796 0.11397058823529412
4 0.3209366391184573 0.4632352941176471 0.030303030303030304 0.051470588235294115
2 0.4118457300275482 0.6360294117647058 0.10743801652892562 0.07352941176470588
4 0.4435261707988981 0.6397058823529411 0.027548209366391185 0.029411764705882353
4 0.3953168044077135 0.6415441176470588 0.024793388429752067 0.025735294117647058
3 0.637741046831956 0.28860294117647056 0.030303030303030304 0.03308823529411765
3 0.5867768595041323 0.12683823529411764 0.02203856749311295 0.03308823529411765
2 0.03305785123966942 0.7518382352941176 0.06611570247933884 0.1875
4 0.05234159779614325 0.6856617647058824 0.011019283746556474 0.04044117647058824