0 0.14126016260162602 0.3807588075880759 0.05487804878048781 0.08401084010840108
0 0.29471544715447157 0.9092140921409214 0.052845528455284556 0.17615176151761516
0 0.5386178861788619 0.3346883468834688 0.37804878048780494 0.5989159891598916
2 0.6788617886178863 0.46612466124661245 0.06504065040650407 0.11382113821138211
4 0.676829268292683 0.4634146341463415 0.02845528455284553 0.04878048780487805
2 0.5853658536585367 0.6382113821138211 0.10569105691056911 0.06775067750677506
4 0.5528455284552846 0.6409214092140921 0.024390243902439025 0.024390243902439025
4 0.6016260162601627 0.6436314363143631 0.024390243902439025 0.024390243902439025
3 0.3577235772357724 0.2899728997289973 0.02845528455284553 0.02710027100271003
3 0.4085365853658537 0.12872628726287264 0.020325203252032523 0.02981029810298103
2 0.9644308943089432 0.7533875338753387 0.06300813008130082 0.1842818428184282
4 0.946138211382114 0.6869918699186992 0.010162601626016262 0.03523035230352303