0 0.8316953316953317 0.6329113924050633 0.05651105651105651 0.08227848101265822
0 0.7113022113022113 0.1360759493670886 0.051597051597051594 0.16455696202531644
0 0.4533169533169533 0.6424050632911392 0.36117936117936117 0.550632911392405
2 0.32555282555282555 0.5094936708860759 0.06633906633906633 0.10759493670886076
4 0.32678132678132676 0.5142405063291139 0.029484029484029485 0.04746835443037974
2 0.4226044226044226 0.36075949367088606 0.10319410319410319 0.06329113924050633
4 0.4533169533169533 0.36075949367088606 0.027027027027027025 0.02531645569620253
4 0.40786240786240785 0.35443037974683544 0.02457002457002457 0.02531645569620253
3 0.6216216216216216 0.6977848101265822 0.029484029484029485 0.028481012658227847
3 0.5663390663390663 0.8417721518987341 0.022113022113022112 0.03164556962025317
2 0.06756756756756757 0.2231012658227848 0.06142506142506143 0.1740506329113924
4 0.08230958230958231 0.2863924050632911 0.012285012285012284 0.03481012658227848