0 0.12703252032520326 0.6246612466124661 0.05487804878048781 0.08401084010840108
0 0.2804878048780488 0.09620596205962059 0.052845528455284556 0.17615176151761516
0 0.524390243902439 0.6707317073170732 0.37804878048780494 0.5989159891598916
2 0.6646341463414634 0.5392953929539296 0.06504065040650407 0.11382113821138211
4 0.6626016260162603 0.5420054200542005 0.02845528455284553 0.04878048780487805
2 0.5711382113821138 0.36720867208672087 0.10569105691056911 0.06775067750677506
4 0.5386178861788619 0.36449864498644985 0.024390243902439025 0.024390243902439025
4 0.58739837398374 0.3617886178861789 0.024390243902439025 0.024390243902439025
3 0.3434959349593496 0.7154471544715447 0.02845528455284553 0.02710027100271003
3 0.39430894308943093 0.8766937669376694 0.020325203252032523 0.02981029810298103
2 0.9502032520325204 0.25203252032520324 0.06300813008130082 0.1842818428184282
4 0.9319105691056911 0.31842818428184283 0.010162601626016262 0.03523035230352303