0 0.8597560975609757 0.33062330623306235 0.1910569105691057 0.5474254742547425
0 0.1829268292682927 0.23848238482384823 0.0894308943089431 0.14634146341463414
0 0.09857723577235773 0.16666666666666666 0.034552845528455285 0.13279132791327913
0 0.19308943089430897 0.0975609756097561 0.04471544715447155 0.07046070460704607
0 0.3323170731707317 0.1937669376693767 0.07926829268292684 0.12737127371273713
0 0.41768292682926833 0.34823848238482386 0.05081300813008131 0.13279132791327913
0 0.3871951219512196 0.4159891598915989 0.034552845528455285 0.08943089430894309
0 0.31605691056910573 0.8143631436314364 0.08333333333333334 0.18699186991869918
0 0.1636178861788618 0.924119241192412 0.1361788617886179 0.14092140921409213
3 0.4400406504065041 0.9214092140921409 0.034552845528455285 0.07588075880758807
3 0.44512195121951226 0.7899728997289973 0.024390243902439025 0.06233062330623306
3 0.44105691056910573 0.6951219512195121 0.052845528455284556 0.04607046070460705
3 0.3191056910569106 0.967479674796748 0.032520325203252036 0.04336043360433604
3 0.17581300813008133 0.7655826558265583 0.030487804878048783 0.06233062330623306
3 0.42479674796747974 0.4444444444444444 0.016260162601626018 0.04336043360433604
3 0.4319105691056911 0.22086720867208673 0.022357723577235776 0.03523035230352303
3 0.3536585365853659 0.26287262872628725 0.016260162601626018 0.03252032520325203
3 0.2286585365853659 0.4051490514905149 0.030487804878048783 0.024390243902439025
3 0.22357723577235775 0.470189701897019 0.02845528455284553 0.018970189701897018
3 0.926829268292683 0.5772357723577236 0.03658536585365854 0.07588075880758807
3 0.25 0.08672086720867209 0.052845528455284556 0.06504065040650406
3 0.2540650406504065 0.02032520325203252 0.03658536585365854 0.04607046070460705