0 0.15336658354114713 0.6980830670926518 0.18204488778054861 0.5015974440894568
0 0.7992518703241895 0.7236421725239617 0.08728179551122195 0.13738019169329074
0 0.8840399002493765 0.7811501597444089 0.03740648379052369 0.12460063897763578
0 0.7980049875311721 0.853035143769968 0.04488778054862843 0.07028753993610223
0 0.6608478802992519 0.7779552715654952 0.0798004987531172 0.1182108626198083
0 0.5723192019950124 0.6437699680511182 0.05236907730673317 0.12460063897763578
0 0.5972568578553615 0.5798722044728434 0.03740648379052369 0.08626198083067092
0 0.6446384039900249 0.2108626198083067 0.08229426433915212 0.17252396166134185
0 0.78428927680798 0.097444089456869 0.13216957605985036 0.13099041533546324
3 0.5211970074812967 0.1230031948881789 0.034912718204488775 0.07348242811501597
3 0.5236907730673317 0.24440894568690094 0.02493765586034913 0.06070287539936102
3 0.5324189526184538 0.329073482428115 0.05236907730673317 0.04472843450479233
3 0.6334164588528678 0.0718849840255591 0.034912718204488775 0.04153354632587859
3 0.7805486284289277 0.24121405750798722 0.029925187032418952 0.06070287539936102
3 0.5598503740648378 0.5575079872204473 0.017456359102244388 0.04153354632587859
3 0.5648379052369077 0.7619808306709265 0.022443890274314215 0.03514376996805112
3 0.6371571072319202 0.7156549520766773 0.017456359102244388 0.03194888178913738
3 0.7481296758104738 0.5750798722044728 0.029925187032418952 0.025559105431309903
3 0.7506234413965087 0.5159744408945687 0.029925187032418952 0.022364217252396165
3 0.0773067331670823 0.4792332268370607 0.034912718204488775 0.07028753993610223
3 0.7443890274314214 0.8674121405750799 0.05236907730673317 0.06070287539936102
3 0.7443890274314214 0.9297124600638977 0.03740648379052369 0.04472843450479233