0 0.11357340720221606 0.36 0.055401662049861494 0.08727272727272728
0 0.25346260387811637 0.8763636363636363 0.05263157894736842 0.17454545454545456
0 0.5041551246537396 0.33090909090909093 0.37119113573407203 0.5818181818181818
2 0.6398891966759003 0.4618181818181818 0.0664819944598338 0.11636363636363636
4 0.6357340720221607 0.4581818181818182 0.030470914127423823 0.05090909090909091
2 0.5429362880886427 0.6236363636363637 0.10526315789473684 0.06909090909090909
4 0.5124653739612188 0.6254545454545455 0.027700831024930747 0.02909090909090909
4 0.5595567867036011 0.6309090909090909 0.027700831024930747 0.025454545454545455
3 0.32825484764542934 0.28 0.030470914127423823 0.02909090909090909
3 0.3808864265927978 0.12545454545454546 0.024930747922437674 0.03272727272727273
2 0.9127423822714682 0.7490909090909091 0.06371191135734072 0.18181818181818182
4 0.8961218836565097 0.6836363636363636 0.013850415512465374 0.03636363636363636