0 0.810126582278481 0.1 0.13670886075949368 0.17419354838709677
0 0.7962025316455696 0.4790322580645161 0.053164556962025315 0.2161290322580645
0 0.7000000000000001 0.7951612903225806 0.08860759493670886 0.22258064516129034
0 0.4379746835443038 0.6725806451612903 0.10126582278481013 0.17096774193548386
0 0.5924050632911393 0.8370967741935483 0.04050632911392405 0.054838709677419356
3 0.22025316455696203 0.9612903225806452 0.10126582278481013 0.03225806451612903
3 0.11265822784810127 0.9758064516129032 0.03291139240506329 0.02903225806451613
3 0.540506329113924 0.646774193548387 0.0379746835443038 0.035483870967741936
3 0.49620253164556966 0.7661290322580645 0.02531645569620253 0.041935483870967745
3 0.5620253164556962 0.4645161290322581 0.01518987341772152 0.06451612903225806
3 0.2848101265822785 0.535483870967742 0.027848101265822784 0.07096774193548387