0 0.08028455284552846 0.46476964769647694 0.06707317073170732 0.08401084010840108
0 0.2754065040650407 0.10298102981029811 0.09552845528455285 0.17344173441734417
0 0.8272357723577237 0.4173441734417344 0.3373983739837399 0.4932249322493225
0 0.026422764227642278 0.6016260162601627 0.032520325203252036 0.0975609756097561
0 0.032520325203252036 0.8888888888888888 0.04471544715447155 0.07588075880758807
0 0.1128048780487805 0.6124661246612466 0.11991869918699188 0.21138211382113822
3 0.5995934959349594 0.3888888888888889 0.04878048780487805 0.44173441734417346
3 0.8871951219512196 0.44715447154471544 0.022357723577235776 0.037940379403794036
3 0.8414634146341464 0.6422764227642277 0.024390243902439025 0.04878048780487805
3 0.7865853658536586 0.7560975609756098 0.0975609756097561 0.1951219512195122
3 0.717479674796748 0.8685636856368564 0.024390243902439025 0.04065040650406504
3 0.717479674796748 0.907859078590786 0.016260162601626018 0.03252032520325203