0 0.08231707317073171 0.44850948509485095 0.06707317073170732 0.08401084010840108
0 0.2774390243902439 0.08672086720867209 0.09552845528455285 0.17344173441734417
0 0.8292682926829269 0.4010840108401084 0.3373983739837399 0.4932249322493225
0 0.02845528455284553 0.5853658536585366 0.032520325203252036 0.0975609756097561
0 0.034552845528455285 0.8726287262872628 0.04471544715447155 0.07588075880758807
0 0.11483739837398375 0.5962059620596206 0.11991869918699188 0.21138211382113822
3 0.6016260162601627 0.37262872628726285 0.04878048780487805 0.44173441734417346
3 0.8892276422764228 0.43089430894308944 0.022357723577235776 0.037940379403794036
3 0.8434959349593497 0.6260162601626016 0.024390243902439025 0.04878048780487805
3 0.7886178861788619 0.7398373983739838 0.0975609756097561 0.1951219512195122
3 0.7195121951219513 0.8523035230352304 0.024390243902439025 0.04065040650406504
3 0.7195121951219513 0.8915989159891599 0.016260162601626018 0.03252032520325203