0 0.16463414634146342 0.0921409214092141 0.14227642276422767 0.1897018970189702
0 0.20426829268292684 0.510840108401084 0.05487804878048781 0.23577235772357724
0 0.32825203252032525 0.8482384823848238 0.09146341463414635 0.24390243902439024
0 0.5955284552845529 0.6829268292682927 0.10569105691056911 0.1897018970189702
0 0.4441056910569106 0.8821138211382114 0.03861788617886179 0.056910569105691054
3 0.8445121951219513 0.978319783197832 0.10365853658536586 0.03252032520325203
3 0.9593495934959351 0.9796747967479674 0.032520325203252036 0.02981029810298103
3 0.4857723577235773 0.6653116531165312 0.03658536585365854 0.03523035230352303
3 0.5406504065040652 0.7913279132791328 0.024390243902439025 0.04336043360433604
3 0.4502032520325204 0.46747967479674796 0.014227642276422765 0.06775067750677506
3 0.7479674796747968 0.513550135501355 0.02845528455284553 0.07317073170731707