0 0.8170731707317074 0.0948509485094851 0.14227642276422767 0.1897018970189702
0 0.777439024390244 0.513550135501355 0.05487804878048781 0.23577235772357724
0 0.6534552845528456 0.8509485094850948 0.09146341463414635 0.24390243902439024
0 0.38617886178861793 0.6856368563685636 0.10569105691056911 0.1897018970189702
0 0.5376016260162603 0.8848238482384824 0.03861788617886179 0.056910569105691054
3 0.13719512195121952 0.981029810298103 0.10365853658536586 0.03252032520325203
3 0.022357723577235776 0.9823848238482384 0.032520325203252036 0.02981029810298103
3 0.49593495934959353 0.6680216802168022 0.03658536585365854 0.03523035230352303
3 0.44105691056910573 0.7940379403794038 0.024390243902439025 0.04336043360433604
3 0.5315040650406505 0.470189701897019 0.014227642276422765 0.06775067750677506
3 0.233739837398374 0.516260162601626 0.02845528455284553 0.07317073170731707