0 0.1763157894736842 0.16498316498316498 0.1368421052631579 0.17508417508417506
0 0.23684210526315788 0.5387205387205387 0.05263157894736842 0.21548821548821548
0 0.37236842105263157 0.8316498316498316 0.08684210526315789 0.2222222222222222
0 0.6144736842105263 0.6565656565656566 0.10263157894736842 0.17508417508417506
0 0.48289473684210527 0.8501683501683501 0.039473684210526314 0.057239057239057235
3 0.8657894736842106 0.898989898989899 0.09999999999999999 0.03367003367003367
3 0.9736842105263158 0.8872053872053872 0.031578947368421054 0.0303030303030303
3 0.5105263157894737 0.6498316498316498 0.03684210526315789 0.03367003367003367
3 0.5684210526315789 0.7592592592592592 0.02631578947368421 0.043771043771043766
3 0.46578947368421053 0.4764309764309764 0.015789473684210527 0.06397306397306397
3 0.7486842105263157 0.4882154882154882 0.02894736842105263 0.06734006734006734