0 0.817283950617284 0.15664556962025317 0.1382716049382716 0.1740506329113924
0 0.7580246913580246 0.5348101265822784 0.05432098765432099 0.21518987341772153
0 0.6222222222222222 0.8306962025316456 0.08888888888888889 0.22468354430379747
0 0.3790123456790123 0.6566455696202531 0.10123456790123457 0.1740506329113924
0 0.5111111111111111 0.8512658227848101 0.03950617283950617 0.056962025316455694
3 0.1271604938271605 0.9050632911392404 0.10123456790123457 0.03164556962025317
3 0.018518518518518517 0.8955696202531646 0.03209876543209877 0.03164556962025317
3 0.48271604938271606 0.6503164556962026 0.037037037037037035 0.03481012658227848
3 0.4246913580246913 0.7610759493670886 0.024691358024691357 0.04113924050632911
3 0.5271604938271605 0.4731012658227848 0.01728395061728395 0.06645569620253164
3 0.2419753086419753 0.49050632911392406 0.02962962962962963 0.06962025316455696