0 0.10294117647058823 0.49489795918367346 0.06684491978609625 0.0782312925170068
0 0.2660427807486631 0.14965986394557823 0.09358288770053476 0.1564625850340136
0 0.8021390374331551 0.3758503401360544 0.32085561497326204 0.445578231292517
0 0.06149732620320855 0.6207482993197279 0.0320855614973262 0.09183673469387754
0 0.08422459893048127 0.879251700680272 0.04545454545454545 0.07142857142857142
0 0.14304812834224598 0.6224489795918368 0.11497326203208555 0.19047619047619047
3 0.5882352941176471 0.3724489795918367 0.0481283422459893 0.3979591836734694
3 0.8609625668449198 0.39625850340136054 0.0213903743315508 0.03741496598639456
3 0.8302139037433155 0.5748299319727891 0.02406417112299465 0.047619047619047616
3 0.78475935828877 0.6836734693877551 0.09358288770053476 0.17687074829931973
3 0.7272727272727272 0.7925170068027211 0.026737967914438502 0.04081632653061224
3 0.7286096256684491 0.8265306122448979 0.01871657754010695 0.03401360544217687