0 0.19672131147540983 0.8960573476702509 0.14207650273224043 0.1863799283154122
0 0.22540983606557377 0.4910394265232975 0.05737704918032787 0.22939068100358423
0 0.33879781420765026 0.16308243727598568 0.09289617486338798 0.24014336917562723
0 0.6024590163934426 0.3118279569892473 0.10655737704918032 0.1863799283154122
0 0.45081967213114754 0.12544802867383512 0.03825136612021858 0.05734767025089606
3 0.8387978142076503 0.017921146953405017 0.10382513661202186 0.035842293906810034
3 0.9508196721311475 0.012544802867383513 0.03278688524590164 0.03225806451612903
3 0.4972677595628415 0.3333333333333333 0.03825136612021858 0.035842293906810034
3 0.546448087431694 0.20967741935483872 0.0273224043715847 0.04659498207885305
3 0.46584699453551914 0.525089605734767 0.01912568306010929 0.06810035842293907
3 0.755464480874317 0.46774193548387094 0.030054644808743168 0.07526881720430108