0 0.08597883597883597 0.4879725085910653 0.06613756613756613 0.08247422680412371
0 0.26190476190476186 0.13573883161512026 0.09523809523809523 0.1683848797250859
0 0.8068783068783069 0.3986254295532646 0.328042328042328 0.46735395189003437
0 0.03835978835978836 0.6185567010309279 0.03439153439153439 0.09621993127147765
0 0.05423280423280423 0.8900343642611683 0.04497354497354497 0.07560137457044673
0 0.12301587301587301 0.6237113402061856 0.11904761904761904 0.2027491408934708
3 0.5859788359788359 0.3848797250859106 0.05026455026455026 0.41924398625429554
3 0.865079365079365 0.42439862542955326 0.026455026455026454 0.037800687285223365
3 0.828042328042328 0.6116838487972508 0.026455026455026454 0.04810996563573883
3 0.7777777777777777 0.7216494845360825 0.09523809523809523 0.18556701030927836
3 0.7142857142857142 0.831615120274914 0.026455026455026454 0.041237113402061855
3 0.7156084656084656 0.8694158075601375 0.018518518518518517 0.03436426116838488