0 0.9036939313984168 0.5224137931034483 0.06596306068601583 0.08620689655172414
0 0.7229551451187335 0.8775862068965518 0.09498680738786279 0.16896551724137931
0 0.17810026385224273 0.6 0.32981530343007914 0.47586206896551725
0 0.9538258575197889 0.3896551724137931 0.03430079155672823 0.09655172413793103
0 0.9393139841688654 0.11724137931034483 0.047493403693931395 0.07586206896551724
0 0.8693931398416886 0.38275862068965516 0.11873350923482849 0.20689655172413793
3 0.3997361477572559 0.6189655172413793 0.05013192612137203 0.4241379310344828
3 0.11873350923482849 0.5741379310344827 0.02638522427440633 0.03793103448275862
3 0.15831134564643798 0.38620689655172413 0.02638522427440633 0.04827586206896552
3 0.20976253298153033 0.27413793103448275 0.09762532981530343 0.1896551724137931
3 0.27440633245382584 0.16551724137931034 0.02638522427440633 0.041379310344827586
3 0.2730870712401055 0.12758620689655173 0.018469656992084433 0.034482758620689655