0 0.25914634146341464 0.6869918699186992 0.06707317073170732 0.13821138211382114
0 0.18495934959349594 0.7154471544715447 0.05691056910569106 0.10298102981029811
0 0.11991869918699188 0.6490514905149052 0.06910569105691057 0.07317073170731707
0 0.8709349593495936 0.37262872628726285 0.09959349593495936 0.17615176151761516
0 0.6656504065040652 0.41192411924119243 0.11178861788617887 0.11924119241192412
0 0.7520325203252033 0.5365853658536586 0.1788617886178862 0.24932249322493225
0 0.7804878048780488 0.8197831978319783 0.21138211382113822 0.2845528455284553
0 0.6534552845528456 0.7371273712737128 0.06707317073170732 0.05962059620596206
3 0.7876016260162603 0.6693766937669376 0.08333333333333334 0.04878048780487805
3 0.29268292682926833 0.7615176151761518 0.06097560975609757 0.10298102981029811
3 0.633130081300813 0.5813008130081301 0.05487804878048781 0.1002710027100271
3 0.8871951219512196 0.4959349593495935 0.06300813008130082 0.04336043360433604
3 0.9664634146341464 0.47560975609756095 0.03861788617886179 0.06233062330623306