2 0.11224489795918366 0.15932203389830507 0.1683673469387755 0.311864406779661
2 0.3329081632653061 0.45932203389830506 0.47704081632653056 0.7016949152542372
2 0.04846938775510204 0.6932203389830508 0.09183673469387754 0.3016949152542373
4 0.057397959183673464 0.6559322033898305 0.05357142857142857 0.0983050847457627
4 0.1135204081632653 0.12033898305084745 0.017857142857142856 0.023728813559322035
4 0.5089285714285714 0.3169491525423729 0.022959183673469385 0.01694915254237288
4 0.3954081632653061 0.3169491525423729 0.015306122448979591 0.023728813559322035
4 0.21045918367346936 0.5016949152542373 0.022959183673469385 0.02711864406779661
4 0.33035714285714285 0.44745762711864406 0.022959183673469385 0.02711864406779661
4 0.3596938775510204 0.4779661016949152 0.015306122448979591 0.020338983050847456
4 0.33035714285714285 0.5152542372881356 0.038265306122448974 0.04745762711864407
4 0.33928571428571425 0.42033898305084744 0.015306122448979591 0.02711864406779661