0 0.7388211382113822 0.6355013550135501 0.06707317073170732 0.13821138211382114
0 0.8130081300813009 0.6639566395663956 0.05691056910569106 0.10298102981029811
0 0.878048780487805 0.5975609756097561 0.06910569105691057 0.07317073170731707
0 0.12703252032520326 0.32113821138211385 0.09959349593495936 0.17615176151761516
0 0.3323170731707317 0.3604336043360434 0.11178861788617887 0.11924119241192412
0 0.24593495934959353 0.48509485094850946 0.1788617886178862 0.24932249322493225
0 0.21747967479674798 0.7682926829268293 0.21138211382113822 0.2845528455284553
0 0.34451219512195125 0.6856368563685636 0.06707317073170732 0.05962059620596206
3 0.2103658536585366 0.6178861788617886 0.08333333333333334 0.04878048780487805
3 0.7052845528455285 0.7100271002710027 0.06097560975609757 0.10298102981029811
3 0.36483739837398377 0.5298102981029811 0.05487804878048781 0.1002710027100271
3 0.11077235772357724 0.4444444444444444 0.06300813008130082 0.04336043360433604
3 0.03150406504065041 0.4241192411924119 0.03861788617886179 0.06233062330623306