0 0.23657289002557547 0.08892617449664429 0.3861892583120205 0.1442953020134228
0 0.19437340153452687 0.8708053691275167 0.3222506393861893 0.22483221476510068
0 0.5754475703324808 0.8875838926174496 0.3171355498721228 0.16442953020134227
0 0.8887468030690537 0.6526845637583892 0.12020460358056267 0.17114093959731544
0 0.8759590792838875 0.535234899328859 0.0690537084398977 0.06375838926174497
0 0.7250639386189259 0.4714765100671141 0.1969309462915601 0.4597315436241611
0 0.8606138107416881 0.313758389261745 0.0843989769820972 0.17114093959731544
3 0.8120204603580563 0.46140939597315433 0.02813299232736573 0.0436241610738255
3 0.5984654731457801 0.3473154362416107 0.04092071611253197 0.0436241610738255
3 0.5959079283887468 0.4060402684563758 0.025575447570332484 0.026845637583892617
3 0.17774936061381075 0.4983221476510067 0.04347826086956522 0.050335570469798654
3 0.5140664961636829 0.3070469798657718 0.05115089514066497 0.03691275167785235
0 0.4028132992327366 0.5251677852348993 0.42710997442455245 0.6140939597315436