2 0.8419753086419753 0.17767295597484278 0.1580246913580247 0.279874213836478
2 0.6530864197530865 0.4748427672955975 0.45185185185185184 0.6352201257861636
2 0.937037037037037 0.6540880503144655 0.08641975308641975 0.27672955974842767
4 0.9271604938271605 0.6210691823899371 0.05185185185185185 0.09119496855345913
4 0.8382716049382716 0.1430817610062893 0.01728395061728395 0.022012578616352203
4 0.4765432098765432 0.3647798742138365 0.019753086419753086 0.01886792452830189
4 0.5851851851851851 0.35220125786163525 0.014814814814814815 0.025157232704402517
4 0.7716049382716049 0.49842767295597484 0.022222222222222223 0.022012578616352203
4 0.654320987654321 0.46226415094339623 0.019753086419753086 0.025157232704402517
4 0.6296296296296297 0.4937106918238994 0.014814814814814815 0.01886792452830189
4 0.6580246913580247 0.5235849056603774 0.037037037037037035 0.04088050314465409
4 0.6444444444444445 0.44025157232704404 0.014814814814814815 0.025157232704402517