2 0.7906504065040652 0.18699186991869918 0.16666666666666669 0.3089430894308943
2 0.5691056910569107 0.4932249322493225 0.47967479674796754 0.7046070460704607
2 0.8567073170731708 0.7262872628726287 0.09146341463414635 0.3035230352303523
4 0.8475609756097562 0.6883468834688347 0.052845528455284556 0.0975609756097561
4 0.7886178861788619 0.14769647696476965 0.016260162601626018 0.018970189701897018
4 0.3902439024390244 0.34959349593495936 0.020325203252032523 0.016260162601626015
4 0.5060975609756098 0.34959349593495936 0.012195121951219513 0.02168021680216802
4 0.693089430894309 0.5338753387533876 0.020325203252032523 0.02168021680216802
4 0.5711382113821138 0.4796747967479675 0.020325203252032523 0.02168021680216802
4 0.5426829268292683 0.510840108401084 0.012195121951219513 0.018970189701897018
4 0.5711382113821138 0.5474254742547425 0.03658536585365854 0.04336043360433604
4 0.5619918699186992 0.453929539295393 0.014227642276422765 0.024390243902439025