2 0.7520325203252033 0.1897018970189702 0.16666666666666669 0.3089430894308943
2 0.5304878048780488 0.4959349593495935 0.47967479674796754 0.7046070460704607
2 0.8180894308943091 0.7289972899728997 0.09146341463414635 0.3035230352303523
4 0.8089430894308944 0.6910569105691057 0.052845528455284556 0.0975609756097561
4 0.7500000000000001 0.15040650406504066 0.016260162601626018 0.018970189701897018
4 0.35162601626016265 0.3523035230352303 0.020325203252032523 0.016260162601626015
4 0.467479674796748 0.3523035230352303 0.012195121951219513 0.02168021680216802
4 0.6544715447154472 0.5365853658536586 0.020325203252032523 0.02168021680216802
4 0.5325203252032521 0.4823848238482385 0.020325203252032523 0.02168021680216802
4 0.5040650406504066 0.513550135501355 0.012195121951219513 0.018970189701897018
4 0.5325203252032521 0.5501355013550135 0.03658536585365854 0.04336043360433604
4 0.5233739837398375 0.45663956639566394 0.014227642276422765 0.024390243902439025