2 0.7926829268292683 0.8292682926829268 0.16666666666666669 0.3089430894308943
2 0.5711382113821138 0.5230352303523035 0.47967479674796754 0.7046070460704607
2 0.8587398373983741 0.2899728997289973 0.09146341463414635 0.3035230352303523
4 0.8495934959349595 0.32791327913279134 0.052845528455284556 0.0975609756097561
4 0.7906504065040652 0.8685636856368564 0.016260162601626018 0.018970189701897018
4 0.3922764227642277 0.6666666666666666 0.020325203252032523 0.016260162601626015
4 0.508130081300813 0.6666666666666666 0.012195121951219513 0.02168021680216802
4 0.6951219512195123 0.4823848238482385 0.020325203252032523 0.02168021680216802
4 0.5731707317073171 0.5365853658536586 0.020325203252032523 0.02168021680216802
4 0.5447154471544716 0.505420054200542 0.012195121951219513 0.018970189701897018
4 0.5731707317073171 0.46883468834688347 0.03658536585365854 0.04336043360433604
4 0.5640243902439025 0.5623306233062331 0.014227642276422765 0.024390243902439025