0 0.725067385444744 0.7186379928315412 0.07008086253369272 0.13978494623655913
0 0.8005390835579516 0.7455197132616488 0.05929919137466308 0.10752688172043011
0 0.8638814016172507 0.6792114695340502 0.07277628032345014 0.07526881720430108
0 0.11455525606469004 0.40860215053763443 0.09973045822102426 0.17921146953405018
0 0.3194070080862534 0.44623655913978494 0.11590296495956874 0.12544802867383512
0 0.23315363881401618 0.5698924731182796 0.18059299191374664 0.25089605734767023
0 0.20619946091644206 0.8530465949820788 0.2129380053908356 0.2867383512544803
0 0.33153638814016173 0.7706093189964157 0.07008086253369272 0.06451612903225806
3 0.19946091644204852 0.7025089605734767 0.0862533692722372 0.05017921146953405
3 0.6927223719676551 0.7921146953405018 0.0646900269541779 0.10752688172043011
3 0.35175202156334234 0.6146953405017921 0.05660377358490566 0.1039426523297491
3 0.09838274932614556 0.532258064516129 0.06738544474393532 0.04659498207885305
3 0.020215633423180595 0.510752688172043 0.04043126684636119 0.06810035842293907