0 0.26321138211382117 0.07046070460704607 0.3922764227642277 0.14634146341463414
0 0.2022357723577236 0.8794037940379403 0.3272357723577236 0.23035230352303523
0 0.5904471544715448 0.9105691056910569 0.3231707317073171 0.16802168021680217
0 0.9156504065040652 0.6788617886178862 0.11991869918699188 0.17615176151761516
0 0.9054878048780489 0.556910569105691 0.06707317073170732 0.06233062330623306
0 0.7520325203252033 0.483739837398374 0.19918699186991873 0.4742547425474255
0 0.894308943089431 0.3265582655826558 0.08536585365853659 0.17073170731707318
3 0.8404471544715448 0.47831978319783197 0.026422764227642278 0.04065040650406504
3 0.6270325203252033 0.3509485094850949 0.03861788617886179 0.04065040650406504
3 0.6219512195121952 0.41192411924119243 0.024390243902439025 0.02710027100271003
3 0.19410569105691058 0.491869918699187 0.042682926829268296 0.04607046070460705
3 0.5406504065040652 0.3062330623306233 0.04878048780487805 0.037940379403794036
0 0.42174796747967486 0.5284552845528455 0.43292682926829273 0.6341463414634146