0 0.2571138211382114 0.9214092140921409 0.3922764227642277 0.14634146341463414
0 0.19613821138211385 0.11246612466124661 0.3272357723577236 0.23035230352303523
0 0.5843495934959351 0.08130081300813008 0.3231707317073171 0.16802168021680217
0 0.9095528455284554 0.3130081300813008 0.11991869918699188 0.17615176151761516
0 0.8993902439024392 0.4349593495934959 0.06707317073170732 0.06233062330623306
0 0.7459349593495935 0.508130081300813 0.19918699186991873 0.4742547425474255
0 0.8882113821138212 0.6653116531165312 0.08536585365853659 0.17073170731707318
3 0.8343495934959351 0.513550135501355 0.026422764227642278 0.04065040650406504
3 0.6209349593495935 0.6409214092140921 0.03861788617886179 0.04065040650406504
3 0.6158536585365855 0.5799457994579946 0.024390243902439025 0.02710027100271003
3 0.18800813008130082 0.5 0.042682926829268296 0.04607046070460705
3 0.5345528455284554 0.6856368563685636 0.04878048780487805 0.037940379403794036
0 0.4156504065040651 0.4634146341463415 0.43292682926829273 0.6341463414634146