0 0.7388211382113822 0.07046070460704607 0.3922764227642277 0.14634146341463414
0 0.7997967479674798 0.8794037940379403 0.3272357723577236 0.23035230352303523
0 0.41158536585365857 0.9105691056910569 0.3231707317073171 0.16802168021680217
0 0.08638211382113822 0.6788617886178862 0.11991869918699188 0.17615176151761516
0 0.09654471544715448 0.556910569105691 0.06707317073170732 0.06233062330623306
0 0.25 0.483739837398374 0.19918699186991873 0.4742547425474255
0 0.10772357723577237 0.3265582655826558 0.08536585365853659 0.17073170731707318
3 0.16158536585365854 0.47831978319783197 0.026422764227642278 0.04065040650406504
3 0.37500000000000006 0.3509485094850949 0.03861788617886179 0.04065040650406504
3 0.38008130081300817 0.41192411924119243 0.024390243902439025 0.02710027100271003
3 0.8079268292682927 0.491869918699187 0.042682926829268296 0.04607046070460705
3 0.46138211382113825 0.3062330623306233 0.04878048780487805 0.037940379403794036
0 0.5802845528455285 0.5284552845528455 0.43292682926829273 0.6341463414634146