2 0.8601108033240997 0.8079710144927537 0.1634349030470914 0.2971014492753623
2 0.6537396121883656 0.5072463768115942 0.46537396121883656 0.6739130434782609
2 0.9376731301939059 0.29891304347826086 0.09141274238227147 0.29347826086956524
4 0.9293628808864266 0.3351449275362319 0.05263157894736842 0.09782608695652174
4 0.8573407202216067 0.8478260869565217 0.019390581717451522 0.021739130434782608
4 0.47645429362880887 0.6358695652173914 0.0221606648199446 0.018115942028985508
4 0.5886426592797784 0.6394927536231884 0.013850415512465374 0.025362318840579712
4 0.775623268698061 0.4746376811594203 0.0221606648199446 0.021739130434782608
4 0.6551246537396122 0.519927536231884 0.024930747922437674 0.025362318840579712
4 0.628808864265928 0.4891304347826087 0.01662049861495845 0.021739130434782608
4 0.6565096952908587 0.4565217391304348 0.038781163434903045 0.043478260869565216
4 0.6454293628808865 0.5434782608695652 0.01662049861495845 0.028985507246376812