0 0.2701612903225807 0.30313588850174217 0.06720430107526883 0.13240418118466898
0 0.19758064516129034 0.2804878048780488 0.05645161290322581 0.10104529616724739
0 0.13844086021505378 0.34668989547038326 0.06720430107526883 0.07317073170731707
0 0.8696236559139786 0.554006968641115 0.09946236559139786 0.1672473867595819
0 0.6706989247311829 0.5313588850174216 0.11021505376344087 0.11498257839721254
0 0.7486559139784947 0.4094076655052265 0.17473118279569894 0.23344947735191637
0 0.7647849462365592 0.1445993031358885 0.20698924731182797 0.2682926829268293
0 0.6465053763440861 0.22822299651567945 0.06720430107526883 0.059233449477351915
3 0.778225806451613 0.28222996515679444 0.08333333333333334 0.04878048780487805
3 0.29973118279569894 0.23170731707317074 0.06182795698924732 0.10104529616724739
3 0.6330645161290324 0.37630662020905925 0.05645161290322581 0.0975609756097561
3 0.8803763440860216 0.4372822299651568 0.06182795698924732 0.04529616724738676
3 0.9556451612903226 0.45121951219512196 0.040322580645161296 0.059233449477351915