0 0.7247956403269754 0.6859649122807018 0.0653950953678474 0.1298245614035088
0 0.7970027247956403 0.7052631578947368 0.05722070844686648 0.09824561403508772
0 0.8569482288828337 0.6385964912280702 0.06811989100817438 0.07017543859649122
0 0.12806539509536785 0.443859649122807 0.09809264305177111 0.1649122807017544
0 0.3242506811989101 0.4631578947368421 0.10899182561307902 0.11228070175438597
0 0.24795640326975477 0.5859649122807018 0.17438692098092642 0.23157894736842105
0 0.23433242506811988 0.8491228070175438 0.20163487738419617 0.26666666666666666
0 0.3514986376021798 0.7631578947368421 0.0653950953678474 0.05964912280701754
3 0.220708446866485 0.712280701754386 0.08174386920980926 0.04912280701754386
3 0.6975476839237057 0.7578947368421053 0.05994550408719346 0.09824561403508772
3 0.3637602179836512 0.6175438596491228 0.05722070844686648 0.09824561403508772
3 0.11852861035422343 0.5596491228070175 0.06267029972752043 0.0456140350877193
3 0.04087193460490463 0.5456140350877193 0.03814713896457766 0.05964912280701754