0 0.742296918767507 0.5977859778597786 0.06722689075630252 0.14022140221402213
0 0.8151260504201681 0.6236162361623616 0.056022408963585436 0.1033210332103321
0 0.8781512605042017 0.5571955719557196 0.0700280112044818 0.07380073800738007
0 0.13445378151260504 0.3081180811808118 0.10084033613445378 0.17343173431734316
0 0.33753501400560226 0.3413284132841328 0.11484593837535013 0.12177121771217712
0 0.2549019607843137 0.46494464944649444 0.1792717086834734 0.24354243542435425
0 0.23109243697478993 0.7416974169741697 0.21008403361344538 0.28044280442804426
0 0.3543417366946779 0.6568265682656826 0.0700280112044818 0.05904059040590406
3 0.22128851540616246 0.5940959409594095 0.08403361344537816 0.05166051660516605
3 0.7100840336134454 0.6715867158671587 0.06442577030812326 0.1033210332103321
3 0.37254901960784315 0.5055350553505535 0.056022408963585436 0.1033210332103321
3 0.12184873949579832 0.4280442804428044 0.06442577030812326 0.04428044280442804
3 0.04341736694677871 0.4114391143911439 0.04201680672268908 0.06273062730627306