2 0.8821138211382115 0.17615176151761516 0.16666666666666669 0.3089430894308943
2 0.660569105691057 0.4823848238482385 0.47967479674796754 0.7046070460704607
2 0.9481707317073171 0.7154471544715447 0.09146341463414635 0.3035230352303523
4 0.9390243902439025 0.6775067750677507 0.052845528455284556 0.0975609756097561
4 0.8800813008130082 0.13685636856368563 0.016260162601626018 0.018970189701897018
4 0.48170731707317077 0.33875338753387535 0.020325203252032523 0.016260162601626015
4 0.5975609756097562 0.33875338753387535 0.012195121951219513 0.02168021680216802
4 0.7845528455284554 0.5230352303523035 0.020325203252032523 0.02168021680216802
4 0.6626016260162603 0.46883468834688347 0.020325203252032523 0.02168021680216802
4 0.6341463414634148 0.5 0.012195121951219513 0.018970189701897018
4 0.6626016260162603 0.5365853658536586 0.03658536585365854 0.04336043360433604
4 0.6534552845528456 0.44308943089430897 0.014227642276422765 0.024390243902439025