0 0.7424242424242424 0.9021739130434783 0.38842975206611574 0.14492753623188406
0 0.7878787878787878 0.1141304347826087 0.325068870523416 0.2282608695652174
0 0.4049586776859504 0.09782608695652174 0.31955922865013775 0.16666666666666666
0 0.09090909090909091 0.32971014492753625 0.12121212121212122 0.17391304347826086
0 0.10330578512396695 0.4492753623188406 0.06887052341597796 0.06521739130434782
0 0.2534435261707989 0.5144927536231884 0.19834710743801653 0.463768115942029
0 0.11707988980716254 0.6721014492753623 0.08539944903581267 0.17028985507246377
3 0.16804407713498623 0.5217391304347826 0.027548209366391185 0.043478260869565216
3 0.3787878787878788 0.6413043478260869 0.04132231404958678 0.043478260869565216
3 0.38292011019283745 0.5797101449275363 0.027548209366391185 0.028985507246376812
3 0.8016528925619835 0.49094202898550726 0.0440771349862259 0.04710144927536232
3 0.46556473829201106 0.6793478260869565 0.049586776859504134 0.03985507246376812
0 0.5771349862258953 0.46195652173913043 0.42699724517906334 0.6195652173913043