2 0.11246612466124661 0.198943661971831 0.16531165311653118 0.29225352112676056
2 0.33739837398373984 0.471830985915493 0.4634146341463415 0.6619718309859155
2 0.06775067750677506 0.7077464788732395 0.0921409214092141 0.2887323943661972
4 0.07588075880758807 0.670774647887324 0.05420054200542006 0.09507042253521127
4 0.11246612466124661 0.1619718309859155 0.018970189701897018 0.02112676056338028
4 0.5040650406504065 0.3257042253521127 0.02168021680216802 0.017605633802816902
4 0.3915989159891599 0.33274647887323944 0.013550135501355014 0.024647887323943664
4 0.21951219512195122 0.5176056338028169 0.02168021680216802 0.02112676056338028
4 0.3333333333333333 0.4595070422535211 0.02168021680216802 0.024647887323943664
4 0.36314363143631434 0.4859154929577465 0.016260162601626015 0.02112676056338028
4 0.33604336043360433 0.522887323943662 0.037940379403794036 0.045774647887323945
4 0.34146341463414637 0.4348591549295775 0.016260162601626015 0.024647887323943664