0 0.7266260162601627 0.7222222222222222 0.06707317073170732 0.13821138211382114
0 0.8008130081300814 0.7506775067750677 0.05691056910569106 0.10298102981029811
0 0.8658536585365855 0.6842818428184282 0.06910569105691057 0.07317073170731707
0 0.11483739837398375 0.4078590785907859 0.09959349593495936 0.17615176151761516
0 0.3201219512195122 0.44715447154471544 0.11178861788617887 0.11924119241192412
0 0.233739837398374 0.5718157181571816 0.1788617886178862 0.24932249322493225
0 0.2052845528455285 0.8550135501355014 0.21138211382113822 0.2845528455284553
0 0.3323170731707317 0.7723577235772358 0.06707317073170732 0.05962059620596206
3 0.19817073170731708 0.7046070460704607 0.08333333333333334 0.04878048780487805
3 0.693089430894309 0.7967479674796748 0.06097560975609757 0.10298102981029811
3 0.35264227642276424 0.6165311653116531 0.05487804878048781 0.1002710027100271
3 0.09857723577235773 0.5311653116531165 0.06300813008130082 0.04336043360433604
3 0.019308943089430895 0.510840108401084 0.03861788617886179 0.06233062330623306