0 0.7375 0.9117647058823529 0.39166666666666666 0.14705882352941177
0 0.7902777777777779 0.11397058823529412 0.325 0.22794117647058823
0 0.40555555555555556 0.08823529411764705 0.32222222222222224 0.16911764705882354
0 0.08611111111111111 0.32169117647058826 0.12222222222222223 0.1801470588235294
0 0.09583333333333334 0.4411764705882353 0.06944444444444445 0.0661764705882353
0 0.25 0.5110294117647058 0.2 0.47058823529411764
0 0.10972222222222222 0.6672794117647058 0.08611111111111111 0.17279411764705882
3 0.16111111111111112 0.5183823529411765 0.02777777777777778 0.044117647058823525
3 0.3736111111111111 0.6397058823529411 0.04166666666666667 0.044117647058823525
3 0.37777777777777777 0.5808823529411765 0.02777777777777778 0.029411764705882353
3 0.8027777777777778 0.4944852941176471 0.044444444444444446 0.04779411764705882
3 0.45972222222222225 0.6819852941176471 0.05277777777777778 0.04044117647058824
0 0.576388888888889 0.4613970588235294 0.4305555555555556 0.6286764705882353