0 0.7367886178861789 0.6897018970189702 0.06707317073170732 0.13821138211382114
0 0.8109756097560976 0.7181571815718157 0.05691056910569106 0.10298102981029811
0 0.8760162601626017 0.6517615176151762 0.06910569105691057 0.07317073170731707
0 0.125 0.37533875338753386 0.09959349593495936 0.17615176151761516
0 0.3302845528455285 0.4146341463414634 0.11178861788617887 0.11924119241192412
0 0.24390243902439027 0.5392953929539296 0.1788617886178862 0.24932249322493225
0 0.21544715447154475 0.8224932249322493 0.21138211382113822 0.2845528455284553
0 0.342479674796748 0.7398373983739838 0.06707317073170732 0.05962059620596206
3 0.20833333333333334 0.6720867208672087 0.08333333333333334 0.04878048780487805
3 0.7032520325203253 0.7642276422764228 0.06097560975609757 0.10298102981029811
3 0.36280487804878053 0.5840108401084011 0.05487804878048781 0.1002710027100271
3 0.10873983739837399 0.4986449864498645 0.06300813008130082 0.04336043360433604
3 0.02947154471544716 0.47831978319783197 0.03861788617886179 0.06233062330623306