2 0.8861788617886179 0.8401084010840109 0.16666666666666669 0.3089430894308943
2 0.6646341463414634 0.5338753387533876 0.47967479674796754 0.7046070460704607
2 0.9522357723577237 0.3008130081300813 0.09146341463414635 0.3035230352303523
4 0.9430894308943091 0.33875338753387535 0.052845528455284556 0.0975609756097561
4 0.8841463414634148 0.8794037940379403 0.016260162601626018 0.018970189701897018
4 0.4857723577235773 0.6775067750677507 0.020325203252032523 0.016260162601626015
4 0.6016260162601627 0.6775067750677507 0.012195121951219513 0.02168021680216802
4 0.7886178861788619 0.4932249322493225 0.020325203252032523 0.02168021680216802
4 0.6666666666666667 0.5474254742547425 0.020325203252032523 0.02168021680216802
4 0.6382113821138212 0.516260162601626 0.012195121951219513 0.018970189701897018
4 0.6666666666666667 0.4796747967479675 0.03658536585365854 0.04336043360433604
4 0.6575203252032521 0.573170731707317 0.014227642276422765 0.024390243902439025