3 0.8465447154471546 0.43902439024390244 0.08333333333333334 0.02710027100271003
3 0.5203252032520326 0.45663956639566394 0.016260162601626018 0.02981029810298103
3 0.5508130081300814 0.3821138211382114 0.02845528455284553 0.016260162601626015
3 0.5010162601626017 0.3116531165311653 0.022357723577235776 0.02168021680216802
3 0.42276422764227645 0.15447154471544716 0.05691056910569106 0.0921409214092141
3 0.45630081300813014 0.06368563685636856 0.05487804878048781 0.07317073170731707
3 0.3140243902439025 0.22764227642276422 0.030487804878048783 0.04878048780487805
3 0.037601626016260166 0.13414634146341464 0.07926829268292684 0.12195121951219512
3 0.22459349593495936 0.18157181571815717 0.01829268292682927 0.037940379403794036
1 0.16666666666666669 0.15718157181571815 0.016260162601626018 0.02168021680216802
1 0.2378048780487805 0.10569105691056911 0.024390243902439025 0.02710027100271003
1 0.10670731707317074 0.07452574525745258 0.01829268292682927 0.024390243902439025
1 0.2754065040650407 0.06368563685636856 0.01829268292682927 0.024390243902439025
1 0.2367886178861789 0.07181571815718157 0.022357723577235776 0.018970189701897018
1 0.15650406504065043 0.02710027100271003 0.020325203252032523 0.02710027100271003
1 0.019308943089430895 0.04742547425474255 0.042682926829268296 0.07317073170731707
3 0.11890243902439025 0.2222222222222222 0.0467479674796748 0.03252032520325203
3 0.9898373983739839 0.4634146341463415 0.012195121951219513 0.03252032520325203