3 0.8333333333333334 0.4914965986394558 0.08136482939632546 0.030612244897959183
3 0.520997375328084 0.45408163265306123 0.01837270341207349 0.030612244897959183
3 0.547244094488189 0.5255102040816326 0.028871391076115485 0.017006802721088433
3 0.4973753280839895 0.586734693877551 0.023622047244094488 0.023809523809523808
3 0.41601049868766404 0.7295918367346939 0.05511811023622047 0.09183673469387754
3 0.4448818897637795 0.8180272108843537 0.05511811023622047 0.07142857142857142
3 0.31496062992125984 0.6547619047619048 0.031496062992125984 0.05102040816326531
3 0.04461942257217848 0.7244897959183674 0.07874015748031496 0.11564625850340135
3 0.22572178477690288 0.6921768707482993 0.02099737532808399 0.03741496598639456
1 0.16929133858267717 0.7108843537414966 0.01837270341207349 0.02040816326530612
1 0.23622047244094488 0.7636054421768708 0.026246719160104987 0.030612244897959183
1 0.10892388451443569 0.7840136054421768 0.01837270341207349 0.023809523809523808
1 0.27034120734908135 0.8061224489795918 0.02099737532808399 0.027210884353741496
1 0.23490813648293962 0.7959183673469388 0.023622047244094488 0.02040816326530612
1 0.1548556430446194 0.8316326530612245 0.02099737532808399 0.030612244897959183
1 0.023622047244094488 0.8044217687074829 0.04199475065616798 0.07142857142857142
3 0.12598425196850394 0.6462585034013605 0.047244094488188976 0.03401360544217687
3 0.9724409448818897 0.47619047619047616 0.013123359580052493 0.03401360544217687