3 0.14735772357723578 0.5663956639566395 0.08333333333333334 0.02710027100271003
3 0.4735772357723578 0.5487804878048781 0.016260162601626018 0.02981029810298103
3 0.44308943089430897 0.6233062330623306 0.02845528455284553 0.016260162601626015
3 0.49288617886178865 0.6937669376693767 0.022357723577235776 0.02168021680216802
3 0.5711382113821138 0.8509485094850948 0.05691056910569106 0.0921409214092141
3 0.5376016260162603 0.9417344173441734 0.05487804878048781 0.07317073170731707
3 0.6798780487804879 0.7777777777777778 0.030487804878048783 0.04878048780487805
3 0.9563008130081302 0.8712737127371274 0.07926829268292684 0.12195121951219512
3 0.769308943089431 0.8238482384823849 0.01829268292682927 0.037940379403794036
1 0.8272357723577237 0.8482384823848238 0.016260162601626018 0.02168021680216802
1 0.7560975609756099 0.8997289972899729 0.024390243902439025 0.02710027100271003
1 0.8871951219512196 0.9308943089430894 0.01829268292682927 0.024390243902439025
1 0.7184959349593497 0.9417344173441734 0.01829268292682927 0.024390243902439025
1 0.7571138211382115 0.9336043360433605 0.022357723577235776 0.018970189701897018
1 0.83739837398374 0.978319783197832 0.020325203252032523 0.02710027100271003
1 0.9745934959349595 0.9579945799457995 0.042682926829268296 0.07317073170731707
3 0.8750000000000001 0.7831978319783198 0.0467479674796748 0.03252032520325203
3 0.0040650406504065045 0.5420054200542005 0.012195121951219513 0.03252032520325203