3 0.15491183879093198 0.42218543046357615 0.08312342569269521 0.029801324503311258
3 0.4748110831234257 0.4470198675496689 0.017632241813602016 0.033112582781456956
3 0.4458438287153652 0.3741721854304636 0.030226700251889168 0.019867549668874173
3 0.49622166246851385 0.3079470198675497 0.025188916876574305 0.026490066225165563
3 0.575566750629723 0.15894039735099338 0.0579345088161209 0.09271523178807947
3 0.544080604534005 0.0695364238410596 0.055415617128463476 0.0728476821192053
3 0.681360201511335 0.23178807947019867 0.0327455919395466 0.052980132450331126
3 0.9546599496221663 0.1490066225165563 0.08060453400503778 0.11920529801324503
3 0.7707808564231737 0.18874172185430463 0.020151133501259445 0.039735099337748346
1 0.8274559193954659 0.1672185430463576 0.017632241813602016 0.023178807947019868
1 0.7581863979848866 0.11423841059602649 0.025188916876574305 0.029801324503311258
1 0.8866498740554156 0.08940397350993377 0.020151133501259445 0.026490066225165563
1 0.7229219143576826 0.0728476821192053 0.020151133501259445 0.026490066225165563
1 0.7594458438287154 0.08278145695364239 0.022670025188916875 0.019867549668874173
1 0.8400503778337531 0.041390728476821195 0.022670025188916875 0.029801324503311258
1 0.9735516372795969 0.06622516556291391 0.042821158690176324 0.0728476821192053
3 0.8727959697732998 0.23178807947019867 0.04785894206549118 0.033112582781456956
3 0.012594458438287152 0.44039735099337746 0.015113350125944584 0.033112582781456956