3 0.8247978436657682 0.43402777777777773 0.08086253369272238 0.027777777777777776
3 0.5121293800539084 0.4392361111111111 0.016172506738544475 0.03125
3 0.5431266846361186 0.5069444444444444 0.02964959568733154 0.020833333333333332
3 0.5 0.5746527777777778 0.02425876010781671 0.024305555555555552
3 0.431266846361186 0.7274305555555555 0.05929919137466308 0.08680555555555555
3 0.46630727762803237 0.8090277777777777 0.05390835579514825 0.06944444444444445
3 0.3234501347708895 0.6666666666666666 0.03234501347708895 0.048611111111111105
3 0.0633423180592992 0.7725694444444444 0.07816711590296496 0.11458333333333333
3 0.23989218328840972 0.7170138888888888 0.0215633423180593 0.03819444444444444
1 0.18463611859838275 0.7430555555555555 0.01886792452830189 0.020833333333333332
1 0.2560646900269542 0.7847222222222222 0.026954177897574125 0.027777777777777776
1 0.1320754716981132 0.8229166666666666 0.0215633423180593 0.027777777777777776
1 0.29380053908355797 0.8211805555555555 0.0215633423180593 0.024305555555555552
1 0.2574123989218329 0.8159722222222222 0.02425876010781671 0.020833333333333332
1 0.18059299191374664 0.8645833333333333 0.0215633423180593 0.027777777777777776
1 0.04851752021563342 0.8541666666666666 0.0431266846361186 0.06944444444444445
3 0.13746630727762804 0.6857638888888888 0.04851752021563342 0.03125
3 0.9609164420485176 0.40104166666666663 0.013477088948787063 0.03125