3 0.8485772357723578 0.5663956639566395 0.08333333333333334 0.02710027100271003
3 0.5223577235772359 0.5487804878048781 0.016260162601626018 0.02981029810298103
3 0.5528455284552846 0.6233062330623306 0.02845528455284553 0.016260162601626015
3 0.5030487804878049 0.6937669376693767 0.022357723577235776 0.02168021680216802
3 0.42479674796747974 0.8509485094850948 0.05691056910569106 0.0921409214092141
3 0.45833333333333337 0.9417344173441734 0.05487804878048781 0.07317073170731707
3 0.31605691056910573 0.7777777777777778 0.030487804878048783 0.04878048780487805
3 0.03963414634146342 0.8712737127371274 0.07926829268292684 0.12195121951219512
3 0.22662601626016263 0.8238482384823849 0.01829268292682927 0.037940379403794036
1 0.16869918699186995 0.8482384823848238 0.016260162601626018 0.02168021680216802
1 0.23983739837398377 0.8997289972899729 0.024390243902439025 0.02710027100271003
1 0.10873983739837399 0.9308943089430894 0.01829268292682927 0.024390243902439025
1 0.2774390243902439 0.9417344173441734 0.01829268292682927 0.024390243902439025
1 0.23882113821138215 0.9336043360433605 0.022357723577235776 0.018970189701897018
1 0.1585365853658537 0.978319783197832 0.020325203252032523 0.02710027100271003
1 0.021341463414634148 0.9579945799457995 0.042682926829268296 0.07317073170731707
3 0.12093495934959352 0.7831978319783198 0.0467479674796748 0.03252032520325203
3 0.9918699186991871 0.5420054200542005 0.012195121951219513 0.03252032520325203