3 0.3953252032520326 0.7249322493224932 0.026422764227642278 0.024390243902439025
3 0.3434959349593496 0.5894308943089431 0.020325203252032523 0.02981029810298103
3 0.3434959349593496 0.5460704607046071 0.02845528455284553 0.04607046070460705
3 0.7703252032520326 0.6897018970189702 0.04878048780487805 0.02981029810298103
3 0.42174796747967486 0.1856368563685637 0.05081300813008131 0.04065040650406504
3 0.3617886178861789 0.13550135501355012 0.020325203252032523 0.04336043360433604
3 0.519308943089431 0.15040650406504066 0.022357723577235776 0.08401084010840108
3 0.6341463414634148 0.04200542005420054 0.03658536585365854 0.013550135501355014
3 0.8302845528455285 0.06368563685636856 0.030487804878048783 0.03523035230352303
3 0.7388211382113822 0.6260162601626016 0.014227642276422765 0.07046070460704607
3 0.83739837398374 0.5677506775067751 0.012195121951219513 0.024390243902439025