3 0.529891304347826 0.3127208480565371 0.02717391304347826 0.024734982332155476
3 0.5842391304347826 0.4363957597173145 0.021739130434782608 0.03180212014134275
3 0.5855978260869565 0.4787985865724382 0.029891304347826088 0.045936395759717315
3 0.16983695652173914 0.36925795053003535 0.051630434782608696 0.03180212014134275
3 0.5230978260869565 0.823321554770318 0.051630434782608696 0.04240282685512367
3 0.5815217391304348 0.8674911660777385 0.021739130434782608 0.045936395759717315
3 0.43070652173913043 0.8621908127208481 0.024456521739130432 0.08480565371024734
3 0.3233695652173913 0.9699646643109541 0.03804347826086957 0.0176678445229682
3 0.1331521739130435 0.9611307420494699 0.03260869565217391 0.0353356890459364
3 0.20108695652173914 0.42579505300353354 0.016304347826086956 0.06713780918727916
3 0.10869565217391304 0.48586572438162545 0.016304347826086956 0.024734982332155476