3 0.5437500000000001 0.3181818181818182 0.0275 0.025974025974025976
3 0.58875 0.44967532467532473 0.0225 0.029220779220779224
3 0.5875 0.4902597402597403 0.03 0.045454545454545456
3 0.18125 0.3295454545454546 0.0475 0.029220779220779224
3 0.5 0.8230519480519481 0.05 0.04220779220779221
3 0.55625 0.8733766233766235 0.0225 0.045454545454545456
3 0.405 0.8506493506493507 0.025 0.08441558441558442
3 0.28875 0.9464285714285715 0.0375 0.016233766233766236
3 0.10125 0.913961038961039 0.0325 0.03571428571428572
3 0.21 0.39123376623376627 0.015 0.06818181818181819
3 0.1125 0.4383116883116883 0.015 0.025974025974025976