3 0.45630081300813014 0.6897018970189702 0.026422764227642278 0.024390243902439025
3 0.4044715447154472 0.55420054200542 0.020325203252032523 0.02981029810298103
3 0.4044715447154472 0.510840108401084 0.02845528455284553 0.04607046070460705
3 0.8313008130081302 0.6544715447154471 0.04878048780487805 0.02981029810298103
3 0.4827235772357724 0.15040650406504066 0.05081300813008131 0.04065040650406504
3 0.42276422764227645 0.1002710027100271 0.020325203252032523 0.04336043360433604
3 0.5802845528455285 0.11517615176151762 0.022357723577235776 0.08401084010840108
3 0.6951219512195123 0.006775067750677507 0.03658536585365854 0.013550135501355014
3 0.8912601626016261 0.028455284552845527 0.030487804878048783 0.03523035230352303
3 0.7997967479674798 0.5907859078590786 0.014227642276422765 0.07046070460704607
3 0.8983739837398375 0.532520325203252 0.012195121951219513 0.024390243902439025