3 0.6465295629820051 0.7664473684210525 0.028277634961439587 0.02631578947368421
3 0.6889460154241644 0.6365131578947368 0.02056555269922879 0.029605263157894735
3 0.6863753213367608 0.5986842105263157 0.030848329048843187 0.046052631578947366
3 0.28920308483290486 0.7648026315789473 0.04884318766066838 0.029605263157894735
3 0.5938303341902313 0.2763157894736842 0.051413881748071974 0.039473684210526314
3 0.6491002570694087 0.22532894736842105 0.02313624678663239 0.042763157894736836
3 0.49999999999999994 0.2532894736842105 0.02313624678663239 0.07894736842105263
3 0.3856041131105398 0.16282894736842105 0.03598971722365038 0.01644736842105263
3 0.2005141388174807 0.2006578947368421 0.030848329048843187 0.03289473684210526
3 0.31619537275064263 0.7055921052631579 0.015424164524421594 0.06907894736842105
3 0.2197943444730077 0.6611842105263157 0.012853470437017993 0.02631578947368421