3 0.36797752808988765 0.7601476014760148 0.028089887640449437 0.02952029520295203
3 0.3146067415730337 0.6291512915129152 0.02247191011235955 0.033210332103321034
3 0.31320224719101125 0.5885608856088561 0.03089887640449438 0.047970479704797044
3 0.7359550561797753 0.7140221402214022 0.05056179775280899 0.033210332103321034
3 0.3834269662921348 0.23800738007380073 0.05337078651685393 0.04059040590405904
3 0.324438202247191 0.19188191881918817 0.025280898876404494 0.04428044280442804
3 0.4789325842696629 0.2011070110701107 0.025280898876404494 0.08487084870848709
3 0.5898876404494382 0.09225092250922509 0.03932584269662921 0.014760147601476014
3 0.7808988764044944 0.1070110701107011 0.033707865168539325 0.03690036900369004
3 0.7022471910112359 0.6531365313653137 0.016853932584269662 0.07380073800738007
3 0.7991573033707865 0.5922509225092251 0.014044943820224719 0.025830258302583026