3 0.45630081300813014 0.3048780487804878 0.026422764227642278 0.024390243902439025
3 0.4044715447154472 0.44037940379403795 0.020325203252032523 0.02981029810298103
3 0.4044715447154472 0.483739837398374 0.02845528455284553 0.04607046070460705
3 0.8313008130081302 0.34010840108401086 0.04878048780487805 0.02981029810298103
3 0.4827235772357724 0.8441734417344173 0.05081300813008131 0.04065040650406504
3 0.42276422764227645 0.8943089430894309 0.020325203252032523 0.04336043360433604
3 0.5802845528455285 0.8794037940379403 0.022357723577235776 0.08401084010840108
3 0.6951219512195123 0.9878048780487805 0.03658536585365854 0.013550135501355014
3 0.8912601626016261 0.9661246612466124 0.030487804878048783 0.03523035230352303
3 0.7997967479674798 0.4037940379403794 0.014227642276422765 0.07046070460704607
3 0.8983739837398375 0.462059620596206 0.012195121951219513 0.024390243902439025