2 0.049715909090909095 0.10338345864661654 0.08806818181818182 0.21428571428571427
4 0.04403409090909091 0.03195488721804511 0.02556818181818182 0.04887218045112782
2 0.5923295454545455 0.10714285714285714 0.10511363636363637 0.19172932330827067
2 0.8494318181818182 0.07518796992481203 0.06818181818181818 0.12030075187969924
3 0.9758522727272727 0.17857142857142855 0.014204545454545456 0.02631578947368421
4 0.8323863636363636 0.043233082706766915 0.022727272727272728 0.04887218045112782
4 0.8792613636363636 0.041353383458646614 0.014204545454545456 0.03759398496240601
4 0.8622159090909091 0.03195488721804511 0.014204545454545456 0.018796992481203006
1 0.7073863636363636 0.14285714285714285 0.14204545454545456 0.2631578947368421
1 0.8025568181818182 0.05451127819548872 0.048295454545454544 0.07894736842105263
1 0.8224431818181819 0.16353383458646614 0.06534090909090909 0.09398496240601503
1 0.9346590909090909 0.18609022556390975 0.11363636363636365 0.33458646616541354
2 0.734375 0.900375939849624 0.05397727272727273 0.18421052631578946
4 0.7400568181818182 0.9511278195488722 0.02556818181818182 0.022556390977443608
4 0.7372159090909091 0.8590225563909774 0.014204545454545456 0.018796992481203006
2 0.7869318181818182 0.9304511278195489 0.03977272727272727 0.06390977443609022
2 0.23579545454545456 0.18609022556390975 0.10227272727272728 0.07142857142857142