2 0.04369918699186992 0.8875338753387534 0.08739837398373984 0.2140921409214092
4 0.037601626016260166 0.9634146341463414 0.022357723577235776 0.04607046070460705
2 0.5934959349593496 0.8983739837398373 0.10569105691056911 0.19241192411924118
2 0.853658536585366 0.9349593495934959 0.06504065040650407 0.11924119241192412
3 0.9837398373983741 0.8319783197831978 0.012195121951219513 0.02168021680216802
4 0.8353658536585367 0.9688346883468835 0.020325203252032523 0.04607046070460705
4 0.8841463414634148 0.9701897018970189 0.012195121951219513 0.03252032520325203
4 0.8658536585365855 0.9796747967479674 0.012195121951219513 0.018970189701897018
1 0.7113821138211383 0.8631436314363143 0.14227642276422767 0.26287262872628725
1 0.8058943089430896 0.9566395663956639 0.0467479674796748 0.07588075880758807
1 0.8272357723577237 0.8455284552845529 0.06504065040650407 0.0921409214092141
1 0.9420731707317074 0.8252032520325203 0.11178861788617887 0.33875338753387535
2 0.7479674796747968 0.08943089430894309 0.052845528455284556 0.1842818428184282
4 0.7540650406504066 0.037940379403794036 0.020325203252032523 0.02168021680216802
4 0.7500000000000001 0.13279132791327913 0.012195121951219513 0.016260162601626015
2 0.8008130081300814 0.05962059620596206 0.03658536585365854 0.05962059620596206
2 0.233739837398374 0.8075880758807588 0.10162601626016261 0.07046070460704607