2 0.9492574257425743 0.8264331210191084 0.08663366336633664 0.20063694267515925
4 0.9579207920792079 0.8949044585987261 0.024752475247524754 0.0445859872611465
2 0.42326732673267325 0.8757961783439491 0.10396039603960396 0.178343949044586
2 0.17574257425742573 0.9283439490445861 0.06435643564356436 0.11146496815286625
3 0.04702970297029703 0.8423566878980893 0.01485148514851485 0.02229299363057325
4 0.1943069306930693 0.9585987261146497 0.022277227722772276 0.0445859872611465
4 0.1485148514851485 0.963375796178344 0.01485148514851485 0.03503184713375796
4 0.16584158415841585 0.9713375796178344 0.01485148514851485 0.019108280254777073
1 0.3094059405940594 0.8519108280254778 0.13861386138613863 0.24522292993630573
1 0.22153465346534654 0.944267515923567 0.04702970297029703 0.0732484076433121
1 0.19801980198019803 0.8439490445859873 0.06435643564356436 0.089171974522293
1 0.08663366336633664 0.8328025477707007 0.10891089108910891 0.3152866242038217
2 0.24133663366336633 0.14012738853503184 0.05198019801980198 0.17197452229299365
4 0.23391089108910892 0.09394904458598727 0.022277227722772276 0.02229299363057325
4 0.2400990099009901 0.1799363057324841 0.01485148514851485 0.01592356687898089
2 0.18935643564356436 0.11624203821656051 0.03712871287128713 0.06050955414012739
2 0.7636138613861386 0.7659235668789809 0.10148514851485149 0.06687898089171974