2 0.9522357723577237 0.1070460704607046 0.08739837398373984 0.2140921409214092
4 0.9583333333333335 0.03116531165311653 0.022357723577235776 0.04607046070460705
2 0.4024390243902439 0.09620596205962059 0.10569105691056911 0.19241192411924118
2 0.14227642276422767 0.05962059620596206 0.06504065040650407 0.11924119241192412
3 0.012195121951219513 0.16260162601626016 0.012195121951219513 0.02168021680216802
4 0.16056910569105692 0.025745257452574527 0.020325203252032523 0.04607046070460705
4 0.11178861788617887 0.024390243902439025 0.012195121951219513 0.03252032520325203
4 0.13008130081300814 0.014905149051490514 0.012195121951219513 0.018970189701897018
1 0.28455284552845533 0.13143631436314362 0.14227642276422767 0.26287262872628725
1 0.19004065040650409 0.037940379403794036 0.0467479674796748 0.07588075880758807
1 0.16869918699186995 0.14905149051490515 0.06504065040650407 0.0921409214092141
1 0.05386178861788619 0.16937669376693767 0.11178861788617887 0.33875338753387535
2 0.24796747967479676 0.9051490514905149 0.052845528455284556 0.1842818428184282
4 0.24186991869918703 0.9566395663956639 0.020325203252032523 0.02168021680216802
4 0.24593495934959353 0.8617886178861789 0.012195121951219513 0.016260162601626015
2 0.1951219512195122 0.9349593495934959 0.03658536585365854 0.05962059620596206
2 0.7621951219512196 0.18699186991869918 0.10162601626016261 0.07046070460704607