2 0.04419889502762431 0.14928057553956836 0.08839779005524862 0.20503597122302158
4 0.03729281767955801 0.07733812949640288 0.024861878453038673 0.046762589928057555
2 0.5773480662983426 0.11151079136690648 0.10497237569060773 0.18705035971223022
2 0.8259668508287292 0.06294964028776978 0.06629834254143646 0.11870503597122303
3 0.9558011049723757 0.15287769784172664 0.016574585635359115 0.025179856115107917
4 0.8080110497237569 0.030575539568345324 0.024861878453038673 0.046762589928057555
4 0.8549723756906077 0.02877697841726619 0.013812154696132596 0.03597122302158273
4 0.8370165745856353 0.02158273381294964 0.016574585635359115 0.02158273381294964
1 0.6919889502762431 0.1366906474820144 0.1408839779005525 0.2517985611510791
1 0.7803867403314917 0.04496402877697842 0.04696132596685083 0.07553956834532374
1 0.8038674033149171 0.14928057553956836 0.06629834254143646 0.08992805755395684
1 0.9157458563535911 0.16187050359712232 0.11325966850828728 0.32374100719424465
2 0.75 0.8669064748201439 0.052486187845303865 0.1798561151079137
4 0.7569060773480663 0.9154676258992807 0.022099447513812154 0.025179856115107917
4 0.75 0.8255395683453238 0.013812154696132596 0.017985611510791366
2 0.8011049723756906 0.8920863309352518 0.03867403314917127 0.05755395683453238
2 0.23066298342541436 0.21582733812949642 0.1022099447513812 0.07194244604316546