2 0.041666666666666664 0.8869731800766283 0.08908045977011494 0.21839080459770113
4 0.034482758620689655 0.9636015325670497 0.022988505747126436 0.04980842911877394
2 0.5890804597701149 0.8984674329501915 0.10919540229885058 0.1954022988505747
2 0.8491379310344828 0.9348659003831418 0.06609195402298851 0.12260536398467432
3 0.978448275862069 0.8295019157088123 0.014367816091954023 0.026819923371647507
4 0.8304597701149425 0.9674329501915708 0.022988505747126436 0.04980842911877394
4 0.8793103448275862 0.9674329501915708 0.017241379310344827 0.034482758620689655
4 0.860632183908046 0.9770114942528735 0.014367816091954023 0.022988505747126436
1 0.7068965517241379 0.8620689655172413 0.14367816091954022 0.2681992337164751
1 0.8002873563218391 0.9559386973180076 0.048850574712643674 0.08045977011494253
1 0.82183908045977 0.8448275862068965 0.06896551724137931 0.09578544061302681
1 0.9367816091954023 0.8237547892720306 0.11494252873563218 0.3448275862068965
2 0.742816091954023 0.09003831417624521 0.05459770114942529 0.18773946360153257
4 0.75 0.038314176245210725 0.022988505747126436 0.022988505747126436
4 0.7456896551724138 0.13218390804597702 0.014367816091954023 0.019157088122605363
2 0.7959770114942528 0.05938697318007662 0.040229885057471264 0.06513409961685823
2 0.22988505747126436 0.8065134099616857 0.10344827586206896 0.07279693486590037