0 0.026422764227642278 0.05555555555555555 0.05691056910569106 0.07859078590785908
0 0.9593495934959351 0.07181571815718157 0.05691056910569106 0.12737127371273713
0 0.9258130081300814 0.4254742547425474 0.05081300813008131 0.08672086720867209
0 0.8231707317073171 0.31842818428184283 0.04471544715447155 0.07317073170731707
0 0.7083333333333334 0.13550135501355012 0.05487804878048781 0.08130081300813008
0 0.22154471544715448 0.5501355013550135 0.0813008130081301 0.08672086720867209
0 0.21646341463414637 0.12330623306233063 0.15243902439024393 0.24661246612466126
0 0.32621951219512196 0.15989159891598917 0.07113821138211383 0.31978319783197834
0 0.8191056910569107 0.8468834688346883 0.052845528455284556 0.12737127371273713
0 0.5487804878048781 0.7249322493224932 0.3170731707317074 0.24661246612466126
0 0.4207317073170732 0.5975609756097561 0.08536585365853659 0.06775067750677506
0 0.4044715447154472 0.508130081300813 0.07723577235772358 0.0948509485094851
0 0.47662601626016265 0.470189701897019 0.07520325203252033 0.12195121951219512
0 0.41361788617886186 0.35772357723577236 0.10365853658536586 0.16802168021680217
0 0.44817073170731714 0.11788617886178862 0.07520325203252033 0.1111111111111111
0 0.46443089430894313 0.24525745257452575 0.06707317073170732 0.1002710027100271
0 0.8577235772357724 0.5772357723577236 0.2764227642276423 0.3089430894308943
0 0.7347560975609757 0.33739837398373984 0.22154471544715448 0.17615176151761516
0 0.5802845528455285 0.15989159891598917 0.12398373983739838 0.17344173441734417
3 0.576219512195122 0.21680216802168023 0.05487804878048781 0.04878048780487805
3 0.5060975609756098 0.22899728997289973 0.03658536585365854 0.0948509485094851