0 0.06430446194225722 0.9377104377104377 0.05511811023622047 0.07744107744107744
0 0.9514435695538057 0.8468013468013468 0.05511811023622047 0.11784511784511784
0 0.9028871391076115 0.5252525252525252 0.05249343832020997 0.0808080808080808
0 0.8097112860892388 0.6313131313131313 0.04461942257217848 0.0707070707070707
0 0.7099737532808399 0.8097643097643097 0.05511811023622047 0.07744107744107744
0 0.22703412073490814 0.46969696969696967 0.08136482939632546 0.08417508417508417
0 0.24146981627296588 0.8585858585858586 0.14698162729658792 0.22895622895622894
0 0.3451443569553806 0.8181818181818181 0.07086614173228346 0.2962962962962963
0 0.7821522309711286 0.14814814814814814 0.05249343832020997 0.1212121212121212
0 0.5301837270341208 0.2828282828282828 0.30446194225721784 0.22895622895622894
0 0.41469816272965876 0.40909090909090906 0.08398950131233596 0.06397306397306397
0 0.40288713910761154 0.49326599326599324 0.07611548556430446 0.09090909090909091
0 0.47244094488188976 0.5218855218855218 0.07349081364829396 0.11447811447811447
0 0.41863517060367456 0.6296296296296297 0.10236220472440945 0.15488215488215487
0 0.463254593175853 0.8468013468013468 0.07611548556430446 0.10437710437710437
0 0.47244094488188976 0.7272727272727273 0.06824146981627296 0.09427609427609428
0 0.8307086614173228 0.39225589225589225 0.2650918635170604 0.28619528619528617
0 0.7257217847769029 0.6212121212121212 0.2125984251968504 0.16498316498316498
0 0.5879265091863517 0.7979797979797979 0.12073490813648294 0.1616161616161616
3 0.5813648293963255 0.744107744107744 0.05511811023622047 0.04713804713804714
3 0.5131233595800525 0.7390572390572391 0.03937007874015748 0.09090909090909091