0 0.026760563380281693 0.9040590405904059 0.05915492957746479 0.08118081180811808
0 0.9394366197183099 0.9225092250922509 0.05915492957746479 0.12546125461254612
0 0.9140845070422535 0.5830258302583026 0.053521126760563385 0.08856088560885608
0 0.8126760563380282 0.6826568265682657 0.04788732394366198 0.07380073800738007
0 0.695774647887324 0.8523985239852399 0.056338028169014086 0.08118081180811808
0 0.22816901408450704 0.4354243542435424 0.08450704225352113 0.08856088560885608
0 0.21408450704225354 0.8468634686346863 0.15211267605633805 0.23985239852398524
0 0.32253521126760565 0.8154981549815498 0.07042253521126761 0.3099630996309963
0 0.8183098591549296 0.17343173431734316 0.053521126760563385 0.12546125461254612
0 0.5507042253521127 0.28044280442804426 0.3126760563380282 0.24354243542435425
0 0.42394366197183103 0.3985239852398524 0.08732394366197184 0.06642066420664207
0 0.4056338028169014 0.4833948339483395 0.07887323943661972 0.09594095940959409
0 0.47605633802816905 0.522140221402214 0.07887323943661972 0.12177121771217712
0 0.4126760563380282 0.6291512915129152 0.10422535211267606 0.16605166051660517
0 0.44084507042253523 0.8597785977859779 0.07605633802816902 0.11070110701107011
0 0.4591549295774648 0.7398523985239852 0.06760563380281691 0.0996309963099631
0 0.8521126760563381 0.43357933579335795 0.27323943661971833 0.2988929889298893
0 0.7267605633802817 0.6586715867158671 0.21971830985915494 0.17343173431734316
0 0.571830985915493 0.8247232472324723 0.12394366197183099 0.17343173431734316
3 0.5690140845070423 0.7693726937269373 0.056338028169014086 0.047970479704797044
3 0.5 0.7564575645756457 0.036619718309859155 0.09594095940959409