0 0.9143576826196473 0.9405144694533762 0.055415617128463476 0.07395498392282958
0 0.03778337531486146 0.8360128617363344 0.055415617128463476 0.1157556270096463
0 0.0906801007556675 0.5209003215434084 0.05037783375314861 0.08360128617363344
0 0.1801007556675063 0.6270096463022508 0.042821158690176324 0.0707395498392283
0 0.2783375314861461 0.8038585209003215 0.05289672544080604 0.07717041800643087
0 0.7594458438287154 0.477491961414791 0.07808564231738035 0.08038585209003216
0 0.7405541561712846 0.8617363344051446 0.14609571788413098 0.22508038585209003
0 0.6385390428211587 0.8183279742765274 0.06801007556675062 0.29260450160771706
0 0.2141057934508816 0.1527331189710611 0.05037783375314861 0.1189710610932476
0 0.4609571788413098 0.28938906752411575 0.30226700251889166 0.22508038585209003
0 0.575566750629723 0.41479099678456594 0.08312342569269521 0.06430868167202572
0 0.5843828715365239 0.4967845659163987 0.07556675062972291 0.08681672025723472
0 0.5151133501259446 0.5257234726688103 0.07304785894206549 0.11254019292604502
0 0.5680100755667506 0.6318327974276527 0.0982367758186398 0.15755627009646303
0 0.5214105793450882 0.8456591639871383 0.07556675062972291 0.10289389067524116
0 0.5138539042821159 0.7282958199356913 0.0654911838790932 0.0932475884244373
0 0.1624685138539043 0.39067524115755625 0.26448362720403024 0.2797427652733119
0 0.26448362720403024 0.6189710610932476 0.21158690176322417 0.1639871382636656
0 0.3992443324937028 0.7942122186495176 0.11838790931989925 0.1607717041800643
3 0.40680100755667503 0.7427652733118971 0.05289672544080604 0.04501607717041801
3 0.473551637279597 0.7395498392282958 0.03526448362720403 0.09003215434083602