3 0.2064343163538874 0.7669039145907472 0.04289544235924933 0.05338078291814946
3 0.24262734584450402 0.7704626334519572 0.01876675603217158 0.02491103202846975
3 0.5402144772117963 0.8647686832740213 0.01876675603217158 0.021352313167259787
3 0.7815013404825737 0.6637010676156583 0.01876675603217158 0.02491103202846975
3 0.8941018766756033 0.9590747330960854 0.1260053619302949 0.07473309608540925
1 0.9021447721179625 0.9092526690391458 0.040214477211796246 0.03202846975088968
1 0.932975871313673 0.7846975088967971 0.02680965147453083 0.03202846975088968
1 0.7801608579088471 0.7437722419928825 0.02680965147453083 0.042704626334519574
1 0.8873994638069705 0.6992882562277579 0.0160857908847185 0.02491103202846975
1 0.9611260053619303 0.695729537366548 0.01876675603217158 0.03914590747330961
1 0.8793565683646113 0.7615658362989324 0.021447721179624665 0.042704626334519574
1 0.5670241286863271 0.7811387900355872 0.23324396782841825 0.14590747330960854
1 0.3579088471849866 0.7740213523131673 0.045576407506702415 0.060498220640569395
1 0.6903485254691689 0.50355871886121 0.03485254691689008 0.060498220640569395
1 0.4865951742627346 0.5231316725978647 0.12064343163538874 0.1779359430604982
1 0.306970509383378 0.5249110320284697 0.05630026809651475 0.060498220640569395
1 0.3136729222520107 0.2686832740213523 0.05361930294906166 0.06761565836298931
1 0.4262734584450402 0.3558718861209964 0.07506702412868632 0.10676156583629892
1 0.6380697050938338 0.30249110320284694 0.058981233243967826 0.08540925266903915
1 0.8847184986595175 0.3469750889679715 0.05361930294906166 0.11032028469750889
1 0.8029490616621984 0.40391459074733094 0.07238605898123325 0.11032028469750889
1 0.8257372654155496 0.5124555160142349 0.05361930294906166 0.09252669039145907
1 0.7292225201072386 0.2900355871886121 0.058981233243967826 0.05338078291814946
1 0.6823056300268097 0.2580071174377224 0.03485254691689008 0.02491103202846975
1 0.6581769436997319 0.1797153024911032 0.06166219839142091 0.05338078291814946
1 0.5697050938337802 0.06583629893238434 0.05630026809651475 0.08185053380782918
1 0.5026809651474531 0.03558718861209964 0.06702412868632708 0.07117437722419928
1 0.792225201072386 0.06761565836298931 0.28150134048257375 0.12811387900355872
1 0.2801608579088472 0.12455516014234874 0.05630026809651475 0.05693950177935943
1 0.2801608579088472 0.019572953736654804 0.040214477211796246 0.03914590747330961
3 0.4249329758713137 0.4359430604982206 0.01876675603217158 0.02491103202846975
3 0.07372654155495979 0.43238434163701067 0.05093833780160858 0.03914590747330961
3 0.20777479892761394 0.06405693950177936 0.01876675603217158 0.028469750889679714