0 0.9481707317073171 0.6666666666666666 0.09959349593495936 0.13008130081300812
0 0.6595528455284554 0.14092140921409213 0.1483739837398374 0.26558265582655827
0 0.8079268292682927 0.04336043360433604 0.07520325203252033 0.08672086720867209
0 0.3272357723577236 0.36585365853658536 0.2967479674796748 0.4444444444444444
0 0.03861788617886179 0.6476964769647696 0.07723577235772358 0.08672086720867209
3 0.3821138211382114 0.037940379403794036 0.04065040650406505 0.05420054200542006
3 0.358739837398374 0.13143631436314362 0.042682926829268296 0.024390243902439025
3 0.1626016260162602 0.3983739837398374 0.03658536585365854 0.03252032520325203
3 0.9705284552845529 0.5433604336043361 0.022357723577235776 0.04065040650406504
3 0.9705284552845529 0.5934959349593496 0.034552845528455285 0.02710027100271003
3 0.7439024390243903 0.9742547425474255 0.06910569105691057 0.04607046070460705
3 0.8597560975609757 0.8075880758807588 0.03658536585365854 0.12466124661246612