3 0.2064343163538874 0.24825174825174826 0.04289544235924933 0.04895104895104895
3 0.24262734584450402 0.243006993006993 0.01876675603217158 0.024475524475524476
3 0.5294906166219839 0.14160839160839161 0.01876675603217158 0.017482517482517484
3 0.7694369973190349 0.32167832167832167 0.0160857908847185 0.02097902097902098
3 0.8726541554959786 0.03496503496503497 0.1260053619302949 0.06993006993006994
1 0.8806970509383378 0.08041958041958042 0.040214477211796246 0.027972027972027972
1 0.9142091152815014 0.19755244755244755 0.02680965147453083 0.03146853146853147
1 0.7667560321715818 0.2465034965034965 0.02680965147453083 0.038461538461538464
1 0.871313672922252 0.28321678321678323 0.0160857908847185 0.027972027972027972
1 0.9423592493297588 0.28496503496503495 0.01876675603217158 0.038461538461538464
1 0.8632707774798928 0.22377622377622378 0.021447721179624665 0.04195804195804196
1 0.5576407506702413 0.21853146853146854 0.23056300268096516 0.14335664335664336
1 0.353887399463807 0.23776223776223776 0.04289544235924933 0.055944055944055944
1 0.6849865951742627 0.4807692307692308 0.03485254691689008 0.05944055944055944
1 0.4865951742627346 0.47202797202797203 0.12064343163538874 0.16783216783216784
1 0.3109919571045576 0.4755244755244755 0.05361930294906166 0.055944055944055944
1 0.32439678284182305 0.7237762237762237 0.0482573726541555 0.06293706293706294
1 0.4316353887399464 0.6311188811188811 0.07506702412868632 0.10139860139860139
1 0.6394101876675603 0.6765734265734266 0.05630026809651475 0.08041958041958042
1 0.8793565683646113 0.6223776223776224 0.05361930294906166 0.1048951048951049
1 0.7975871313672922 0.5716783216783217 0.07238605898123325 0.10839160839160839
1 0.8163538873994638 0.46503496503496505 0.05093833780160858 0.09090909090909091
1 0.7278820375335121 0.6835664335664335 0.05630026809651475 0.05244755244755245
1 0.6823056300268097 0.715034965034965 0.03485254691689008 0.024475524475524476
1 0.6621983914209115 0.7937062937062938 0.058981233243967826 0.04895104895104895
1 0.5804289544235925 0.9038461538461539 0.05630026809651475 0.08041958041958042
1 0.514745308310992 0.9353146853146853 0.064343163538874 0.06643356643356643
1 0.7962466487935657 0.8916083916083916 0.2734584450402145 0.1258741258741259
1 0.29490616621983917 0.8601398601398601 0.05361930294906166 0.055944055944055944
1 0.2962466487935657 0.9632867132867133 0.040214477211796246 0.038461538461538464
3 0.4289544235924933 0.5576923076923077 0.0160857908847185 0.024475524475524476
3 0.08445040214477212 0.5751748251748252 0.05093833780160858 0.038461538461538464
3 0.22654155495978553 0.9230769230769231 0.01876675603217158 0.027972027972027972