3 0.7776381909547739 0.7861736334405145 0.04271356783919598 0.04823151125401929
3 0.742462311557789 0.7845659163987139 0.017587939698492462 0.02572347266881029
3 0.4547738693467337 0.8408360128617364 0.01507537688442211 0.01607717041800643
3 0.23618090452261306 0.6334405144694534 0.01507537688442211 0.01929260450160772
3 0.11180904522613065 0.8922829581993569 0.12311557788944724 0.06752411575562701
1 0.10804020100502512 0.8472668810289389 0.04020100502512563 0.028938906752411574
1 0.08542713567839195 0.7282958199356913 0.02512562814070352 0.028938906752411574
1 0.23366834170854273 0.7041800643086816 0.02512562814070352 0.03858520900321544
1 0.13442211055276382 0.6559485530546624 0.017587939698492462 0.02572347266881029
1 0.06407035175879397 0.6414790996784566 0.017587939698492462 0.03536977491961415
1 0.13819095477386936 0.7122186495176849 0.020100502512562814 0.04180064308681672
1 0.4334170854271357 0.7620578778135049 0.2236180904522613 0.13504823151125403
1 0.6344221105527639 0.7765273311897106 0.04271356783919598 0.05466237942122187
1 0.33291457286432163 0.49517684887459806 0.032663316582914576 0.05787781350482315
1 0.5251256281407035 0.5321543408360129 0.11557788944723618 0.1639871382636656
1 0.6972361809045227 0.5546623794212219 0.052763819095477386 0.05466237942122187
1 0.7047738693467337 0.31511254019292606 0.04773869346733668 0.06430868167202572
1 0.592964824120603 0.3858520900321543 0.07035175879396985 0.09646302250803858
1 0.3944723618090452 0.31511254019292606 0.05527638190954774 0.07717041800643087
1 0.157035175879397 0.3311897106109325 0.052763819095477386 0.10289389067524116
1 0.23115577889447236 0.39228295819935693 0.07035175879396985 0.10289389067524116
1 0.20351758793969849 0.4903536977491961 0.05025125628140704 0.08681672025723472
1 0.30904522613065327 0.2942122186495177 0.05527638190954774 0.04823151125401929
1 0.3555276381909548 0.27009646302250806 0.032663316582914576 0.02572347266881029
1 0.38316582914572866 0.20096463022508038 0.05778894472361809 0.04823151125401929
1 0.4723618090452261 0.10610932475884244 0.05527638190954774 0.07717041800643087
1 0.5389447236180904 0.08520900321543408 0.06281407035175879 0.06752411575562701
1 0.2600502512562814 0.08520900321543408 0.26884422110552764 0.1189710610932476
1 0.7449748743718593 0.18810289389067525 0.052763819095477386 0.05466237942122187
1 0.7525125628140704 0.09163987138263666 0.03768844221105528 0.03536977491961415
3 0.5891959798994975 0.45819935691318325 0.017587939698492462 0.022508038585209004
3 0.9246231155778895 0.4903536977491961 0.05025125628140704 0.03536977491961415
3 0.8178391959798995 0.13987138263665594 0.017587939698492462 0.022508038585209004