0 0.9481707317073171 0.32791327913279134 0.09959349593495936 0.13008130081300812
0 0.6595528455284554 0.8536585365853658 0.1483739837398374 0.26558265582655827
0 0.8079268292682927 0.9512195121951219 0.07520325203252033 0.08672086720867209
0 0.3272357723577236 0.6287262872628726 0.2967479674796748 0.4444444444444444
0 0.03861788617886179 0.34688346883468835 0.07723577235772358 0.08672086720867209
3 0.3821138211382114 0.9566395663956639 0.04065040650406505 0.05420054200542006
3 0.358739837398374 0.8631436314363143 0.042682926829268296 0.024390243902439025
3 0.1626016260162602 0.5962059620596206 0.03658536585365854 0.03252032520325203
3 0.9705284552845529 0.45121951219512196 0.022357723577235776 0.04065040650406504
3 0.9705284552845529 0.4010840108401084 0.034552845528455285 0.02710027100271003
3 0.7439024390243903 0.02032520325203252 0.06910569105691057 0.04607046070460705
3 0.8597560975609757 0.18699186991869918 0.03658536585365854 0.12466124661246612