0 0.9394329896907216 0.6440677966101694 0.10051546391752578 0.1288135593220339
0 0.6481958762886598 0.14745762711864407 0.14690721649484537 0.26101694915254237
0 0.7912371134020618 0.04745762711864407 0.07731958762886598 0.08813559322033898
0 0.327319587628866 0.37457627118644066 0.29381443298969073 0.43050847457627117
0 0.04896907216494845 0.6576271186440678 0.07731958762886598 0.08813559322033898
3 0.37371134020618557 0.05593220338983051 0.041237113402061855 0.0576271186440678
3 0.3530927835051546 0.14915254237288136 0.04639175257731959 0.02711864406779661
3 0.16623711340206185 0.411864406779661 0.03865979381443299 0.03728813559322034
3 0.9600515463917526 0.523728813559322 0.023195876288659795 0.04406779661016949
3 0.961340206185567 0.5728813559322034 0.03608247422680412 0.02711864406779661
3 0.7461340206185567 0.9491525423728814 0.06958762886597938 0.04745762711864407
3 0.8569587628865979 0.7830508474576271 0.03865979381443299 0.12203389830508474