3 0.7820197044334976 0.20287539936102236 0.04187192118226601 0.04792332268370607
3 0.7450738916256158 0.20287539936102236 0.017241379310344827 0.022364217252396165
3 0.45320197044334976 0.134185303514377 0.014778325123152709 0.019169329073482427
3 0.22660098522167488 0.3402555910543131 0.014778325123152709 0.022364217252396165
3 0.10591133004926108 0.06869009584664537 0.12315270935960591 0.0670926517571885
1 0.10098522167487685 0.1134185303514377 0.03940886699507389 0.02875399361022364
1 0.07389162561576355 0.23482428115015974 0.024630541871921183 0.02875399361022364
1 0.22413793103448276 0.26517571884984026 0.024630541871921183 0.038338658146964855
1 0.12315270935960591 0.3130990415335463 0.014778325123152709 0.025559105431309903
1 0.05172413793103448 0.3242811501597444 0.019704433497536946 0.03514376996805112
1 0.1268472906403941 0.25399361022364214 0.022167487684729065 0.04153354632587859
1 0.42980295566502463 0.21405750798722045 0.229064039408867 0.14057507987220447
1 0.6354679802955665 0.20766773162939295 0.04433497536945813 0.05750798722044728
1 0.32142857142857145 0.48722044728434505 0.03201970443349754 0.06070287539936102
1 0.5172413793103449 0.45527156549520764 0.11822660098522167 0.1693290734824281
1 0.6933497536945813 0.43929712460063897 0.05172413793103448 0.054313099041533544
1 0.6970443349753694 0.6869009584664536 0.04926108374384237 0.06389776357827476
1 0.583743842364532 0.6086261980830671 0.07389162561576355 0.09904153354632587
1 0.3805418719211823 0.6757188498402555 0.05665024630541872 0.07987220447284345
1 0.13793103448275862 0.6485623003194888 0.054187192118226604 0.10223642172523961
1 0.21551724137931036 0.5878594249201278 0.07142857142857142 0.10862619808306709
1 0.1896551724137931 0.48722044728434505 0.04926108374384237 0.0926517571884984
1 0.291871921182266 0.6916932907348242 0.05665024630541872 0.04792332268370607
1 0.33990147783251234 0.7188498402555911 0.034482758620689655 0.025559105431309903
1 0.3645320197044335 0.792332268370607 0.059113300492610835 0.051118210862619806
1 0.45443349753694584 0.8929712460063898 0.05665024630541872 0.07987220447284345
1 0.5221674876847291 0.9185303514376997 0.06403940886699508 0.0670926517571885
1 0.23768472906403942 0.9057507987220447 0.2733990147783251 0.12460063897763578
1 0.7339901477832512 0.8194888178913737 0.054187192118226604 0.054313099041533544
1 0.7389162561576355 0.9185303514376997 0.03940886699507389 0.03514376996805112
3 0.5812807881773399 0.5351437699680511 0.014778325123152709 0.022364217252396165
3 0.9236453201970444 0.5127795527156549 0.04926108374384237 0.03514376996805112
3 0.8066502463054187 0.8722044728434505 0.017241379310344827 0.025559105431309903