3 0.2072192513368984 0.7226027397260274 0.040106951871657755 0.04794520547945205
3 0.24197860962566844 0.7277397260273972 0.01871657754010695 0.023972602739726026
3 0.5213903743315508 0.8390410958904109 0.0160427807486631 0.02054794520547945
3 0.7593582887700534 0.6746575342465753 0.0160427807486631 0.02054794520547945
3 0.8542780748663101 0.9537671232876712 0.12032085561497326 0.06506849315068493
1 0.8622994652406417 0.910958904109589 0.040106951871657755 0.0273972602739726
1 0.8997326203208555 0.7996575342465753 0.02406417112299465 0.030821917808219176
1 0.7553475935828876 0.7448630136986301 0.02406417112299465 0.03767123287671233
1 0.8582887700534759 0.7157534246575342 0.0160427807486631 0.0273972602739726
1 0.9291443850267379 0.7157534246575342 0.01871657754010695 0.03424657534246575
1 0.8489304812834224 0.7705479452054794 0.02406417112299465 0.0410958904109589
1 0.5508021390374331 0.7636986301369862 0.2245989304812834 0.136986301369863
1 0.35026737967914434 0.7397260273972602 0.0427807486631016 0.0547945205479452
1 0.6804812834224598 0.5188356164383562 0.034759358288770054 0.05821917808219178
1 0.4866310160427807 0.5205479452054794 0.11764705882352941 0.1643835616438356
1 0.3141711229946524 0.5068493150684932 0.05080213903743315 0.0547945205479452
1 0.3342245989304813 0.2705479452054794 0.0481283422459893 0.06164383561643835
1 0.4371657754010695 0.363013698630137 0.07219251336898395 0.0958904109589041
1 0.6403743315508021 0.3287671232876712 0.05614973262032085 0.07534246575342465
1 0.874331550802139 0.3904109589041096 0.053475935828877004 0.10273972602739725
1 0.7941176470588235 0.4366438356164383 0.06951871657754011 0.10616438356164383
1 0.8101604278074865 0.5376712328767123 0.0481283422459893 0.08904109589041095
1 0.7272727272727272 0.3253424657534246 0.053475935828877004 0.04794520547945205
1 0.6844919786096256 0.2928082191780822 0.0320855614973262 0.023972602739726026
1 0.6657754010695187 0.21746575342465752 0.058823529411764705 0.04452054794520548
1 0.5868983957219251 0.10616438356164383 0.05614973262032085 0.07534246575342465
1 0.5240641711229946 0.07363013698630136 0.0641711229946524 0.06506849315068493
1 0.7994652406417112 0.12842465753424656 0.267379679144385 0.11986301369863013
1 0.3074866310160428 0.136986301369863 0.053475935828877004 0.0547945205479452
1 0.31283422459893045 0.039383561643835614 0.0374331550802139 0.03767123287671233
3 0.4304812834224599 0.43321917808219174 0.0160427807486631 0.023972602739726026
3 0.0962566844919786 0.40410958904109584 0.0481283422459893 0.03424657534246575
3 0.24197860962566844 0.07534246575342465 0.01871657754010695 0.0273972602739726