3 0.7967479674796749 0.21951219512195122 0.04065040650406505 0.04878048780487805
3 0.7601626016260163 0.21680216802168023 0.016260162601626018 0.02168021680216802
3 0.46036585365853666 0.12466124661246612 0.014227642276422765 0.016260162601626015
3 0.21849593495934963 0.32926829268292684 0.014227642276422765 0.018970189701897018
3 0.10365853658536586 0.03252032520325203 0.12601626016260165 0.07046070460704607
1 0.09654471544715448 0.08130081300813008 0.03861788617886179 0.02710027100271003
1 0.06504065040650407 0.2073170731707317 0.024390243902439025 0.02981029810298103
1 0.21951219512195125 0.24932249322493225 0.024390243902439025 0.037940379403794036
1 0.1128048780487805 0.2940379403794038 0.014227642276422765 0.024390243902439025
1 0.03861788617886179 0.2994579945799458 0.016260162601626018 0.03523035230352303
1 0.11991869918699188 0.23170731707317074 0.020325203252032523 0.04065040650406504
1 0.4339430894308944 0.2086720867208672 0.233739837398374 0.14634146341463414
1 0.6453252032520326 0.21544715447154472 0.042682926829268296 0.056910569105691054
1 0.3109756097560976 0.4905149051490515 0.032520325203252036 0.05962059620596206
1 0.5152439024390244 0.470189701897019 0.11991869918699188 0.17615176151761516
1 0.6971544715447155 0.46476964769647694 0.052845528455284556 0.056910569105691054
1 0.6910569105691058 0.7262872628726287 0.04878048780487805 0.06504065040650406
1 0.5772357723577236 0.6368563685636857 0.07317073170731708 0.10298102981029811
1 0.36483739837398377 0.6937669376693767 0.05487804878048781 0.08130081300813008
1 0.11585365853658537 0.6504065040650406 0.052845528455284556 0.10840108401084012
1 0.19817073170731708 0.592140921409214 0.07113821138211383 0.1111111111111111
1 0.17479674796747968 0.4823848238482385 0.04878048780487805 0.0921409214092141
1 0.2733739837398374 0.7073170731707317 0.05487804878048781 0.04878048780487805
1 0.32113821138211385 0.7384823848238482 0.032520325203252036 0.024390243902439025
1 0.34451219512195125 0.8184281842818428 0.05894308943089432 0.04878048780487805
1 0.4339430894308944 0.9322493224932249 0.05487804878048781 0.08130081300813008
1 0.5020325203252033 0.9607046070460704 0.06504065040650407 0.06775067750677506
1 0.209349593495935 0.9308943089430894 0.2804878048780488 0.12737127371273713
1 0.7256097560975611 0.8699186991869918 0.052845528455284556 0.05420054200542006
1 0.7266260162601627 0.9769647696476965 0.03861788617886179 0.03523035230352303
3 0.5782520325203253 0.5582655826558266 0.014227642276422765 0.02168021680216802
3 0.9329268292682927 0.556910569105691 0.04878048780487805 0.03523035230352303
3 0.7987804878048781 0.9308943089430894 0.016260162601626018 0.024390243902439025