3 0.20121951219512196 0.7723577235772358 0.04065040650406505 0.04878048780487805
3 0.2378048780487805 0.7750677506775068 0.016260162601626018 0.02168021680216802
3 0.5376016260162603 0.8672086720867209 0.014227642276422765 0.016260162601626015
3 0.7794715447154472 0.6626016260162602 0.014227642276422765 0.018970189701897018
3 0.894308943089431 0.959349593495935 0.12601626016260165 0.07046070460704607
1 0.9014227642276423 0.9105691056910569 0.03861788617886179 0.02710027100271003
1 0.9329268292682927 0.7845528455284553 0.024390243902439025 0.02981029810298103
1 0.7784552845528456 0.7425474254742548 0.024390243902439025 0.037940379403794036
1 0.8851626016260163 0.6978319783197832 0.014227642276422765 0.024390243902439025
1 0.9593495934959351 0.6924119241192412 0.016260162601626018 0.03523035230352303
1 0.878048780487805 0.7601626016260162 0.020325203252032523 0.04065040650406504
1 0.5640243902439025 0.7831978319783198 0.233739837398374 0.14634146341463414
1 0.35264227642276424 0.7764227642276422 0.042682926829268296 0.056910569105691054
1 0.6869918699186992 0.5013550135501355 0.032520325203252036 0.05962059620596206
1 0.4827235772357724 0.521680216802168 0.11991869918699188 0.17615176151761516
1 0.3008130081300813 0.5271002710027101 0.052845528455284556 0.056910569105691054
1 0.3069105691056911 0.26558265582655827 0.04878048780487805 0.06504065040650406
1 0.4207317073170732 0.35501355013550134 0.07317073170731708 0.10298102981029811
1 0.633130081300813 0.2981029810298103 0.05487804878048781 0.08130081300813008
1 0.8821138211382115 0.34146341463414637 0.052845528455284556 0.10840108401084012
1 0.7997967479674798 0.3997289972899729 0.07113821138211383 0.1111111111111111
1 0.8231707317073171 0.5094850948509485 0.04878048780487805 0.0921409214092141
1 0.7245934959349595 0.2845528455284553 0.05487804878048781 0.04878048780487805
1 0.676829268292683 0.25338753387533874 0.032520325203252036 0.024390243902439025
1 0.6534552845528456 0.17344173441734417 0.05894308943089432 0.04878048780487805
1 0.5640243902439025 0.05962059620596206 0.05487804878048781 0.08130081300813008
1 0.49593495934959353 0.03116531165311653 0.06504065040650407 0.06775067750677506
1 0.7886178861788619 0.06097560975609756 0.2804878048780488 0.12737127371273713
1 0.2723577235772358 0.12195121951219512 0.052845528455284556 0.05420054200542006
1 0.27134146341463417 0.014905149051490514 0.03861788617886179 0.03523035230352303
3 0.41971544715447157 0.43360433604336046 0.014227642276422765 0.02168021680216802
3 0.06504065040650407 0.4349593495934959 0.04878048780487805 0.03523035230352303
3 0.19918699186991873 0.06097560975609756 0.016260162601626018 0.024390243902439025