3 0.20728643216080403 0.7624584717607974 0.04271356783919598 0.04983388704318937
3 0.24246231155778894 0.7657807308970099 0.017587939698492462 0.023255813953488372
3 0.5376884422110553 0.8621262458471761 0.01507537688442211 0.016611295681063124
3 0.7788944723618091 0.6677740863787376 0.01507537688442211 0.019933554817275746
3 0.8881909547738693 0.9601328903654486 0.12814070351758794 0.07308970099667775
1 0.8957286432160804 0.9119601328903655 0.04271356783919598 0.029900332225913623
1 0.928391959798995 0.7906976744186047 0.02763819095477387 0.03322259136212625
1 0.7763819095477387 0.7441860465116279 0.02512562814070352 0.03986710963455149
1 0.8819095477386935 0.7043189368770765 0.01507537688442211 0.026578073089700997
1 0.9560301507537688 0.6993355481727574 0.017587939698492462 0.036544850498338874
1 0.8756281407035176 0.7657807308970099 0.022613065326633167 0.04318936877076412
1 0.5640703517587939 0.7807308970099668 0.23366834170854273 0.1461794019933555
1 0.35678391959798994 0.7691029900332226 0.04522613065326633 0.05647840531561462
1 0.6884422110552764 0.5066445182724253 0.035175879396984924 0.06312292358803986
1 0.48743718592964824 0.5232558139534884 0.12060301507537688 0.17607973421926912
1 0.3077889447236181 0.5249169435215947 0.052763819095477386 0.059800664451827246
1 0.3165829145728643 0.2691029900332226 0.05025125628140704 0.0664451827242525
1 0.42839195979899497 0.3588039867109635 0.0728643216080402 0.10631229235880399
1 0.6381909547738693 0.3073089700996678 0.05527638190954774 0.08305647840531562
1 0.8844221105527639 0.3554817275747508 0.05527638190954774 0.10631229235880399
1 0.8027638190954774 0.41029900332225916 0.0728643216080402 0.10963455149501661
1 0.8241206030150754 0.5182724252491695 0.05025125628140704 0.09302325581395349
1 0.7286432160804021 0.2973421926910299 0.05527638190954774 0.04983388704318937
1 0.6821608040201005 0.26578073089701 0.032663316582914576 0.026578073089700997
1 0.6608040201005025 0.18604651162790697 0.06030150753768844 0.053156146179401995
1 0.5728643216080402 0.07142857142857142 0.05527638190954774 0.08305647840531562
1 0.5062814070351759 0.044850498338870434 0.0678391959798995 0.06976744186046512
1 0.7952261306532663 0.07973421926910298 0.27889447236180903 0.12624584717607973
1 0.2851758793969849 0.12790697674418605 0.052763819095477386 0.05647840531561462
1 0.2851758793969849 0.023255813953488372 0.04271356783919598 0.03986710963455149
3 0.4258793969849246 0.43521594684385384 0.017587939698492462 0.026578073089700997
3 0.07663316582914573 0.4285714285714286 0.052763819095477386 0.03986710963455149
3 0.2135678391959799 0.0664451827242525 0.020100502512562814 0.026578073089700997