0 0.08266666666666667 0.6853741496598639 0.096 0.11904761904761904
0 0.32266666666666666 0.18537414965986393 0.144 0.24149659863945577
0 0.17733333333333332 0.11224489795918367 0.072 0.08163265306122448
0 0.648 0.35374149659863946 0.2826666666666667 0.4013605442176871
0 0.9359999999999999 0.5782312925170068 0.07466666666666666 0.08163265306122448
3 0.5773333333333334 0.06462585034013606 0.04 0.05442176870748299
3 0.6053333333333333 0.14625850340136054 0.042666666666666665 0.027210884353741496
3 0.8053333333333333 0.36734693877551017 0.03733333333333333 0.03401360544217687
3 0.05466666666666666 0.5782312925170068 0.024 0.04081632653061224
3 0.05733333333333333 0.6224489795918368 0.034666666666666665 0.027210884353741496
3 0.292 0.9421768707482993 0.06666666666666667 0.047619047619047616
3 0.17333333333333334 0.8027210884353742 0.03733333333333333 0.11564625850340135