0 0.922752808988764 0.8786764705882353 0.14325842696629212 0.16176470588235295
0 0.9410112359550562 0.6121323529411765 0.09550561797752809 0.17279411764705882
0 0.5730337078651685 0.5496323529411765 0.1292134831460674 0.2977941176470588
0 0.7050561797752809 0.5036764705882353 0.10112359550561797 0.1838235294117647
0 0.7570224719101123 0.20955882352941177 0.18820224719101122 0.4117647058823529
0 0.29634831460674155 0.2555147058823529 0.1544943820224719 0.3713235294117647
0 0.35112359550561795 0.5808823529411765 0.15168539325842695 0.33088235294117646
0 0.13623595505617977 0.6066176470588235 0.2556179775280899 0.6911764705882353
3 0.273876404494382 0.6102941176470588 0.07584269662921347 0.23529411764705882
3 0.3188202247191011 0.6360294117647058 0.03089887640449438 0.0661764705882353
3 0.23735955056179775 0.36213235294117646 0.047752808988764044 0.14338235294117646