2 0.8851626016260163 0.5934959349593496 0.11991869918699188 0.3035230352303523
2 0.7916666666666667 0.23983739837398374 0.06707317073170732 0.4796747967479675
2 0.878048780487805 0.15040650406504066 0.10162601626016261 0.3008130081300813
4 0.926829268292683 0.6842818428184282 0.016260162601626018 0.013550135501355014
4 0.902439024390244 0.6355013550135501 0.02845528455284553 0.024390243902439025
4 0.8628048780487806 0.5962059620596206 0.010162601626016262 0.016260162601626015
4 0.8729674796747968 0.6084010840108401 0.010162601626016262 0.013550135501355014
4 0.8750000000000001 0.5826558265582655 0.010162601626016262 0.02168021680216802
4 0.8810975609756099 0.5311653116531165 0.022357723577235776 0.04878048780487805
4 0.7987804878048781 0.38482384823848237 0.012195121951219513 0.016260162601626015
4 0.8597560975609757 0.22357723577235772 0.012195121951219513 0.018970189701897018
4 0.7896341463414634 0.17886178861788618 0.010162601626016262 0.016260162601626015
4 0.8333333333333334 0.5338753387533876 0.012195121951219513 0.02168021680216802