0 0.09044715447154472 0.11382113821138211 0.17276422764227645 0.23306233062330622
0 0.8892276422764228 0.1111111111111111 0.06707317073170732 0.10840108401084012
0 0.7296747967479675 0.12195121951219512 0.04471544715447155 0.04336043360433604
0 0.7347560975609757 0.21138211382113822 0.05894308943089432 0.08672086720867209
0 0.8079268292682927 0.3008130081300813 0.09552845528455285 0.14092140921409213
0 0.7317073170731708 0.4281842818428184 0.06910569105691057 0.12466124661246612
0 0.6534552845528456 0.35365853658536583 0.05894308943089432 0.0948509485094851
0 0.6422764227642277 0.21544715447154472 0.06910569105691057 0.14905149051490515
0 0.5223577235772359 0.3428184281842818 0.13008130081300814 0.3170731707317073
0 0.5813008130081302 0.6707317073170732 0.05691056910569106 0.12737127371273713
0 0.7317073170731708 0.959349593495935 0.04878048780487805 0.07046070460704607