0 0.9247967479674798 0.9119241192411924 0.14227642276422767 0.16531165311653118
0 0.9481707317073171 0.6368563685636857 0.09552845528455285 0.17344173441734417
0 0.5752032520325204 0.556910569105691 0.13008130081300814 0.3062330623306233
0 0.7113821138211383 0.516260162601626 0.10162601626016261 0.18699186991869918
0 0.7703252032520326 0.21002710027100271 0.1869918699186992 0.4254742547425474
0 0.2987804878048781 0.24119241192411925 0.15447154471544716 0.38482384823848237
0 0.34756097560975613 0.5813008130081301 0.15040650406504066 0.33875338753387535
0 0.12703252032520326 0.6016260162601627 0.25813008130081305 0.7154471544715447
3 0.26930894308943093 0.6084010840108401 0.07520325203252033 0.24119241192411925
3 0.3140243902439025 0.6368563685636857 0.026422764227642278 0.06504065040650406
3 0.2367886178861789 0.3509485094850949 0.0467479674796748 0.14363143631436315