2 0.11077235772357724 0.5934959349593496 0.11991869918699188 0.3035230352303523
2 0.20426829268292684 0.23983739837398374 0.06707317073170732 0.4796747967479675
2 0.11788617886178863 0.15040650406504066 0.10162601626016261 0.3008130081300813
4 0.06910569105691057 0.6842818428184282 0.016260162601626018 0.013550135501355014
4 0.0934959349593496 0.6355013550135501 0.02845528455284553 0.024390243902439025
4 0.13313008130081302 0.5962059620596206 0.010162601626016262 0.016260162601626015
4 0.12296747967479676 0.6084010840108401 0.010162601626016262 0.013550135501355014
4 0.12093495934959352 0.5826558265582655 0.010162601626016262 0.02168021680216802
4 0.11483739837398375 0.5311653116531165 0.022357723577235776 0.04878048780487805
4 0.19715447154471546 0.38482384823848237 0.012195121951219513 0.016260162601626015
4 0.1361788617886179 0.22357723577235772 0.012195121951219513 0.018970189701897018
4 0.2063008130081301 0.17886178861788618 0.010162601626016262 0.016260162601626015
4 0.1626016260162602 0.5338753387533876 0.012195121951219513 0.02168021680216802