0 0.9220430107526882 0.1396551724137931 0.13978494623655915 0.15517241379310345
0 0.9314516129032259 0.39482758620689656 0.09408602150537636 0.16206896551724137
0 0.571236559139785 0.4379310344827586 0.12634408602150538 0.2827586206896552
0 0.7002688172043011 0.4844827586206896 0.09946236559139786 0.17586206896551723
0 0.7405913978494624 0.7689655172413793 0.18010752688172044 0.3931034482758621
0 0.29435483870967744 0.7017241379310345 0.1478494623655914 0.35517241379310344
0 0.3575268817204301 0.39482758620689656 0.14516129032258066 0.3137931034482759
0 0.1478494623655914 0.3586206896551724 0.24731182795698928 0.6551724137931034
3 0.28360215053763443 0.36379310344827587 0.07258064516129033 0.22413793103448276
3 0.32795698924731187 0.3413793103448276 0.02688172043010753 0.06206896551724138
3 0.24059139784946237 0.5982758620689655 0.0456989247311828 0.13448275862068965