2 0.350609756097561 0.34146341463414637 0.11991869918699188 0.3035230352303523
2 0.4441056910569106 0.6951219512195121 0.06707317073170732 0.4796747967479675
2 0.3577235772357724 0.7845528455284553 0.10162601626016261 0.3008130081300813
4 0.3089430894308943 0.2506775067750677 0.016260162601626018 0.013550135501355014
4 0.33333333333333337 0.2994579945799458 0.02845528455284553 0.024390243902439025
4 0.37296747967479676 0.33875338753387535 0.010162601626016262 0.016260162601626015
4 0.36280487804878053 0.3265582655826558 0.010162601626016262 0.013550135501355014
4 0.3607723577235773 0.3523035230352303 0.010162601626016262 0.02168021680216802
4 0.35467479674796754 0.4037940379403794 0.022357723577235776 0.04878048780487805
4 0.43699186991869926 0.5501355013550135 0.012195121951219513 0.016260162601626015
4 0.37601626016260165 0.7113821138211383 0.012195121951219513 0.018970189701897018
4 0.44613821138211385 0.7560975609756098 0.010162601626016262 0.016260162601626015
4 0.4024390243902439 0.4010840108401084 0.012195121951219513 0.02168021680216802