0 0.8912601626016261 0.8780487804878049 0.17276422764227645 0.23306233062330622
0 0.09247967479674797 0.8807588075880759 0.06707317073170732 0.10840108401084012
0 0.2520325203252033 0.8699186991869918 0.04471544715447155 0.04336043360433604
0 0.24695121951219515 0.7804878048780488 0.05894308943089432 0.08672086720867209
0 0.17378048780487806 0.6910569105691057 0.09552845528455285 0.14092140921409213
0 0.25 0.5636856368563685 0.06910569105691057 0.12466124661246612
0 0.32825203252032525 0.6382113821138211 0.05894308943089432 0.0948509485094851
0 0.33943089430894313 0.7764227642276422 0.06910569105691057 0.14905149051490515
0 0.459349593495935 0.6490514905149052 0.13008130081300814 0.3170731707317073
0 0.4004065040650407 0.32113821138211385 0.05691056910569106 0.12737127371273713
0 0.25 0.03252032520325203 0.04878048780487805 0.07046070460704607