2 0.10060975609756098 0.33062330623306235 0.11991869918699188 0.3035230352303523
2 0.19410569105691058 0.6842818428184282 0.06707317073170732 0.4796747967479675
2 0.10772357723577237 0.7737127371273713 0.10162601626016261 0.3008130081300813
4 0.05894308943089432 0.23983739837398374 0.016260162601626018 0.013550135501355014
4 0.08333333333333334 0.2886178861788618 0.02845528455284553 0.024390243902439025
4 0.12296747967479676 0.32791327913279134 0.010162601626016262 0.016260162601626015
4 0.1128048780487805 0.3157181571815718 0.010162601626016262 0.013550135501355014
4 0.11077235772357724 0.34146341463414637 0.010162601626016262 0.02168021680216802
4 0.1046747967479675 0.39295392953929537 0.022357723577235776 0.04878048780487805
4 0.1869918699186992 0.5392953929539296 0.012195121951219513 0.016260162601626015
4 0.12601626016260165 0.7005420054200542 0.012195121951219513 0.018970189701897018
4 0.19613821138211385 0.7452574525745257 0.010162601626016262 0.016260162601626015
4 0.15243902439024393 0.3902439024390244 0.012195121951219513 0.02168021680216802