0 0.9 0.8692579505300353 0.17333333333333334 0.2332155477031802
0 0.10666666666666666 0.881625441696113 0.06933333333333333 0.10954063604240283
0 0.2653333333333333 0.8692579505300353 0.04533333333333333 0.04946996466431095
0 0.26 0.7809187279151943 0.06133333333333333 0.09187279151943463
0 0.18666666666666665 0.6925795053003534 0.096 0.1413427561837456
0 0.2613333333333333 0.5671378091872792 0.06933333333333333 0.12367491166077739
0 0.33999999999999997 0.6395759717314488 0.06133333333333333 0.0989399293286219
0 0.3506666666666667 0.7756183745583038 0.072 0.1519434628975265
0 0.4693333333333333 0.6484098939929328 0.13333333333333333 0.31448763250883394
0 0.408 0.3250883392226148 0.058666666666666666 0.127208480565371
0 0.2573333333333333 0.04240282685512367 0.050666666666666665 0.0706713780918728