0 0.926829268292683 0.08265582655826559 0.14227642276422767 0.16531165311653118
0 0.9502032520325204 0.35772357723577236 0.09552845528455285 0.17344173441734417
0 0.5772357723577236 0.43766937669376693 0.13008130081300814 0.3062330623306233
0 0.7134146341463415 0.47831978319783197 0.10162601626016261 0.18699186991869918
0 0.7723577235772359 0.7845528455284553 0.1869918699186992 0.4254742547425474
0 0.3008130081300813 0.7533875338753387 0.15447154471544716 0.38482384823848237
0 0.34959349593495936 0.4132791327913279 0.15040650406504066 0.33875338753387535
0 0.12906504065040653 0.39295392953929537 0.25813008130081305 0.7154471544715447
3 0.27134146341463417 0.3861788617886179 0.07520325203252033 0.24119241192411925
3 0.31605691056910573 0.35772357723577236 0.026422764227642278 0.06504065040650406
3 0.23882113821138215 0.6436314363143631 0.0467479674796748 0.14363143631436315