0 0.925974025974026 0.10921501706484642 0.14285714285714285 0.16382252559726962
0 0.9441558441558442 0.37542662116040953 0.09610389610389611 0.17064846416382254
0 0.5766233766233766 0.4402730375426621 0.12987012987012986 0.3003412969283277
0 0.7090909090909091 0.48464163822525597 0.1038961038961039 0.18430034129692832
0 0.7610389610389611 0.7815699658703071 0.18701298701298702 0.41638225255972694
0 0.2987012987012987 0.7372013651877133 0.15584415584415584 0.37542662116040953
0 0.35324675324675325 0.4112627986348123 0.15064935064935064 0.3310580204778157
0 0.13636363636363635 0.3822525597269625 0.2571428571428571 0.6962457337883959
3 0.2766233766233766 0.38054607508532423 0.07532467532467532 0.2354948805460751
3 0.3207792207792208 0.35494880546075086 0.02857142857142857 0.06825938566552901
3 0.24025974025974026 0.6279863481228669 0.04935064935064935 0.14334470989761092