2 0.8668699186991871 0.3170731707317073 0.11991869918699188 0.3035230352303523
2 0.7733739837398375 0.6707317073170732 0.06707317073170732 0.4796747967479675
2 0.8597560975609757 0.7601626016260162 0.10162601626016261 0.3008130081300813
4 0.9085365853658538 0.22628726287262874 0.016260162601626018 0.013550135501355014
4 0.8841463414634148 0.2750677506775068 0.02845528455284553 0.024390243902439025
4 0.8445121951219513 0.3143631436314363 0.010162601626016262 0.016260162601626015
4 0.8546747967479675 0.3021680216802168 0.010162601626016262 0.013550135501355014
4 0.8567073170731708 0.32791327913279134 0.010162601626016262 0.02168021680216802
4 0.8628048780487806 0.3794037940379404 0.022357723577235776 0.04878048780487805
4 0.7804878048780488 0.5257452574525745 0.012195121951219513 0.016260162601626015
4 0.8414634146341464 0.6869918699186992 0.012195121951219513 0.018970189701897018
4 0.7713414634146343 0.7317073170731707 0.010162601626016262 0.016260162601626015
4 0.8150406504065042 0.37669376693766937 0.012195121951219513 0.02168021680216802