0 0.9115853658536587 0.8807588075880759 0.17276422764227645 0.23306233062330622
0 0.1128048780487805 0.8834688346883469 0.06707317073170732 0.10840108401084012
0 0.2723577235772358 0.8726287262872628 0.04471544715447155 0.04336043360433604
0 0.2672764227642277 0.7831978319783198 0.05894308943089432 0.08672086720867209
0 0.19410569105691058 0.6937669376693767 0.09552845528455285 0.14092140921409213
0 0.2703252032520326 0.5663956639566395 0.06910569105691057 0.12466124661246612
0 0.3485772357723578 0.6409214092140921 0.05894308943089432 0.0948509485094851
0 0.35975609756097565 0.7791327913279132 0.06910569105691057 0.14905149051490515
0 0.47967479674796754 0.6517615176151762 0.13008130081300814 0.3170731707317073
0 0.4207317073170732 0.3238482384823848 0.05691056910569106 0.12737127371273713
0 0.2703252032520326 0.03523035230352303 0.04878048780487805 0.07046070460704607