0 0.08050847457627118 0.9104477611940298 0.1440677966101695 0.16417910447761194
0 0.05367231638418079 0.6436567164179104 0.096045197740113 0.17537313432835822
0 0.4209039548022599 0.5578358208955224 0.12994350282485875 0.30223880597014924
0 0.2867231638418079 0.5223880597014925 0.10451977401129943 0.18656716417910446
0 0.2245762711864407 0.22388059701492538 0.18926553672316385 0.417910447761194
0 0.690677966101695 0.24253731343283583 0.1553672316384181 0.3805970149253731
0 0.6454802259887006 0.5764925373134329 0.1497175141242938 0.332089552238806
0 0.8629943502824858 0.5932835820895522 0.2570621468926554 0.7014925373134329
3 0.7231638418079096 0.6007462686567164 0.0790960451977401 0.23880597014925373
3 0.6793785310734464 0.6305970149253731 0.031073446327683614 0.06716417910447761
3 0.7528248587570622 0.34888059701492535 0.0480225988700565 0.1455223880597015