2 0.116869918699187 0.6124661246612466 0.11991869918699188 0.3035230352303523
2 0.2103658536585366 0.2588075880758808 0.06707317073170732 0.4796747967479675
2 0.12398373983739838 0.16937669376693767 0.10162601626016261 0.3008130081300813
4 0.07520325203252033 0.7032520325203252 0.016260162601626018 0.013550135501355014
4 0.09959349593495936 0.6544715447154471 0.02845528455284553 0.024390243902439025
4 0.13922764227642279 0.6151761517615176 0.010162601626016262 0.016260162601626015
4 0.12906504065040653 0.6273712737127372 0.010162601626016262 0.013550135501355014
4 0.12703252032520326 0.6016260162601627 0.010162601626016262 0.02168021680216802
4 0.12093495934959352 0.5501355013550135 0.022357723577235776 0.04878048780487805
4 0.20325203252032523 0.4037940379403794 0.012195121951219513 0.016260162601626015
4 0.14227642276422767 0.24254742547425473 0.012195121951219513 0.018970189701897018
4 0.21239837398373987 0.1978319783197832 0.010162601626016262 0.016260162601626015
4 0.16869918699186995 0.5528455284552846 0.012195121951219513 0.02168021680216802