1 0.5914634146341464 0.13143631436314362 0.14227642276422767 0.17073170731707318
1 0.2987804878048781 0.02710027100271003 0.14227642276422767 0.05420054200542006
3 0.8750000000000001 0.12466124661246612 0.026422764227642278 0.02168021680216802
3 0.8150406504065042 0.36720867208672087 0.032520325203252036 0.02981029810298103
3 0.4207317073170732 0.03523035230352303 0.016260162601626018 0.016260162601626015
3 0.037601626016260166 0.2506775067750677 0.03861788617886179 0.04607046070460705
3 0.10162601626016261 0.11924119241192412 0.06910569105691057 0.04336043360433604
3 0.3556910569105691 0.5813008130081301 0.020325203252032523 0.06233062330623306
3 0.03150406504065041 0.6531165311653117 0.06300813008130082 0.03252032520325203
3 0.4908536585365854 0.8224932249322493 0.022357723577235776 0.013550135501355014
3 0.23170731707317074 0.9552845528455285 0.032520325203252036 0.02981029810298103
3 0.2367886178861789 0.8997289972899729 0.034552845528455285 0.016260162601626015