1 0.6199186991869919 0.8577235772357723 0.14227642276422767 0.17073170731707318
1 0.3272357723577236 0.962059620596206 0.14227642276422767 0.05420054200542006
3 0.9034552845528456 0.8644986449864499 0.026422764227642278 0.02168021680216802
3 0.8434959349593497 0.6219512195121951 0.032520325203252036 0.02981029810298103
3 0.44918699186991873 0.9539295392953929 0.016260162601626018 0.016260162601626015
3 0.0660569105691057 0.7384823848238482 0.03861788617886179 0.04607046070460705
3 0.13008130081300814 0.8699186991869918 0.06910569105691057 0.04336043360433604
3 0.3841463414634147 0.4078590785907859 0.020325203252032523 0.06233062330623306
3 0.05995934959349594 0.33604336043360433 0.06300813008130082 0.03252032520325203
3 0.519308943089431 0.16666666666666666 0.022357723577235776 0.013550135501355014
3 0.2601626016260163 0.03387533875338753 0.032520325203252036 0.02981029810298103
3 0.2652439024390244 0.08943089430894309 0.034552845528455285 0.016260162601626015