1 0.5914634146341464 0.8631436314363143 0.14227642276422767 0.17073170731707318
1 0.2987804878048781 0.967479674796748 0.14227642276422767 0.05420054200542006
3 0.8750000000000001 0.8699186991869918 0.026422764227642278 0.02168021680216802
3 0.8150406504065042 0.6273712737127372 0.032520325203252036 0.02981029810298103
3 0.4207317073170732 0.959349593495935 0.016260162601626018 0.016260162601626015
3 0.037601626016260166 0.7439024390243902 0.03861788617886179 0.04607046070460705
3 0.10162601626016261 0.8753387533875339 0.06910569105691057 0.04336043360433604
3 0.3556910569105691 0.4132791327913279 0.020325203252032523 0.06233062330623306
3 0.03150406504065041 0.34146341463414637 0.06300813008130082 0.03252032520325203
3 0.4908536585365854 0.17208672086720866 0.022357723577235776 0.013550135501355014
3 0.23170731707317074 0.03929539295392954 0.032520325203252036 0.02981029810298103
3 0.2367886178861789 0.0948509485094851 0.034552845528455285 0.016260162601626015