1 0.5833333333333334 0.13619402985074627 0.1440677966101695 0.16791044776119401
1 0.2937853107344633 0.03917910447761194 0.14124293785310735 0.055970149253731345
3 0.8629943502824858 0.12313432835820895 0.031073446327683614 0.022388059701492536
3 0.807909604519774 0.36007462686567165 0.03389830508474576 0.033582089552238806
3 0.4138418079096045 0.046641791044776115 0.019774011299435026 0.018656716417910446
3 0.03954802259887005 0.2630597014925373 0.03954802259887005 0.048507462686567165
3 0.10028248587570622 0.13432835820895522 0.07062146892655367 0.04477611940298507
3 0.3559322033898305 0.5802238805970149 0.022598870056497175 0.06343283582089553
3 0.038135593220338986 0.6567164179104478 0.06497175141242938 0.03731343283582089
3 0.4929378531073446 0.8134328358208955 0.025423728813559324 0.014925373134328358
3 0.2387005649717514 0.9477611940298507 0.03672316384180791 0.029850746268656716
3 0.2443502824858757 0.8936567164179104 0.03672316384180791 0.018656716417910446