1 0.6053333333333333 0.8573943661971831 0.144 0.17253521126760563
1 0.316 0.9542253521126761 0.14133333333333334 0.056338028169014086
3 0.8866666666666666 0.8679577464788732 0.029333333333333333 0.024647887323943664
3 0.8293333333333333 0.6320422535211268 0.03733333333333333 0.03169014084507042
3 0.436 0.9471830985915494 0.018666666666666665 0.02112676056338028
3 0.06 0.7288732394366197 0.04 0.04929577464788733
3 0.12266666666666666 0.8573943661971831 0.06933333333333333 0.045774647887323945
3 0.37866666666666665 0.4119718309859155 0.021333333333333333 0.06338028169014084
3 0.058666666666666666 0.3345070422535211 0.064 0.035211267605633804
3 0.5146666666666666 0.1795774647887324 0.026666666666666665 0.014084507042253521
3 0.26 0.04401408450704226 0.034666666666666665 0.03169014084507042
3 0.2653333333333333 0.09859154929577466 0.034666666666666665 0.02112676056338028