0 0.46646341463414637 0.46883468834688347 0.07926829268292684 0.0921409214092141
0 0.5497967479674797 0.4634146341463415 0.07520325203252033 0.0975609756097561
2 0.39837398373983746 0.5677506775067751 0.23983739837398377 0.5447154471544715
2 0.5569105691056911 0.9173441734417345 0.5406504065040652 0.14363143631436315
4 0.3577235772357724 0.43089430894308944 0.03658536585365854 0.05420054200542006
4 0.33130081300813014 0.7547425474254743 0.032520325203252036 0.03523035230352303
4 0.4237804878048781 0.7804878048780488 0.022357723577235776 0.02168021680216802
4 0.43292682926829273 0.8170731707317073 0.02845528455284553 0.024390243902439025
4 0.7601626016260163 0.9715447154471545 0.032520325203252036 0.02981029810298103
3 0.7764227642276423 0.3685636856368564 0.04065040650406505 0.05420054200542006
3 0.6727642276422765 0.462059620596206 0.024390243902439025 0.04065040650406504
3 0.5894308943089431 0.48644986449864497 0.02845528455284553 0.07317073170731707
3 0.7418699186991871 0.5948509485094851 0.02845528455284553 0.03523035230352303
3 0.7266260162601627 0.3902439024390244 0.030487804878048783 0.05420054200542006
4 0.592479674796748 0.959349593495935 0.07113821138211383 0.05962059620596206
4 0.5040650406504066 0.9214092140921409 0.05691056910569106 0.03252032520325203