0 0.4359756097560976 0.5718157181571816 0.07926829268292684 0.0921409214092141
0 0.35264227642276424 0.5772357723577236 0.07520325203252033 0.0975609756097561
2 0.5040650406504066 0.47289972899729 0.23983739837398377 0.5447154471544715
2 0.3455284552845529 0.12330623306233063 0.5406504065040652 0.14363143631436315
4 0.5447154471544716 0.6097560975609756 0.03658536585365854 0.05420054200542006
4 0.5711382113821138 0.2859078590785908 0.032520325203252036 0.03523035230352303
4 0.4786585365853659 0.26016260162601623 0.022357723577235776 0.02168021680216802
4 0.46951219512195125 0.22357723577235772 0.02845528455284553 0.024390243902439025
4 0.14227642276422767 0.06910569105691057 0.032520325203252036 0.02981029810298103
3 0.12601626016260165 0.6720867208672087 0.04065040650406505 0.05420054200542006
3 0.2296747967479675 0.5785907859078591 0.024390243902439025 0.04065040650406504
3 0.31300813008130085 0.55420054200542 0.02845528455284553 0.07317073170731707
3 0.16056910569105692 0.44579945799457993 0.02845528455284553 0.03523035230352303
3 0.17581300813008133 0.6504065040650406 0.030487804878048783 0.05420054200542006
4 0.30995934959349597 0.08130081300813008 0.07113821138211383 0.05962059620596206
4 0.39837398373983746 0.11924119241192412 0.05691056910569106 0.03252032520325203