0 0.16056910569105692 0.1070460704607046 0.23170731707317074 0.2140921409214092
0 0.021341463414634148 0.014905149051490514 0.0467479674796748 0.02981029810298103
0 0.015243902439024392 0.17886178861788618 0.034552845528455285 0.15718157181571815
0 0.17479674796747968 0.8130081300813008 0.08536585365853659 0.10298102981029811
0 0.07621951219512196 0.9065040650406504 0.15650406504065043 0.18157181571815717
3 0.7459349593495935 0.6314363143631436 0.04065040650406505 0.05420054200542006
3 0.6168699186991871 0.5433604336043361 0.022357723577235776 0.02981029810298103
3 0.603658536585366 0.5203252032520325 0.016260162601626018 0.02710027100271003
3 0.5609756097560976 0.46070460704607047 0.03658536585365854 0.04878048780487805
3 0.6920731707317074 0.7140921409214093 0.05894308943089432 0.1111111111111111
3 0.2754065040650407 0.5 0.05081300813008131 0.03523035230352303
3 0.24491869918699188 0.5623306233062331 0.026422764227642278 0.06775067750677506
3 0.225609756097561 0.6409214092140921 0.04878048780487805 0.03523035230352303
3 0.4888211382113822 0.8807588075880759 0.0467479674796748 0.07046070460704607