0 0.4438356164383562 0.5890909090909091 0.0821917808219178 0.09454545454545454
0 0.36164383561643837 0.5927272727272728 0.07671232876712329 0.10181818181818182
2 0.5095890410958904 0.4890909090909091 0.2410958904109589 0.5418181818181819
2 0.35205479452054794 0.14545454545454545 0.5397260273972603 0.14545454545454545
4 0.5506849315068493 0.6236363636363637 0.038356164383561646 0.05454545454545454
4 0.5767123287671233 0.30363636363636365 0.03561643835616438 0.04
4 0.48356164383561645 0.2781818181818182 0.024657534246575342 0.025454545454545455
4 0.47534246575342465 0.24363636363636362 0.030136986301369864 0.02909090909090909
4 0.14931506849315068 0.09272727272727273 0.03561643835616438 0.03272727272727273
3 0.136986301369863 0.6890909090909091 0.043835616438356165 0.05454545454545454
3 0.23835616438356164 0.5963636363636363 0.0273972602739726 0.04363636363636364
3 0.3219178082191781 0.5709090909090909 0.030136986301369864 0.07272727272727272
3 0.1684931506849315 0.46545454545454545 0.030136986301369864 0.03636363636363636
3 0.1863013698630137 0.6672727272727272 0.03287671232876713 0.05454545454545454
4 0.31643835616438354 0.10363636363636364 0.07397260273972603 0.06181818181818182
4 0.4041095890410959 0.14181818181818182 0.057534246575342465 0.03636363636363636