0 0.7865853658536586 0.8875338753387534 0.23170731707317074 0.2140921409214092
0 0.9258130081300814 0.9796747967479674 0.0467479674796748 0.02981029810298103
0 0.9319105691056911 0.8157181571815718 0.034552845528455285 0.15718157181571815
0 0.7723577235772359 0.18157181571815717 0.08536585365853659 0.10298102981029811
0 0.8709349593495936 0.08807588075880758 0.15650406504065043 0.18157181571815717
3 0.20121951219512196 0.36314363143631434 0.04065040650406505 0.05420054200542006
3 0.3302845528455285 0.45121951219512196 0.022357723577235776 0.02981029810298103
3 0.3434959349593496 0.4742547425474255 0.016260162601626018 0.02710027100271003
3 0.38617886178861793 0.5338753387533876 0.03658536585365854 0.04878048780487805
3 0.25508130081300817 0.2804878048780488 0.05894308943089432 0.1111111111111111
3 0.6717479674796749 0.494579945799458 0.05081300813008131 0.03523035230352303
3 0.7022357723577236 0.43224932249322495 0.026422764227642278 0.06775067750677506
3 0.7215447154471546 0.35365853658536583 0.04878048780487805 0.03523035230352303
3 0.45833333333333337 0.11382113821138211 0.0467479674796748 0.07046070460704607