0 0.4502032520325204 0.47696476964769646 0.07926829268292684 0.0921409214092141
0 0.366869918699187 0.4715447154471545 0.07520325203252033 0.0975609756097561
2 0.5182926829268293 0.575880758807588 0.23983739837398377 0.5447154471544715
2 0.35975609756097565 0.9254742547425474 0.5406504065040652 0.14363143631436315
4 0.5589430894308943 0.43902439024390244 0.03658536585365854 0.05420054200542006
4 0.5853658536585367 0.7628726287262872 0.032520325203252036 0.03523035230352303
4 0.49288617886178865 0.7886178861788617 0.022357723577235776 0.02168021680216802
4 0.48373983739837406 0.8252032520325203 0.02845528455284553 0.024390243902439025
4 0.15650406504065043 0.9796747967479674 0.032520325203252036 0.02981029810298103
3 0.1402439024390244 0.37669376693766937 0.04065040650406505 0.05420054200542006
3 0.24390243902439027 0.470189701897019 0.024390243902439025 0.04065040650406504
3 0.3272357723577236 0.494579945799458 0.02845528455284553 0.07317073170731707
3 0.17479674796747968 0.6029810298102981 0.02845528455284553 0.03523035230352303
3 0.19004065040650409 0.3983739837398374 0.030487804878048783 0.05420054200542006
4 0.32418699186991873 0.967479674796748 0.07113821138211383 0.05962059620596206
4 0.4126016260162602 0.9295392953929539 0.05691056910569106 0.03252032520325203