0 0.4703504043126685 0.3931034482758621 0.07816711590296496 0.0896551724137931
0 0.3921832884097035 0.3810344827586207 0.07277628032345014 0.09310344827586206
2 0.5296495956873316 0.4896551724137931 0.22911051212938008 0.496551724137931
2 0.362533692722372 0.7913793103448276 0.5148247978436657 0.13448275862068965
4 0.5768194070080863 0.3689655172413793 0.03773584905660378 0.05517241379310345
4 0.5835579514824798 0.6655172413793103 0.03504043126684636 0.034482758620689655
4 0.4946091644204852 0.6793103448275862 0.02425876010781671 0.020689655172413793
4 0.4838274932614556 0.7120689655172414 0.02964959568733154 0.02413793103448276
4 0.16711590296495957 0.8224137931034483 0.03234501347708895 0.03103448275862069
3 0.18328840970350405 0.27413793103448275 0.0431266846361186 0.05172413793103448
3 0.2762803234501348 0.3689655172413793 0.02425876010781671 0.041379310344827586
3 0.35444743935309975 0.39827586206896554 0.02964959568733154 0.07241379310344828
3 0.20350404312668466 0.48275862068965514 0.02964959568733154 0.034482758620689655
3 0.22911051212938008 0.2982758620689655 0.03234501347708895 0.05172413793103448
4 0.3261455525606469 0.8258620689655173 0.07008086253369272 0.05862068965517241
4 0.4110512129380054 0.8 0.05660377358490566 0.034482758620689655