0 0.8178391959798995 0.10855263157894736 0.228643216080402 0.21052631578947367
0 0.9510050251256281 0.014802631578947368 0.04773869346733668 0.029605263157894735
0 0.9610552763819096 0.17269736842105263 0.03768844221105528 0.15460526315789472
0 0.8190954773869347 0.7845394736842105 0.08542713567839195 0.10197368421052631
0 0.9170854271356784 0.8717105263157894 0.15577889447236182 0.17763157894736842
3 0.25753768844221103 0.6332236842105263 0.04271356783919598 0.05592105263157894
3 0.38190954773869346 0.544407894736842 0.02512562814070352 0.029605263157894735
3 0.39321608040201006 0.5213815789473684 0.017587939698492462 0.029605263157894735
3 0.4334170854271357 0.4621710526315789 0.03768844221105528 0.049342105263157895
3 0.31155778894472363 0.7105263157894737 0.06030150753768844 0.11184210526315788
3 0.714824120603015 0.4884868421052631 0.052763819095477386 0.03618421052631579
3 0.7449748743718593 0.5476973684210527 0.02763819095477387 0.06907894736842105
3 0.7663316582914573 0.6233552631578947 0.05025125628140704 0.03618421052631579
3 0.5138190954773869 0.8618421052631579 0.04773869346733668 0.07236842105263158