0 0.1829268292682927 0.1043360433604336 0.23170731707317074 0.2140921409214092
0 0.04369918699186992 0.012195121951219513 0.0467479674796748 0.02981029810298103
0 0.037601626016260166 0.17615176151761516 0.034552845528455285 0.15718157181571815
0 0.19715447154471546 0.8102981029810298 0.08536585365853659 0.10298102981029811
0 0.09857723577235773 0.9037940379403794 0.15650406504065043 0.18157181571815717
3 0.7682926829268294 0.6287262872628726 0.04065040650406505 0.05420054200542006
3 0.6392276422764228 0.540650406504065 0.022357723577235776 0.02981029810298103
3 0.6260162601626017 0.5176151761517616 0.016260162601626018 0.02710027100271003
3 0.5833333333333334 0.45799457994579945 0.03658536585365854 0.04878048780487805
3 0.7144308943089431 0.7113821138211383 0.05894308943089432 0.1111111111111111
3 0.29776422764227645 0.497289972899729 0.05081300813008131 0.03523035230352303
3 0.2672764227642277 0.559620596205962 0.026422764227642278 0.06775067750677506
3 0.24796747967479676 0.6382113821138211 0.04878048780487805 0.03523035230352303
3 0.5111788617886179 0.8780487804878049 0.0467479674796748 0.07046070460704607