0 0.5457317073170732 0.5176151761517616 0.07926829268292684 0.0921409214092141
0 0.6290650406504066 0.5230352303523035 0.07520325203252033 0.0975609756097561
2 0.4776422764227643 0.4186991869918699 0.23983739837398377 0.5447154471544715
2 0.6361788617886179 0.06910569105691057 0.5406504065040652 0.14363143631436315
4 0.43699186991869926 0.5555555555555556 0.03658536585365854 0.05420054200542006
4 0.410569105691057 0.23170731707317074 0.032520325203252036 0.03523035230352303
4 0.5030487804878049 0.20596205962059622 0.022357723577235776 0.02168021680216802
4 0.5121951219512195 0.16937669376693767 0.02845528455284553 0.024390243902439025
4 0.8394308943089431 0.014905149051490514 0.032520325203252036 0.02981029810298103
3 0.8556910569105692 0.6178861788617886 0.04065040650406505 0.05420054200542006
3 0.7520325203252033 0.524390243902439 0.024390243902439025 0.04065040650406504
3 0.66869918699187 0.5 0.02845528455284553 0.07317073170731707
3 0.821138211382114 0.3915989159891599 0.02845528455284553 0.03523035230352303
3 0.8058943089430896 0.5962059620596206 0.030487804878048783 0.05420054200542006
4 0.6717479674796749 0.02710027100271003 0.07113821138211383 0.05962059620596206
4 0.5833333333333334 0.06504065040650406 0.05691056910569106 0.03252032520325203