0 0.5457317073170732 0.47696476964769646 0.07926829268292684 0.0921409214092141
0 0.6290650406504066 0.4715447154471545 0.07520325203252033 0.0975609756097561
2 0.4776422764227643 0.575880758807588 0.23983739837398377 0.5447154471544715
2 0.6361788617886179 0.9254742547425474 0.5406504065040652 0.14363143631436315
4 0.43699186991869926 0.43902439024390244 0.03658536585365854 0.05420054200542006
4 0.410569105691057 0.7628726287262872 0.032520325203252036 0.03523035230352303
4 0.5030487804878049 0.7886178861788617 0.022357723577235776 0.02168021680216802
4 0.5121951219512195 0.8252032520325203 0.02845528455284553 0.024390243902439025
4 0.8394308943089431 0.9796747967479674 0.032520325203252036 0.02981029810298103
3 0.8556910569105692 0.37669376693766937 0.04065040650406505 0.05420054200542006
3 0.7520325203252033 0.470189701897019 0.024390243902439025 0.04065040650406504
3 0.66869918699187 0.494579945799458 0.02845528455284553 0.07317073170731707
3 0.821138211382114 0.6029810298102981 0.02845528455284553 0.03523035230352303
3 0.8058943089430896 0.3983739837398374 0.030487804878048783 0.05420054200542006
4 0.6717479674796749 0.967479674796748 0.07113821138211383 0.05962059620596206
4 0.5833333333333334 0.9295392953929539 0.05691056910569106 0.03252032520325203