0 0.4541062801932367 0.47384615384615386 0.07729468599033816 0.08615384615384615
0 0.3756038647342995 0.46 0.0748792270531401 0.08923076923076922
2 0.5120772946859903 0.5692307692307692 0.22705314009661834 0.49230769230769234
2 0.34178743961352653 0.8661538461538462 0.5096618357487922 0.13230769230769232
4 0.5567632850241545 0.45076923076923076 0.036231884057971016 0.052307692307692305
4 0.5628019323671497 0.7430769230769231 0.033816425120772944 0.033846153846153845
4 0.47342995169082125 0.7569230769230769 0.024154589371980676 0.024615384615384615
4 0.46376811594202894 0.7876923076923077 0.02898550724637681 0.024615384615384615
4 0.1473429951690821 0.8923076923076924 0.033816425120772944 0.03076923076923077
3 0.16908212560386474 0.3523076923076923 0.03864734299516908 0.052307692307692305
3 0.2608695652173913 0.4461538461538462 0.024154589371980676 0.03692307692307692
3 0.33695652173913043 0.47692307692307695 0.03140096618357488 0.06769230769230769
3 0.18840579710144928 0.5584615384615385 0.02898550724637681 0.033846153846153845
3 0.21376811594202896 0.3769230769230769 0.03140096618357488 0.052307692307692305
4 0.3055555555555555 0.9 0.07004830917874395 0.05846153846153846
4 0.3900966183574879 0.8753846153846154 0.05555555555555555 0.033846153846153845