1 0.10136986301369863 0.697463768115942 0.0273972602739726 0.025362318840579712
1 0.0958904109589041 0.6521739130434783 0.016438356164383564 0.028985507246376812
1 0.08493150684931507 0.4945652173913044 0.0273972602739726 0.04710144927536232
1 0.32465753424657534 0.24456521739130435 0.024657534246575342 0.03985507246376812
1 0.32602739726027397 0.36594202898550726 0.0273972602739726 0.028985507246376812
1 0.32465753424657534 0.411231884057971 0.024657534246575342 0.025362318840579712
1 0.263013698630137 0.5253623188405797 0.016438356164383564 0.028985507246376812
1 0.24383561643835616 0.30434782608695654 0.016438356164383564 0.028985507246376812
1 0.2397260273972603 0.4384057971014493 0.024657534246575342 0.028985507246376812
1 0.3506849315068493 0.6141304347826088 0.043835616438356165 0.03260869565217391
1 0.1547945205479452 0.6920289855072463 0.019178082191780823 0.036231884057971016
1 0.226027397260274 0.6068840579710145 0.019178082191780823 0.025362318840579712
1 0.23835616438356164 0.644927536231884 0.016438356164383564 0.021739130434782608
1 0.1780821917808219 0.6557971014492754 0.016438356164383564 0.014492753623188406
1 0.2136986301369863 0.6557971014492754 0.016438356164383564 0.021739130434782608
3 0.03424657534246575 0.1956521739130435 0.052054794520547946 0.043478260869565216
3 0.10547945205479452 0.15760869565217392 0.04657534246575343 0.05434782608695652
3 0.20273972602739726 0.12681159420289856 0.07671232876712329 0.07246376811594203
3 0.028767123287671233 0.016304347826086956 0.0410958904109589 0.03260869565217391