1 0.10576923076923078 0.6690391459074733 0.024725274725274728 0.028469750889679714
1 0.10164835164835166 0.6263345195729537 0.016483516483516484 0.028469750889679714
1 0.09615384615384616 0.4750889679715302 0.027472527472527476 0.046263345195729534
1 0.33653846153846156 0.2473309608540925 0.024725274725274728 0.03914590747330961
1 0.3337912087912088 0.36298932384341637 0.024725274725274728 0.028469750889679714
1 0.33241758241758246 0.4074733096085409 0.027472527472527476 0.02491103202846975
1 0.2678571428571429 0.5124555160142349 0.013736263736263738 0.028469750889679714
1 0.2568681318681319 0.30071174377224197 0.019230769230769232 0.02491103202846975
1 0.24862637362637366 0.4270462633451957 0.024725274725274728 0.028469750889679714
1 0.3502747252747253 0.603202846975089 0.041208791208791215 0.03202846975088968
1 0.157967032967033 0.6654804270462633 0.019230769230769232 0.03558718861209964
1 0.23076923076923078 0.5871886120996441 0.016483516483516484 0.021352313167259787
1 0.2417582417582418 0.6263345195729537 0.016483516483516484 0.021352313167259787
1 0.1826923076923077 0.6334519572953736 0.013736263736263738 0.014234875444839857
1 0.21703296703296704 0.6352313167259787 0.016483516483516484 0.01779359430604982
3 0.05494505494505495 0.18861209964412812 0.049450549450549455 0.042704626334519574
3 0.1263736263736264 0.15658362989323843 0.04395604395604396 0.0498220640569395
3 0.22115384615384617 0.1298932384341637 0.07417582417582418 0.06761565836298931
3 0.05631868131868132 0.01601423487544484 0.041208791208791215 0.03202846975088968