1 0.8652777777777778 0.7065217391304348 0.025 0.028985507246376812
1 0.8694444444444445 0.6630434782608696 0.016666666666666666 0.028985507246376812
1 0.8763888888888889 0.5090579710144928 0.025 0.04710144927536232
1 0.6347222222222223 0.27717391304347827 0.025 0.03985507246376812
1 0.638888888888889 0.39311594202898553 0.02777777777777778 0.025362318840579712
1 0.6402777777777778 0.4365942028985507 0.025 0.025362318840579712
1 0.7027777777777778 0.5452898550724637 0.016666666666666666 0.025362318840579712
1 0.7166666666666667 0.3315217391304348 0.016666666666666666 0.025362318840579712
1 0.7236111111111111 0.4601449275362319 0.025 0.028985507246376812
1 0.6180555555555556 0.6358695652173914 0.04166666666666667 0.03260869565217391
1 0.8125 0.7028985507246377 0.019444444444444445 0.036231884057971016
1 0.7402777777777778 0.6213768115942029 0.019444444444444445 0.025362318840579712
1 0.7277777777777779 0.6594202898550725 0.016666666666666666 0.021739130434782608
1 0.788888888888889 0.6702898550724637 0.016666666666666666 0.014492753623188406
1 0.7527777777777778 0.6702898550724637 0.016666666666666666 0.021739130434782608
3 0.9208333333333334 0.21920289855072464 0.05277777777777778 0.04710144927536232
3 0.85 0.1847826086956522 0.044444444444444446 0.050724637681159424
3 0.7541666666666667 0.15760869565217392 0.075 0.06884057971014493
3 0.9222222222222223 0.04528985507246377 0.03888888888888889 0.03260869565217391