1 0.891820580474934 0.6810344827586207 0.02638522427440633 0.02413793103448276
1 0.8944591029023746 0.6379310344827586 0.0158311345646438 0.027586206896551724
1 0.9023746701846965 0.4844827586206896 0.02638522427440633 0.04482758620689655
1 0.662269129287599 0.24655172413793103 0.02638522427440633 0.03793103448275862
1 0.6649076517150395 0.36379310344827587 0.02638522427440633 0.02413793103448276
1 0.6649076517150395 0.4086206896551724 0.02638522427440633 0.02413793103448276
1 0.7282321899736147 0.5172413793103449 0.0158311345646438 0.027586206896551724
1 0.7453825857519789 0.30344827586206896 0.018469656992084433 0.027586206896551724
1 0.7506596306068601 0.43103448275862066 0.023746701846965697 0.027586206896551724
1 0.6437994722955145 0.6086206896551724 0.04221635883905013 0.03103448275862069
1 0.837730870712401 0.6758620689655173 0.018469656992084433 0.034482758620689655
1 0.7664907651715039 0.5948275862068966 0.018469656992084433 0.02413793103448276
1 0.7546174142480211 0.6344827586206896 0.0158311345646438 0.020689655172413793
1 0.8126649076517151 0.6431034482758621 0.0158311345646438 0.017241379310344827
1 0.7783641160949868 0.6431034482758621 0.0158311345646438 0.017241379310344827
3 0.9498680738786279 0.19137931034482758 0.05277044854881266 0.04482758620689655
3 0.8773087071240105 0.15689655172413794 0.044854881266490766 0.05172413793103448
3 0.7823218997361477 0.12758620689655173 0.07651715039577836 0.06896551724137931
3 0.9511873350923482 0.015517241379310345 0.039577836411609495 0.03103448275862069