1 0.16056910569105692 0.1937669376693767 0.024390243902439025 0.024390243902439025
1 0.1554878048780488 0.23848238482384823 0.014227642276422765 0.02710027100271003
1 0.14227642276422767 0.3997289972899729 0.024390243902439025 0.04607046070460705
1 0.38313008130081305 0.6612466124661247 0.022357723577235776 0.037940379403794036
1 0.3841463414634147 0.537940379403794 0.024390243902439025 0.024390243902439025
1 0.3841463414634147 0.4905149051490515 0.024390243902439025 0.02168021680216802
1 0.3221544715447155 0.37262872628726285 0.014227642276422765 0.024390243902439025
1 0.3008130081300813 0.5975609756097561 0.016260162601626018 0.024390243902439025
1 0.29776422764227645 0.462059620596206 0.022357723577235776 0.024390243902439025
1 0.4126016260162602 0.28319783197831977 0.04065040650406505 0.02981029810298103
1 0.21544715447154475 0.2005420054200542 0.016260162601626018 0.03252032520325203
1 0.28658536585365857 0.2899728997289973 0.016260162601626018 0.02168021680216802
1 0.2997967479674797 0.2506775067750677 0.014227642276422765 0.018970189701897018
1 0.23882113821138215 0.23712737127371275 0.014227642276422765 0.013550135501355014
1 0.2754065040650407 0.23848238482384823 0.014227642276422765 0.016260162601626015
3 0.08638211382113822 0.7046070460704607 0.05081300813008131 0.04336043360433604
3 0.1595528455284553 0.7439024390243902 0.042682926829268296 0.051490514905149054
3 0.2571138211382114 0.7791327913279132 0.07520325203252033 0.06775067750677506
3 0.08028455284552846 0.8875338753387534 0.03861788617886179 0.02981029810298103