1 0.8983739837398375 0.28319783197831977 0.024390243902439025 0.024390243902439025
1 0.9034552845528456 0.32791327913279134 0.014227642276422765 0.02710027100271003
1 0.9166666666666667 0.489159891598916 0.024390243902439025 0.04607046070460705
1 0.6758130081300814 0.7506775067750677 0.022357723577235776 0.037940379403794036
1 0.6747967479674798 0.6273712737127372 0.024390243902439025 0.024390243902439025
1 0.6747967479674798 0.5799457994579946 0.024390243902439025 0.02168021680216802
1 0.7367886178861789 0.462059620596206 0.014227642276422765 0.024390243902439025
1 0.758130081300813 0.6869918699186992 0.016260162601626018 0.024390243902439025
1 0.7611788617886179 0.551490514905149 0.022357723577235776 0.024390243902439025
1 0.6463414634146342 0.37262872628726285 0.04065040650406505 0.02981029810298103
1 0.8434959349593497 0.2899728997289973 0.016260162601626018 0.03252032520325203
1 0.7723577235772359 0.3794037940379404 0.016260162601626018 0.02168021680216802
1 0.7591463414634148 0.34010840108401086 0.014227642276422765 0.018970189701897018
1 0.8201219512195123 0.3265582655826558 0.014227642276422765 0.013550135501355014
1 0.7835365853658537 0.32791327913279134 0.014227642276422765 0.016260162601626015
3 0.9725609756097562 0.7940379403794038 0.05081300813008131 0.04336043360433604
3 0.8993902439024392 0.8333333333333334 0.042682926829268296 0.051490514905149054
3 0.801829268292683 0.8685636856368564 0.07520325203252033 0.06775067750677506
3 0.978658536585366 0.9769647696476965 0.03861788617886179 0.02981029810298103