3 0.6820728291316527 0.466789667896679 0.036414565826330535 0.033210332103321034
3 0.6134453781512605 0.4797047970479705 0.03361344537815126 0.02214022140221402
3 0.08543417366946779 0.7564575645756457 0.06442577030812326 0.05166051660516605
3 0.16806722689075632 0.7933579335793358 0.10644257703081232 0.05166051660516605
3 0.037815126050420166 0.18265682656826568 0.0196078431372549 0.033210332103321034
1 0.1092436974789916 0.559040590405904 0.022408963585434174 0.025830258302583026
1 0.04201680672268908 0.6180811808118081 0.011204481792717087 0.025830258302583026
1 0.23249299719887956 0.5350553505535055 0.028011204481792718 0.02952029520295203
1 0.3165266106442577 0.4243542435424354 0.022408963585434174 0.02214022140221402
1 0.17507002801120447 0.4317343173431734 0.03081232492997199 0.02952029520295203
1 0.14985994397759103 0.466789667896679 0.014005602240896359 0.025830258302583026
1 0.37254901960784315 0.5940959409594095 0.022408963585434174 0.02214022140221402
1 0.40896358543417366 0.4797047970479705 0.01680672268907563 0.02214022140221402
1 0.38375350140056025 0.5553505535055351 0.022408963585434174 0.01845018450184502
3 0.10224089635854341 0.7084870848708487 0.0196078431372549 0.03690036900369004
1 0.17787114845938376 0.5166051660516605 0.0196078431372549 0.02214022140221402
1 0.2507002801120448 0.4261992619926199 0.0196078431372549 0.01845018450184502
1 0.24369747899159663 0.34501845018450183 0.022408963585434174 0.01845018450184502
1 0.2913165266106443 0.3025830258302583 0.028011204481792718 0.02214022140221402
1 0.2647058823529412 0.3044280442804428 0.0196078431372549 0.01845018450184502
1 0.2703081232492997 0.09040590405904059 0.025210084033613446 0.01845018450184502
1 0.07282913165266107 0.28413284132841327 0.022408963585434174 0.02214022140221402