3 0.6595744680851063 0.5491525423728814 0.03723404255319149 0.02711864406779661
3 0.5930851063829787 0.5322033898305084 0.031914893617021274 0.020338983050847456
3 0.10106382978723404 0.23389830508474577 0.05851063829787234 0.04745762711864407
3 0.18218085106382978 0.20508474576271185 0.10372340425531915 0.04406779661016949
3 0.02925531914893617 0.7610169491525424 0.015957446808510637 0.030508474576271184
1 0.11436170212765957 0.4186440677966102 0.02127659574468085 0.023728813559322035
1 0.054521276595744676 0.35762711864406777 0.013297872340425532 0.023728813559322035
1 0.23138297872340424 0.45084745762711864 0.026595744680851064 0.02711864406779661
1 0.3071808510638298 0.559322033898305 0.018617021276595744 0.020338983050847456
1 0.17154255319148937 0.5423728813559322 0.02925531914893617 0.02711864406779661
1 0.1502659574468085 0.5067796610169492 0.013297872340425532 0.023728813559322035
1 0.3683510638297872 0.4067796610169491 0.023936170212765957 0.020338983050847456
1 0.3976063829787234 0.5152542372881356 0.018617021276595744 0.020338983050847456
1 0.3776595744680851 0.4440677966101695 0.02127659574468085 0.020338983050847456
3 0.11436170212765957 0.2796610169491525 0.02127659574468085 0.03728813559322034
1 0.17952127659574468 0.46440677966101696 0.018617021276595744 0.020338983050847456
1 0.24468085106382978 0.5525423728813559 0.02127659574468085 0.020338983050847456
1 0.2327127659574468 0.6271186440677966 0.023936170212765957 0.020338983050847456
1 0.2779255319148936 0.6711864406779661 0.023936170212765957 0.020338983050847456
1 0.2526595744680851 0.6661016949152542 0.02127659574468085 0.01694915254237288
1 0.24867021276595744 0.8661016949152542 0.023936170212765957 0.01694915254237288
1 0.0678191489361702 0.6677966101694915 0.018617021276595744 0.020338983050847456