3 0.7014285714285714 0.47547169811320755 0.037142857142857144 0.03018867924528302
3 0.6314285714285715 0.4849056603773585 0.03428571428571429 0.018867924528301886
3 0.09428571428571429 0.739622641509434 0.06285714285714286 0.052830188679245285
3 0.1757142857142857 0.7811320754716982 0.10571428571428572 0.052830188679245285
3 0.06142857142857143 0.16037735849056603 0.02 0.033962264150943396
1 0.12285714285714286 0.5415094339622641 0.022857142857142857 0.026415094339622643
1 0.054285714285714284 0.5981132075471698 0.011428571428571429 0.026415094339622643
1 0.24714285714285714 0.5245283018867924 0.025714285714285714 0.03018867924528302
1 0.3357142857142857 0.4188679245283019 0.02 0.022641509433962266
1 0.19142857142857142 0.41509433962264153 0.02857142857142857 0.03018867924528302
1 0.16714285714285715 0.4509433962264151 0.014285714285714285 0.026415094339622643
1 0.38571428571428573 0.590566037735849 0.022857142857142857 0.026415094339622643
1 0.4257142857142857 0.47735849056603774 0.017142857142857144 0.018867924528301886
1 0.39714285714285713 0.5490566037735849 0.022857142857142857 0.018867924528301886
3 0.11142857142857143 0.690566037735849 0.022857142857142857 0.03773584905660377
1 0.19285714285714287 0.5018867924528302 0.02 0.022641509433962266
1 0.26857142857142857 0.41509433962264153 0.022857142857142857 0.022641509433962266
1 0.26285714285714284 0.3339622641509434 0.022857142857142857 0.018867924528301886
1 0.31285714285714283 0.2943396226415094 0.025714285714285714 0.022641509433962266
1 0.2857142857142857 0.29245283018867924 0.022857142857142857 0.018867924528301886
1 0.2985714285714286 0.07735849056603773 0.025714285714285714 0.018867924528301886
1 0.09428571428571429 0.2641509433962264 0.022857142857142857 0.022641509433962266