3 0.2735368956743003 0.5133779264214047 0.03816793893129771 0.030100334448160536
3 0.3435114503816794 0.5217391304347826 0.03053435114503817 0.020066889632107024
3 0.8791348600508907 0.7642140468227424 0.06361323155216285 0.05016722408026756
3 0.7989821882951654 0.8076923076923077 0.1068702290076336 0.05016722408026756
3 0.9045801526717558 0.1906354515050167 0.017811704834605598 0.033444816053511704
1 0.8486005089058525 0.5702341137123745 0.02290076335877863 0.023411371237458192
1 0.9173027989821884 0.6254180602006689 0.012722646310432571 0.026755852842809364
1 0.7251908396946566 0.5535117056856187 0.025445292620865142 0.030100334448160536
1 0.6361323155216285 0.451505016722408 0.020356234096692113 0.020066889632107024
1 0.7786259541984734 0.44648829431438125 0.03053435114503817 0.030100334448160536
1 0.8040712468193385 0.479933110367893 0.015267175572519085 0.023411371237458192
1 0.5877862595419848 0.6204013377926422 0.020356234096692113 0.023411371237458192
1 0.5483460559796438 0.5100334448160535 0.017811704834605598 0.016722408026755852
1 0.5750636132315522 0.5819397993311036 0.020356234096692113 0.020066889632107024
3 0.8625954198473283 0.717391304347826 0.020356234096692113 0.03678929765886287
1 0.7786259541984734 0.5317725752508361 0.020356234096692113 0.020066889632107024
1 0.7022900763358779 0.44816053511705684 0.020356234096692113 0.020066889632107024
1 0.7086513994910942 0.36622073578595316 0.02290076335877863 0.016722408026755852
1 0.657760814249364 0.3277591973244147 0.027989821882951654 0.020066889632107024
1 0.6844783715012723 0.3277591973244147 0.020356234096692113 0.020066889632107024
1 0.6692111959287532 0.11371237458193979 0.025445292620865142 0.020066889632107024
1 0.8753180661577609 0.29598662207357856 0.020356234096692113 0.023411371237458192