3 0.33858267716535434 0.4913194444444444 0.03674540682414698 0.03125
3 0.4094488188976378 0.47916666666666663 0.031496062992125984 0.020833333333333332
3 0.9396325459317585 0.203125 0.06299212598425197 0.05208333333333333
3 0.8569553805774278 0.16493055555555555 0.10761154855643044 0.05208333333333333
3 0.9855643044619422 0.78125 0.01837270341207349 0.034722222222222224
1 0.916010498687664 0.40104166666666663 0.02099737532808399 0.024305555555555552
1 0.9829396325459318 0.3420138888888889 0.013123359580052493 0.024305555555555552
1 0.7926509186351706 0.4253472222222222 0.026246719160104987 0.03125
1 0.7060367454068242 0.5347222222222222 0.02099737532808399 0.020833333333333332
1 0.8490813648293963 0.5295138888888888 0.028871391076115485 0.03125
1 0.8727034120734908 0.49479166666666663 0.013123359580052493 0.024305555555555552
1 0.6509186351706037 0.3663194444444444 0.02099737532808399 0.024305555555555552
1 0.6154855643044619 0.47916666666666663 0.01837270341207349 0.020833333333333332
1 0.6391076115485564 0.40451388888888884 0.023622047244094488 0.017361111111111112
3 0.9238845144356955 0.2517361111111111 0.02099737532808399 0.03819444444444444
1 0.8451443569553806 0.4444444444444444 0.02099737532808399 0.020833333333333332
1 0.7716535433070866 0.5347222222222222 0.02099737532808399 0.020833333333333332
1 0.7808398950131233 0.6163194444444444 0.023622047244094488 0.017361111111111112
1 0.7309711286089239 0.657986111111111 0.028871391076115485 0.024305555555555552
1 0.7585301837270341 0.65625 0.02099737532808399 0.020833333333333332
1 0.7506561679790026 0.8732638888888888 0.026246719160104987 0.017361111111111112
1 0.9501312335958005 0.6770833333333333 0.02099737532808399 0.020833333333333332