3 0.6595528455284554 0.5067750677506775 0.034552845528455285 0.02710027100271003
3 0.5884146341463415 0.516260162601626 0.030487804878048783 0.018970189701897018
3 0.0467479674796748 0.7886178861788617 0.06097560975609757 0.04878048780487805
3 0.13008130081300814 0.8292682926829268 0.10569105691056911 0.04878048780487805
3 0.008130081300813009 0.1951219512195122 0.016260162601626018 0.03252032520325203
1 0.07317073170731708 0.5853658536585366 0.020325203252032523 0.02168021680216802
1 0.005081300813008131 0.6449864498644986 0.010162601626016262 0.02168021680216802
1 0.19918699186991873 0.5636856368563685 0.024390243902439025 0.02710027100271003
1 0.2876016260162602 0.453929539295393 0.01829268292682927 0.018970189701897018
1 0.14227642276422767 0.45528455284552843 0.02845528455284553 0.02710027100271003
1 0.11788617886178863 0.4905149051490515 0.012195121951219513 0.02168021680216802
1 0.34146341463414637 0.6287262872628726 0.020325203252032523 0.02168021680216802
1 0.38008130081300817 0.5121951219512195 0.016260162601626018 0.016260162601626015
1 0.3536585365853659 0.5880758807588076 0.020325203252032523 0.016260162601626015
3 0.06402439024390244 0.7384823848238482 0.01829268292682927 0.03523035230352303
1 0.14532520325203255 0.5433604336043361 0.01829268292682927 0.018970189701897018
1 0.22052845528455287 0.45257452574525747 0.01829268292682927 0.016260162601626015
1 0.2134146341463415 0.3685636856368564 0.020325203252032523 0.016260162601626015
1 0.2642276422764228 0.3265582655826558 0.024390243902439025 0.018970189701897018
1 0.2367886178861789 0.32791327913279134 0.01829268292682927 0.016260162601626015
1 0.24695121951219515 0.10569105691056911 0.022357723577235776 0.016260162601626015
1 0.04166666666666667 0.3021680216802168 0.01829268292682927 0.018970189701897018