3 0.7042682926829269 0.5257452574525745 0.034552845528455285 0.02710027100271003
3 0.633130081300813 0.535230352303523 0.030487804878048783 0.018970189701897018
3 0.09146341463414635 0.8075880758807588 0.06097560975609757 0.04878048780487805
3 0.17479674796747968 0.8482384823848238 0.10569105691056911 0.04878048780487805
3 0.052845528455284556 0.2140921409214092 0.016260162601626018 0.03252032520325203
1 0.11788617886178863 0.6043360433604336 0.020325203252032523 0.02168021680216802
1 0.04979674796747968 0.6639566395663956 0.010162601626016262 0.02168021680216802
1 0.24390243902439027 0.5826558265582655 0.024390243902439025 0.02710027100271003
1 0.3323170731707317 0.47289972899729 0.01829268292682927 0.018970189701897018
1 0.1869918699186992 0.4742547425474255 0.02845528455284553 0.02710027100271003
1 0.1626016260162602 0.5094850948509485 0.012195121951219513 0.02168021680216802
1 0.38617886178861793 0.6476964769647696 0.020325203252032523 0.02168021680216802
1 0.42479674796747974 0.5311653116531165 0.016260162601626018 0.016260162601626015
1 0.39837398373983746 0.6070460704607046 0.020325203252032523 0.016260162601626015
3 0.10873983739837399 0.7574525745257452 0.01829268292682927 0.03523035230352303
1 0.19004065040650409 0.5623306233062331 0.01829268292682927 0.018970189701897018
1 0.2652439024390244 0.4715447154471545 0.01829268292682927 0.016260162601626015
1 0.25813008130081305 0.3875338753387534 0.020325203252032523 0.016260162601626015
1 0.3089430894308943 0.34552845528455284 0.024390243902439025 0.018970189701897018
1 0.28150406504065045 0.34688346883468835 0.01829268292682927 0.016260162601626015
1 0.2916666666666667 0.12466124661246612 0.022357723577235776 0.016260162601626015
1 0.08638211382113822 0.32113821138211385 0.01829268292682927 0.018970189701897018