3 0.24288617886178865 0.48509485094850946 0.034552845528455285 0.02710027100271003
3 0.3140243902439025 0.47560975609756095 0.030487804878048783 0.018970189701897018
3 0.8556910569105692 0.2032520325203252 0.06097560975609757 0.04878048780487805
3 0.7723577235772359 0.16260162601626016 0.10569105691056911 0.04878048780487805
3 0.894308943089431 0.7967479674796748 0.016260162601626018 0.03252032520325203
1 0.8292682926829269 0.4065040650406504 0.020325203252032523 0.02168021680216802
1 0.8973577235772359 0.34688346883468835 0.010162601626016262 0.02168021680216802
1 0.7032520325203253 0.4281842818428184 0.024390243902439025 0.02710027100271003
1 0.6148373983739838 0.537940379403794 0.01829268292682927 0.018970189701897018
1 0.7601626016260163 0.5365853658536586 0.02845528455284553 0.02710027100271003
1 0.7845528455284554 0.5013550135501355 0.012195121951219513 0.02168021680216802
1 0.5609756097560976 0.36314363143631434 0.020325203252032523 0.02168021680216802
1 0.5223577235772359 0.4796747967479675 0.016260162601626018 0.016260162601626015
1 0.5487804878048781 0.4037940379403794 0.020325203252032523 0.016260162601626015
3 0.8384146341463415 0.25338753387533874 0.01829268292682927 0.03523035230352303
1 0.7571138211382115 0.44850948509485095 0.01829268292682927 0.018970189701897018
1 0.6819105691056911 0.5392953929539296 0.01829268292682927 0.016260162601626015
1 0.6890243902439025 0.6233062330623306 0.020325203252032523 0.016260162601626015
1 0.6382113821138212 0.6653116531165312 0.024390243902439025 0.018970189701897018
1 0.6656504065040652 0.6639566395663956 0.01829268292682927 0.016260162601626015
1 0.6554878048780488 0.8861788617886179 0.022357723577235776 0.016260162601626015
1 0.8607723577235773 0.6897018970189702 0.01829268292682927 0.018970189701897018