3 0.656675749318801 0.5036231884057971 0.03814713896457766 0.028985507246376812
3 0.5858310626702997 0.5144927536231884 0.0326975476839237 0.021739130434782608
3 0.049046321525885554 0.7880434782608696 0.0653950953678474 0.05434782608695652
3 0.13215258855585832 0.8278985507246377 0.10626702997275204 0.05434782608695652
3 0.009536784741144414 0.19927536231884058 0.01907356948228883 0.036231884057971016
1 0.07493188010899182 0.5851449275362319 0.024523160762942777 0.025362318840579712
1 0.006811989100817439 0.6467391304347826 0.013623978201634877 0.025362318840579712
1 0.1989100817438692 0.5652173913043478 0.027247956403269755 0.028985507246376812
1 0.2874659400544959 0.45471014492753625 0.01907356948228883 0.025362318840579712
1 0.14305177111716622 0.4565217391304348 0.02997275204359673 0.028985507246376812
1 0.11852861035422343 0.49094202898550726 0.013623978201634877 0.025362318840579712
1 0.3419618528610354 0.6286231884057971 0.024523160762942777 0.025362318840579712
1 0.3801089918256131 0.5126811594202899 0.01907356948228883 0.018115942028985508
1 0.3542234332425068 0.5869565217391305 0.021798365122615803 0.021739130434782608
3 0.0653950953678474 0.7391304347826088 0.021798365122615803 0.036231884057971016
1 0.14577656675749318 0.5434782608695652 0.01907356948228883 0.021739130434782608
1 0.220708446866485 0.45471014492753625 0.021798365122615803 0.018115942028985508
1 0.2125340599455041 0.3713768115942029 0.021798365122615803 0.018115942028985508
1 0.26430517711171664 0.32971014492753625 0.027247956403269755 0.021739130434782608
1 0.23569482288828336 0.32971014492753625 0.01907356948228883 0.021739130434782608
1 0.24523160762942778 0.1105072463768116 0.027247956403269755 0.018115942028985508
1 0.04223433242506812 0.3061594202898551 0.01907356948228883 0.025362318840579712