3 0.6869918699186992 0.6666666666666666 0.07723577235772358 0.16260162601626016
3 0.7815040650406505 0.6097560975609756 0.030487804878048783 0.02168021680216802
3 0.6371951219512196 0.5785907859078591 0.022357723577235776 0.03523035230352303
2 0.9166666666666667 0.491869918699187 0.15447154471544716 0.23577235772357724
2 0.48780487804878053 0.537940379403794 0.19918699186991873 0.7398373983739838
2 0.66869918699187 0.3008130081300813 0.1585365853658537 0.26558265582655827
2 0.5121951219512195 0.08672086720867209 0.47967479674796754 0.16260162601626016
4 0.5731707317073171 0.489159891598916 0.020325203252032523 0.04065040650406504
4 0.467479674796748 0.47831978319783197 0.012195121951219513 0.024390243902439025
4 0.7093495934959351 0.4186991869918699 0.020325203252032523 0.03523035230352303
1 0.769308943089431 0.43089430894308944 0.042682926829268296 0.05420054200542006
1 0.35670731707317077 0.24932249322493225 0.03861788617886179 0.04878048780487805
1 0.20833333333333334 0.0975609756097561 0.05894308943089432 0.0921409214092141
4 0.7134146341463415 0.35501355013550134 0.024390243902439025 0.016260162601626015
4 0.467479674796748 0.3428184281842818 0.024390243902439025 0.024390243902439025
4 0.5457317073170732 0.3116531165311653 0.022357723577235776 0.02168021680216802
4 0.6097560975609757 0.31029810298102983 0.016260162601626018 0.018970189701897018
3 0.07621951219512196 0.6490514905149052 0.034552845528455285 0.018970189701897018