3 0.6836158192090396 0.6586715867158671 0.0790960451977401 0.15867158671586715
3 0.7740112994350282 0.5996309963099631 0.03389830508474576 0.025830258302583026
3 0.6327683615819208 0.5756457564575646 0.022598870056497175 0.03690036900369004
2 0.902542372881356 0.4797047970479705 0.1553672316384181 0.2287822878228782
2 0.4858757062146893 0.544280442804428 0.1977401129943503 0.7121771217712177
2 0.655367231638418 0.3099630996309963 0.1581920903954802 0.25830258302583026
2 0.4985875706214689 0.11254612546125461 0.4717514124293785 0.15867158671586715
4 0.5677966101694916 0.49446494464944646 0.022598870056497175 0.04428044280442804
4 0.4646892655367232 0.488929889298893 0.014124293785310734 0.025830258302583026
4 0.6977401129943502 0.4206642066420664 0.022598870056497175 0.03690036900369004
1 0.7570621468926554 0.42988929889298894 0.04519774011299435 0.055350553505535055
1 0.3502824858757062 0.27490774907749077 0.03954802259887005 0.047970479704797044
1 0.2019774011299435 0.13837638376383762 0.059322033898305086 0.09225092250922509
4 0.7005649717514124 0.35977859778597787 0.02824858757062147 0.01845018450184502
4 0.461864406779661 0.35977859778597787 0.025423728813559324 0.025830258302583026
4 0.536723163841808 0.32656826568265684 0.022598870056497175 0.025830258302583026
4 0.5988700564971752 0.3210332103321033 0.01694915254237288 0.02214022140221402
3 0.08898305084745763 0.6678966789667896 0.03672316384180791 0.02214022140221402