3 0.6910569105691058 0.6612466124661247 0.07723577235772358 0.16260162601626016
3 0.785569105691057 0.6043360433604336 0.030487804878048783 0.02168021680216802
3 0.6412601626016261 0.573170731707317 0.022357723577235776 0.03523035230352303
2 0.9207317073170733 0.48644986449864497 0.15447154471544716 0.23577235772357724
2 0.49186991869918706 0.532520325203252 0.19918699186991873 0.7398373983739838
2 0.6727642276422765 0.2953929539295393 0.1585365853658537 0.26558265582655827
2 0.5162601626016261 0.08130081300813008 0.47967479674796754 0.16260162601626016
4 0.5772357723577236 0.483739837398374 0.020325203252032523 0.04065040650406504
4 0.47154471544715454 0.47289972899729 0.012195121951219513 0.024390243902439025
4 0.7134146341463415 0.4132791327913279 0.020325203252032523 0.03523035230352303
1 0.7733739837398375 0.4254742547425474 0.042682926829268296 0.05420054200542006
1 0.3607723577235773 0.24390243902439024 0.03861788617886179 0.04878048780487805
1 0.21239837398373987 0.0921409214092141 0.05894308943089432 0.0921409214092141
4 0.717479674796748 0.34959349593495936 0.024390243902439025 0.016260162601626015
4 0.47154471544715454 0.33739837398373984 0.024390243902439025 0.024390243902439025
4 0.5497967479674797 0.3062330623306233 0.022357723577235776 0.02168021680216802
4 0.6138211382113822 0.3048780487804878 0.016260162601626018 0.018970189701897018
3 0.08028455284552846 0.6436314363143631 0.034552845528455285 0.018970189701897018