3 0.6653333333333333 0.6393728222996515 0.07733333333333334 0.156794425087108
3 0.7546666666666666 0.5801393728222997 0.032 0.024390243902439025
3 0.6146666666666667 0.5574912891986062 0.024 0.03484320557491289
2 0.884 0.4634146341463415 0.152 0.22996515679442509
2 0.4666666666666667 0.5261324041811847 0.19733333333333333 0.710801393728223
2 0.6386666666666666 0.29094076655052264 0.15733333333333333 0.25435540069686413
2 0.48 0.09407665505226481 0.4693333333333333 0.1602787456445993
4 0.5493333333333333 0.4738675958188153 0.021333333333333333 0.041811846689895474
4 0.44666666666666666 0.4686411149825784 0.013333333333333332 0.024390243902439025
4 0.6799999999999999 0.4024390243902439 0.021333333333333333 0.03832752613240418
1 0.74 0.41114982578397213 0.04533333333333333 0.05574912891986063
1 0.33199999999999996 0.25435540069686413 0.04 0.04878048780487805
1 0.184 0.11672473867595819 0.058666666666666666 0.09407665505226481
4 0.6826666666666666 0.34146341463414637 0.026666666666666665 0.020905923344947737
4 0.44266666666666665 0.3397212543554007 0.026666666666666665 0.024390243902439025
4 0.5186666666666666 0.3083623693379791 0.024 0.024390243902439025
4 0.58 0.30313588850174217 0.018666666666666665 0.020905923344947737
3 0.06933333333333333 0.6480836236933798 0.03733333333333333 0.020905923344947737