3 0.3269230769230769 0.3300653594771242 0.07435897435897436 0.1503267973856209
3 0.2358974358974359 0.3709150326797386 0.03076923076923077 0.022875816993464054
3 0.367948717948718 0.4150326797385621 0.023076923076923078 0.032679738562091505
2 0.10128205128205128 0.46405228758169936 0.14615384615384616 0.21568627450980393
2 0.5064102564102564 0.4673202614379085 0.18717948717948718 0.6666666666666667
2 0.3217948717948718 0.6601307189542484 0.15128205128205127 0.24183006535947713
2 0.4564102564102564 0.8676470588235294 0.4512820512820513 0.14705882352941177
4 0.4230769230769231 0.5 0.020512820512820513 0.0392156862745098
4 0.5217948717948718 0.5228758169934641 0.01282051282051282 0.026143790849673203
4 0.29102564102564105 0.5506535947712419 0.023076923076923078 0.03594771241830066
1 0.2358974358974359 0.5326797385620915 0.041025641025641026 0.05228758169934641
1 0.6115384615384616 0.738562091503268 0.038461538461538464 0.04575163398692811
1 0.7423076923076923 0.888888888888889 0.05897435897435897 0.08496732026143791
4 0.2846153846153846 0.607843137254902 0.02564102564102564 0.0196078431372549
4 0.5128205128205128 0.6437908496732027 0.02564102564102564 0.026143790849673203
4 0.43846153846153846 0.6617647058823529 0.02564102564102564 0.022875816993464054
4 0.3782051282051282 0.6568627450980392 0.017948717948717947 0.0196078431372549
3 0.8987179487179487 0.4084967320261438 0.03333333333333333 0.0196078431372549