3 0.30487804878048785 0.6612466124661247 0.07723577235772358 0.16260162601626016
3 0.2103658536585366 0.6043360433604336 0.030487804878048783 0.02168021680216802
3 0.35467479674796754 0.573170731707317 0.022357723577235776 0.03523035230352303
2 0.07520325203252033 0.48644986449864497 0.15447154471544716 0.23577235772357724
2 0.5040650406504066 0.532520325203252 0.19918699186991873 0.7398373983739838
2 0.3231707317073171 0.2953929539295393 0.1585365853658537 0.26558265582655827
2 0.47967479674796754 0.08130081300813008 0.47967479674796754 0.16260162601626016
4 0.41869918699187 0.483739837398374 0.020325203252032523 0.04065040650406504
4 0.524390243902439 0.47289972899729 0.012195121951219513 0.024390243902439025
4 0.28252032520325204 0.4132791327913279 0.020325203252032523 0.03523035230352303
1 0.22256097560975613 0.4254742547425474 0.042682926829268296 0.05420054200542006
1 0.6351626016260163 0.24390243902439024 0.03861788617886179 0.04878048780487805
1 0.7835365853658537 0.0921409214092141 0.05894308943089432 0.0921409214092141
4 0.27845528455284557 0.34959349593495936 0.024390243902439025 0.016260162601626015
4 0.524390243902439 0.33739837398373984 0.024390243902439025 0.024390243902439025
4 0.44613821138211385 0.3062330623306233 0.022357723577235776 0.02168021680216802
4 0.3821138211382114 0.3048780487804878 0.016260162601626018 0.018970189701897018
3 0.9156504065040652 0.6436314363143631 0.034552845528455285 0.018970189701897018