3 0.30487804878048785 0.3333333333333333 0.07723577235772358 0.16260162601626016
3 0.2103658536585366 0.3902439024390244 0.030487804878048783 0.02168021680216802
3 0.35467479674796754 0.42140921409214094 0.022357723577235776 0.03523035230352303
2 0.07520325203252033 0.508130081300813 0.15447154471544716 0.23577235772357724
2 0.5040650406504066 0.462059620596206 0.19918699186991873 0.7398373983739838
2 0.3231707317073171 0.6991869918699187 0.1585365853658537 0.26558265582655827
2 0.47967479674796754 0.9132791327913279 0.47967479674796754 0.16260162601626016
4 0.41869918699187 0.510840108401084 0.020325203252032523 0.04065040650406504
4 0.524390243902439 0.521680216802168 0.012195121951219513 0.024390243902439025
4 0.28252032520325204 0.5813008130081301 0.020325203252032523 0.03523035230352303
1 0.22256097560975613 0.5691056910569106 0.042682926829268296 0.05420054200542006
1 0.6351626016260163 0.7506775067750677 0.03861788617886179 0.04878048780487805
1 0.7835365853658537 0.9024390243902439 0.05894308943089432 0.0921409214092141
4 0.27845528455284557 0.6449864498644986 0.024390243902439025 0.016260162601626015
4 0.524390243902439 0.6571815718157181 0.024390243902439025 0.024390243902439025
4 0.44613821138211385 0.6883468834688347 0.022357723577235776 0.02168021680216802
4 0.3821138211382114 0.6897018970189702 0.016260162601626018 0.018970189701897018
3 0.9156504065040652 0.3509485094850949 0.034552845528455285 0.018970189701897018