3 0.6878238341968912 0.6337792642140468 0.07512953367875648 0.15719063545150502
3 0.7772020725388601 0.5735785953177257 0.031088082901554404 0.023411371237458192
3 0.6360103626943006 0.5568561872909699 0.023316062176165803 0.03678929765886287
2 0.9015544041450777 0.45484949832775917 0.15025906735751296 0.22073578595317725
2 0.4922279792746114 0.5284280936454849 0.1917098445595855 0.6889632107023411
2 0.655440414507772 0.29598662207357856 0.15544041450777202 0.2508361204013378
2 0.49740932642487046 0.11036789297658862 0.461139896373057 0.15384615384615385
4 0.572538860103627 0.4782608695652174 0.02072538860103627 0.04013377926421405
4 0.47020725388601037 0.47491638795986624 0.01295336787564767 0.026755852842809364
4 0.6994818652849741 0.40301003344481606 0.02072538860103627 0.03678929765886287
1 0.7577720207253886 0.4080267558528428 0.044041450777202076 0.05351170568561873
1 0.35492227979274615 0.2709030100334448 0.04145077720207254 0.046822742474916385
1 0.20595854922279794 0.14046822742474915 0.05958549222797928 0.08695652173913043
4 0.6994818652849741 0.342809364548495 0.02590673575129534 0.016722408026755852
4 0.46373056994818657 0.3494983277591973 0.02590673575129534 0.023411371237458192
4 0.5375647668393783 0.31605351170568563 0.023316062176165803 0.023411371237458192
4 0.5997409326424871 0.3093645484949833 0.018134715025906738 0.023411371237458192
3 0.10362694300518135 0.6622073578595318 0.036269430051813475 0.020066889632107024