2 0.13774104683195593 0.7216117216117216 0.09366391184573003 0.12454212454212454
4 0.10606060606060606 0.6794871794871795 0.013774104683195593 0.02564102564102564
4 0.12672176308539945 0.7014652014652014 0.02203856749311295 0.02564102564102564
4 0.1487603305785124 0.7362637362637363 0.027548209366391185 0.021978021978021976
4 0.1487603305785124 0.76007326007326 0.011019283746556474 0.018315018315018316
2 0.3236914600550964 0.5695970695970696 0.19008264462809918 0.2673992673992674
4 0.3581267217630854 0.6062271062271062 0.02203856749311295 0.040293040293040296
4 0.3347107438016529 0.47435897435897434 0.013774104683195593 0.018315018315018316
2 0.6721763085399449 0.38095238095238093 0.1322314049586777 0.27106227106227104
4 0.6776859504132231 0.40293040293040294 0.02203856749311295 0.04395604395604395
4 0.6694214876033058 0.31868131868131866 0.01652892561983471 0.021978021978021976