2 0.7908415841584159 0.33706070287539935 0.09158415841584158 0.1182108626198083
4 0.8230198019801981 0.3753993610223642 0.012376237623762377 0.022364217252396165
4 0.801980198019802 0.3546325878594249 0.019801980198019802 0.025559105431309903
4 0.7784653465346535 0.3258785942492013 0.022277227722772276 0.019169329073482427
4 0.7772277227722773 0.3019169329073482 0.009900990099009901 0.01597444089456869
2 0.6175742574257426 0.4952076677316294 0.1806930693069307 0.24920127795527156
4 0.5829207920792079 0.46485623003194887 0.022277227722772276 0.03514376996805112
4 0.6126237623762376 0.584664536741214 0.012376237623762377 0.012779552715654952
2 0.2933168316831683 0.6980830670926518 0.12623762376237624 0.2523961661341853
4 0.2871287128712871 0.6773162939297124 0.019801980198019802 0.04472843450479233
4 0.29826732673267325 0.755591054313099 0.017326732673267328 0.022364217252396165