2 0.19004065040650409 0.7384823848238482 0.09146341463414635 0.12195121951219512
4 0.1585365853658537 0.6937669376693767 0.012195121951219513 0.02168021680216802
4 0.17987804878048783 0.7181571815718157 0.01829268292682927 0.02168021680216802
4 0.2022357723577236 0.7520325203252033 0.022357723577235776 0.018970189701897018
4 0.20325203252032523 0.7764227642276422 0.008130081300813009 0.013550135501355014
2 0.37804878048780494 0.5826558265582655 0.1869918699186992 0.26558265582655827
4 0.4126016260162602 0.6192411924119241 0.020325203252032523 0.03523035230352303
4 0.38821138211382117 0.48644986449864497 0.012195121951219513 0.013550135501355014
2 0.7266260162601627 0.3915989159891599 0.12804878048780488 0.2682926829268293
4 0.7317073170731708 0.4146341463414634 0.020325203252032523 0.04336043360433604
4 0.7245934959349595 0.32926829268292684 0.014227642276422765 0.018970189701897018