2 0.16565040650406507 0.6897018970189702 0.09146341463414635 0.12195121951219512
4 0.13414634146341464 0.6449864498644986 0.012195121951219513 0.02168021680216802
4 0.1554878048780488 0.6693766937669376 0.01829268292682927 0.02168021680216802
4 0.17784552845528456 0.7032520325203252 0.022357723577235776 0.018970189701897018
4 0.1788617886178862 0.7276422764227642 0.008130081300813009 0.013550135501355014
2 0.3536585365853659 0.5338753387533876 0.1869918699186992 0.26558265582655827
4 0.38821138211382117 0.5704607046070461 0.020325203252032523 0.03523035230352303
4 0.3638211382113822 0.43766937669376693 0.012195121951219513 0.013550135501355014
2 0.7022357723577236 0.3428184281842818 0.12804878048780488 0.2682926829268293
4 0.7073170731707318 0.36585365853658536 0.020325203252032523 0.04336043360433604
4 0.7002032520325204 0.2804878048780488 0.014227642276422765 0.018970189701897018