2 0.13719512195121952 0.7276422764227642 0.09146341463414635 0.12195121951219512
4 0.10569105691056911 0.6829268292682927 0.012195121951219513 0.02168021680216802
4 0.12703252032520326 0.7073170731707317 0.01829268292682927 0.02168021680216802
4 0.14939024390243905 0.7411924119241192 0.022357723577235776 0.018970189701897018
4 0.15040650406504066 0.7655826558265583 0.008130081300813009 0.013550135501355014
2 0.3252032520325204 0.5718157181571816 0.1869918699186992 0.26558265582655827
4 0.35975609756097565 0.6084010840108401 0.020325203252032523 0.03523035230352303
4 0.3353658536585366 0.47560975609756095 0.012195121951219513 0.013550135501355014
2 0.6737804878048781 0.3807588075880759 0.12804878048780488 0.2682926829268293
4 0.6788617886178863 0.4037940379403794 0.020325203252032523 0.04336043360433604
4 0.6717479674796749 0.31842818428184283 0.014227642276422765 0.018970189701897018