1 0.842479674796748 0.6558265582655827 0.30284552845528456 0.6504065040650406
3 0.8455284552845529 0.2872628726287263 0.04471544715447155 0.03252032520325203
3 0.9247967479674798 0.28319783197831977 0.04471544715447155 0.04607046070460705
3 0.8861788617886179 0.3062330623306233 0.04065040650406505 0.03252032520325203
4 0.5396341463414634 0.7764227642276422 0.030487804878048783 0.03523035230352303
4 0.5741869918699187 0.7195121951219512 0.026422764227642278 0.07317073170731707
2 0.4908536585365854 0.6991869918699187 0.27439024390243905 0.2764227642276423
2 0.20833333333333334 0.6395663956639567 0.1443089430894309 0.4173441734417344
3 0.25609756097560976 0.959349593495935 0.02845528455284553 0.037940379403794036
3 0.03658536585365854 0.8062330623306233 0.024390243902439025 0.04607046070460705
3 0.1128048780487805 0.7791327913279132 0.06300813008130082 0.0948509485094851
4 0.27134146341463417 0.5311653116531165 0.014227642276422765 0.07046070460704607
4 0.2296747967479675 0.7696476964769647 0.016260162601626018 0.02710027100271003