1 0.14939024390243905 0.6720867208672087 0.30284552845528456 0.6504065040650406
3 0.14634146341463417 0.3035230352303523 0.04471544715447155 0.03252032520325203
3 0.06707317073170732 0.2994579945799458 0.04471544715447155 0.04607046070460705
3 0.10569105691056911 0.3224932249322493 0.04065040650406505 0.03252032520325203
4 0.4522357723577236 0.7926829268292683 0.030487804878048783 0.03523035230352303
4 0.41768292682926833 0.7357723577235772 0.026422764227642278 0.07317073170731707
2 0.5010162601626017 0.7154471544715447 0.27439024390243905 0.2764227642276423
2 0.7835365853658537 0.6558265582655827 0.1443089430894309 0.4173441734417344
3 0.7357723577235773 0.975609756097561 0.02845528455284553 0.037940379403794036
3 0.9552845528455286 0.8224932249322493 0.024390243902439025 0.04607046070460705
3 0.8790650406504066 0.7953929539295393 0.06300813008130082 0.0948509485094851
4 0.7205284552845529 0.5474254742547425 0.014227642276422765 0.07046070460704607
4 0.7621951219512196 0.7859078590785907 0.016260162601626018 0.02710027100271003