1 0.8465447154471546 0.3224932249322493 0.30284552845528456 0.6504065040650406
3 0.8495934959349595 0.6910569105691057 0.04471544715447155 0.03252032520325203
3 0.9288617886178863 0.6951219512195121 0.04471544715447155 0.04607046070460705
3 0.8902439024390245 0.6720867208672087 0.04065040650406505 0.03252032520325203
4 0.54369918699187 0.2018970189701897 0.030487804878048783 0.03523035230352303
4 0.5782520325203253 0.2588075880758808 0.026422764227642278 0.07317073170731707
2 0.49491869918699194 0.2791327913279133 0.27439024390243905 0.2764227642276423
2 0.21239837398373987 0.33875338753387535 0.1443089430894309 0.4173441734417344
3 0.2601626016260163 0.018970189701897018 0.02845528455284553 0.037940379403794036
3 0.04065040650406505 0.17208672086720866 0.024390243902439025 0.04607046070460705
3 0.116869918699187 0.1991869918699187 0.06300813008130082 0.0948509485094851
4 0.2754065040650407 0.44715447154471544 0.014227642276422765 0.07046070460704607
4 0.233739837398374 0.2086720867208672 0.016260162601626018 0.02710027100271003