1 0.8345771144278606 0.615506329113924 0.2860696517412935 0.5854430379746836
3 0.8134328358208955 0.2848101265822785 0.04477611940298507 0.03164556962025317
3 0.8880597014925373 0.2753164556962025 0.04477611940298507 0.04430379746835443
3 0.8532338308457711 0.2974683544303797 0.03980099502487562 0.03164556962025317
4 0.5572139303482587 0.754746835443038 0.029850746268656716 0.03481012658227848
4 0.585820895522388 0.6993670886075949 0.02736318407960199 0.06962025316455696
2 0.5074626865671642 0.6914556962025317 0.25870646766169153 0.25
2 0.23880597014925373 0.6661392405063291 0.13930348258706468 0.37658227848101267
3 0.3034825870646766 0.9477848101265822 0.029850746268656716 0.03481012658227848
3 0.08830845771144279 0.8322784810126582 0.02736318407960199 0.04430379746835443
3 0.15796019900497513 0.800632911392405 0.06218905472636816 0.08860759493670886
4 0.291044776119403 0.564873417721519 0.014925373134328358 0.06645569620253164
4 0.26741293532338306 0.7800632911392404 0.017412935323383085 0.028481012658227847