1 0.8363821138211383 0.6097560975609756 0.30284552845528456 0.6504065040650406
3 0.8394308943089431 0.24119241192411925 0.04471544715447155 0.03252032520325203
3 0.91869918699187 0.23712737127371275 0.04471544715447155 0.04607046070460705
3 0.8800813008130082 0.26016260162601623 0.04065040650406505 0.03252032520325203
4 0.5335365853658537 0.7303523035230353 0.030487804878048783 0.03523035230352303
4 0.568089430894309 0.6734417344173441 0.026422764227642278 0.07317073170731707
2 0.48475609756097565 0.6531165311653117 0.27439024390243905 0.2764227642276423
2 0.2022357723577236 0.5934959349593496 0.1443089430894309 0.4173441734417344
3 0.25 0.9132791327913279 0.02845528455284553 0.037940379403794036
3 0.030487804878048783 0.7601626016260162 0.024390243902439025 0.04607046070460705
3 0.10670731707317074 0.7330623306233063 0.06300813008130082 0.0948509485094851
4 0.2652439024390244 0.48509485094850946 0.014227642276422765 0.07046070460704607
4 0.22357723577235775 0.7235772357723578 0.016260162601626018 0.02710027100271003