1 0.8302872062663186 0.6537162162162162 0.2924281984334204 0.6114864864864865
3 0.8472584856396866 0.31081081081081086 0.044386422976501305 0.033783783783783786
3 0.922976501305483 0.31081081081081086 0.044386422976501305 0.0472972972972973
3 0.8851174934725848 0.3310810810810811 0.04177545691906005 0.033783783783783786
4 0.5352480417754569 0.7466216216216217 0.03133159268929504 0.033783783783783786
4 0.5704960835509139 0.6959459459459459 0.028720626631853787 0.07432432432432433
2 0.4908616187989556 0.6706081081081081 0.26631853785900783 0.26013513513513514
2 0.22193211488250653 0.597972972972973 0.1409921671018277 0.3918918918918919
3 0.2558746736292428 0.8986486486486487 0.03133159268929504 0.04054054054054054
3 0.04960835509138381 0.7432432432432433 0.02610966057441253 0.0472972972972973
3 0.12532637075718017 0.7212837837837838 0.06266318537859009 0.09121621621621623
4 0.2859007832898172 0.5 0.018276762402088774 0.06756756756756757
4 0.23629242819843344 0.7212837837837838 0.018276762402088774 0.030405405405405407