1 0.8293963254593175 0.3133561643835616 0.29396325459317585 0.6198630136986301
3 0.84251968503937 0.6643835616438356 0.047244094488188976 0.03424657534246575
3 0.9199475065616798 0.6643835616438356 0.04461942257217848 0.04794520547945205
3 0.8818897637795275 0.6438356164383561 0.04199475065616798 0.03424657534246575
4 0.5328083989501312 0.21404109589041095 0.031496062992125984 0.03767123287671233
4 0.568241469816273 0.26712328767123283 0.028871391076115485 0.07534246575342465
2 0.4868766404199475 0.2910958904109589 0.27034120734908135 0.26712328767123283
2 0.2152230971128609 0.3613013698630137 0.14173228346456693 0.4006849315068493
3 0.25196850393700787 0.0547945205479452 0.031496062992125984 0.0410958904109589
3 0.04461942257217848 0.21232876712328766 0.026246719160104987 0.04794520547945205
3 0.11811023622047244 0.2345890410958904 0.06299212598425197 0.09246575342465753
4 0.2782152230971129 0.46061643835616434 0.015748031496062992 0.07191780821917808
4 0.23228346456692914 0.2363013698630137 0.01837270341207349 0.0273972602739726