3 0.5965447154471545 0.3116531165311653 0.0467479674796748 0.07046070460704607
3 0.334349593495935 0.462059620596206 0.026422764227642278 0.018970189701897018
3 0.32825203252032525 0.5623306233062331 0.022357723577235776 0.013550135501355014
3 0.2723577235772358 0.5501355013550135 0.06504065040650407 0.04878048780487805
3 0.5802845528455285 0.6422764227642277 0.0467479674796748 0.04336043360433604
1 0.5945121951219513 0.8821138211382114 0.022357723577235776 0.02981029810298103
1 0.5853658536585367 0.9525745257452575 0.032520325203252036 0.02981029810298103
1 0.7225609756097562 0.9566395663956639 0.01829268292682927 0.037940379403794036
1 0.7550813008130082 0.9498644986449865 0.022357723577235776 0.03523035230352303
1 0.801829268292683 0.9390243902439024 0.026422764227642278 0.02981029810298103
1 0.6453252032520326 0.8766937669376694 0.030487804878048783 0.018970189701897018
1 0.7703252032520326 0.9850948509485095 0.020325203252032523 0.024390243902439025