2 0.785569105691057 0.4444444444444444 0.19715447154471546 0.27100271002710025
2 0.8526422764227644 0.6666666666666666 0.10365853658536586 0.15718157181571815
2 0.7987804878048781 0.9092140921409214 0.10975609756097562 0.15989159891598917
2 0.9410569105691058 0.9471544715447154 0.10975609756097562 0.08401084010840108
2 0.9522357723577237 0.8265582655826558 0.08739837398373984 0.12466124661246612
2 0.4278455284552846 0.8048780487804879 0.1443089430894309 0.13008130081300812
2 0.24390243902439027 0.8983739837398373 0.2642276422764228 0.18157181571815717
2 0.05691056910569106 0.7682926829268293 0.11788617886178863 0.12737127371273713
2 0.1402439024390244 0.5989159891598916 0.06504065040650407 0.11382113821138211
4 0.7500000000000001 0.42276422764227645 0.02845528455284553 0.03252032520325203
4 0.8292682926829269 0.47289972899729 0.04065040650406505 0.03523035230352303
4 0.8323170731707318 0.9119241192411924 0.01829268292682927 0.03523035230352303
4 0.8038617886178863 0.9295392953929539 0.01829268292682927 0.02710027100271003
4 0.2540650406504065 0.9715447154471545 0.016260162601626018 0.018970189701897018
4 0.2906504065040651 0.940379403794038 0.012195121951219513 0.02168021680216802