2 0.22783251231527094 0.35714285714285715 0.1896551724137931 0.2507936507936508
2 0.1539408866995074 0.5555555555555556 0.10098522167487685 0.14603174603174604
2 0.1933497536945813 0.7825396825396825 0.10591133004926108 0.1492063492063492
2 0.05665024630541872 0.807936507936508 0.10837438423645321 0.07936507936507936
2 0.050492610837438424 0.6952380952380952 0.08620689655172414 0.12063492063492064
2 0.5517241379310345 0.7158730158730159 0.13793103448275862 0.12380952380952381
2 0.7229064039408867 0.8174603174603174 0.2536945812807882 0.16825396825396827
2 0.9064039408866995 0.7111111111111111 0.11330049261083744 0.12063492063492064
2 0.8349753694581281 0.5492063492063493 0.06403940886699508 0.10793650793650794
4 0.26108374384236455 0.3396825396825397 0.029556650246305417 0.031746031746031744
4 0.18472906403940886 0.37936507936507935 0.03940886699507389 0.03492063492063492
4 0.16133004926108374 0.7825396825396825 0.022167487684729065 0.03492063492063492
4 0.18719211822660098 0.8015873015873016 0.019704433497536946 0.02857142857142857
4 0.7093596059113301 0.8841269841269841 0.019704433497536946 0.022222222222222223
4 0.6761083743842364 0.8523809523809524 0.012315270935960592 0.022222222222222223