2 0.773841961852861 0.6316725978647687 0.19618528610354222 0.2597864768683274
2 0.8446866485013623 0.42170818505338076 0.10354223433242507 0.15302491103202845
2 0.7983651226158038 0.18861209964412812 0.10899182561307902 0.15658362989323843
2 0.9373297002724795 0.1583629893238434 0.10899182561307902 0.08185053380782918
2 0.9455040871934605 0.27402135231316727 0.08719346049046321 0.12099644128113879
2 0.43460490463215257 0.2722419928825623 0.1444141689373297 0.12455516014234874
2 0.25749318801089915 0.17437722419928825 0.25885558583106266 0.1779359430604982
2 0.07220708446866485 0.2900355871886121 0.11716621253405994 0.12455516014234874
2 0.14986376021798364 0.4555160142348754 0.0653950953678474 0.11387900355871886
4 0.7397820163487738 0.6512455516014235 0.02997275204359673 0.03558718861209964
4 0.8174386920980926 0.6067615658362989 0.043596730245231606 0.03914590747330961
4 0.8310626702997275 0.1868327402135231 0.021798365122615803 0.03914590747330961
4 0.8038147138964578 0.1690391459074733 0.021798365122615803 0.03202846975088968
4 0.26975476839237056 0.10676156583629892 0.01634877384196185 0.021352313167259787
4 0.30381471389645776 0.13701067615658363 0.013623978201634877 0.02491103202846975