2 0.20833333333333334 0.34688346883468835 0.19715447154471546 0.27100271002710025
2 0.14126016260162602 0.5691056910569106 0.10365853658536586 0.15718157181571815
2 0.1951219512195122 0.8116531165311653 0.10975609756097562 0.15989159891598917
2 0.052845528455284556 0.8495934959349594 0.10975609756097562 0.08401084010840108
2 0.04166666666666667 0.7289972899728997 0.08739837398373984 0.12466124661246612
2 0.5660569105691058 0.7073170731707317 0.1443089430894309 0.13008130081300812
2 0.7500000000000001 0.8008130081300813 0.2642276422764228 0.18157181571815717
2 0.9369918699186993 0.6707317073170732 0.11788617886178863 0.12737127371273713
2 0.853658536585366 0.5013550135501355 0.06504065040650407 0.11382113821138211
4 0.24390243902439027 0.3252032520325203 0.02845528455284553 0.03252032520325203
4 0.16463414634146342 0.37533875338753386 0.04065040650406505 0.03523035230352303
4 0.16158536585365854 0.8143631436314364 0.01829268292682927 0.03523035230352303
4 0.19004065040650409 0.8319783197831978 0.01829268292682927 0.02710027100271003
4 0.7398373983739838 0.8739837398373984 0.016260162601626018 0.018970189701897018
4 0.7032520325203253 0.8428184281842819 0.012195121951219513 0.02168021680216802