2 0.2103658536585366 0.45257452574525747 0.19715447154471546 0.27100271002710025
2 0.14329268292682928 0.6747967479674797 0.10365853658536586 0.15718157181571815
2 0.19715447154471546 0.9173441734417345 0.10975609756097562 0.15989159891598917
2 0.05487804878048781 0.9552845528455285 0.10975609756097562 0.08401084010840108
2 0.04369918699186992 0.8346883468834688 0.08739837398373984 0.12466124661246612
2 0.568089430894309 0.8130081300813008 0.1443089430894309 0.13008130081300812
2 0.7520325203252033 0.9065040650406504 0.2642276422764228 0.18157181571815717
2 0.9390243902439025 0.7764227642276422 0.11788617886178863 0.12737127371273713
2 0.8556910569105692 0.6070460704607046 0.06504065040650407 0.11382113821138211
4 0.24593495934959353 0.43089430894308944 0.02845528455284553 0.03252032520325203
4 0.16666666666666669 0.481029810298103 0.04065040650406505 0.03523035230352303
4 0.1636178861788618 0.9200542005420054 0.01829268292682927 0.03523035230352303
4 0.19207317073170735 0.9376693766937669 0.01829268292682927 0.02710027100271003
4 0.7418699186991871 0.9796747967479674 0.016260162601626018 0.018970189701897018
4 0.7052845528455285 0.948509485094851 0.012195121951219513 0.02168021680216802