2 0.20945945945945948 0.42086330935251803 0.1972972972972973 0.2733812949640288
2 0.14459459459459462 0.6402877697841727 0.10540540540540541 0.15827338129496404
2 0.19864864864864867 0.8830935251798562 0.11081081081081082 0.16187050359712232
2 0.05675675675675676 0.920863309352518 0.11351351351351352 0.08633093525179857
2 0.0445945945945946 0.8003597122302158 0.0891891891891892 0.12589928057553956
2 0.5675675675675675 0.775179856115108 0.14594594594594595 0.13309352517985612
2 0.75 0.8687050359712231 0.2675675675675676 0.18345323741007194
2 0.9351351351351351 0.7374100719424461 0.11891891891891893 0.12949640287769784
2 0.8527027027027028 0.5701438848920863 0.06756756756756757 0.11870503597122303
4 0.2445945945945946 0.39928057553956836 0.02972972972972973 0.03597122302158273
4 0.16756756756756758 0.4478417266187051 0.043243243243243246 0.03956834532374101
4 0.16486486486486487 0.8848920863309353 0.021621621621621623 0.03597122302158273
4 0.19324324324324327 0.9010791366906475 0.01891891891891892 0.03237410071942446
4 0.7391891891891892 0.9406474820143885 0.01891891891891892 0.025179856115107917
4 0.7040540540540541 0.908273381294964 0.013513513513513514 0.025179856115107917