2 0.7853025936599423 0.3793103448275862 0.1988472622478386 0.27586206896551724
2 0.8515850144092219 0.6015325670498084 0.10662824207492795 0.16091954022988506
2 0.7968299711815562 0.8409961685823755 0.11239193083573486 0.16475095785440613
2 0.9380403458213256 0.8793103448275862 0.11239193083573486 0.08812260536398467
2 0.9495677233429394 0.7605363984674329 0.0893371757925072 0.1264367816091954
2 0.4279538904899135 0.7375478927203065 0.14697406340057637 0.13409961685823754
2 0.24351585014409222 0.8275862068965517 0.2680115273775216 0.1839080459770115
2 0.05763688760806916 0.6973180076628352 0.12103746397694523 0.13026819923371646
2 0.1397694524495677 0.5306513409961685 0.06628242074927954 0.11877394636015325
4 0.7478386167146973 0.3582375478927203 0.03170028818443804 0.034482758620689655
4 0.8285302593659942 0.4061302681992337 0.04322766570605187 0.038314176245210725
4 0.8299711815561959 0.842911877394636 0.023054755043227664 0.038314176245210725
4 0.8025936599423631 0.8620689655172413 0.020172910662824207 0.03065134099616858
4 0.25360230547550433 0.900383141762452 0.017291066282420747 0.022988505747126436
4 0.2896253602305475 0.871647509578544 0.01440922190201729 0.026819923371647507