1 0.37804878048780494 0.6219512195121951 0.7560975609756099 0.7506775067750677
3 0.7733739837398375 0.521680216802168 0.026422764227642278 0.051490514905149054
3 0.8861788617886179 0.45257452574525747 0.032520325203252036 0.02710027100271003
3 0.7865853658536586 0.5826558265582655 0.012195121951219513 0.016260162601626015
3 0.7642276422764228 0.9322493224932249 0.016260162601626018 0.016260162601626015
3 0.8760162601626017 0.7127371273712737 0.02845528455284553 0.02168021680216802
3 0.9837398373983741 0.7208672086720868 0.02845528455284553 0.06504065040650406
3 0.58739837398374 0.25474254742547425 0.052845528455284556 0.02168021680216802
3 0.603658536585366 0.1842818428184282 0.04065040650406505 0.016260162601626015
3 0.6199186991869919 0.21680216802168023 0.0894308943089431 0.037940379403794036
3 0.7093495934959351 0.2669376693766938 0.07723577235772358 0.051490514905149054
3 0.7886178861788619 0.13550135501355012 0.03658536585365854 0.05962059620596206
3 0.5904471544715448 0.024390243902439025 0.0467479674796748 0.04878048780487805
3 0.9603658536585367 0.9742547425474255 0.014227642276422765 0.024390243902439025