1 0.3878116343490305 0.6196428571428572 0.7257617728531855 0.6964285714285714
3 0.7590027700831025 0.4964285714285714 0.027700831024930747 0.049999999999999996
3 0.8642659279778393 0.425 0.0332409972299169 0.02857142857142857
3 0.7742382271468145 0.5517857142857143 0.013850415512465374 0.017857142857142856
3 0.7700831024930748 0.8767857142857143 0.01662049861495845 0.017857142857142856
3 0.8656509695290858 0.6660714285714285 0.030470914127423823 0.024999999999999998
3 0.9695290858725761 0.6642857142857143 0.027700831024930747 0.06428571428571428
3 0.5706371191135734 0.26607142857142857 0.055401662049861494 0.024999999999999998
3 0.5831024930747922 0.1982142857142857 0.04155124653739612 0.017857142857142856
3 0.5997229916897507 0.22678571428571428 0.08587257617728532 0.039285714285714285
3 0.6869806094182825 0.26785714285714285 0.07756232686980609 0.049999999999999996
3 0.7576177285318559 0.1392857142857143 0.036011080332409975 0.05714285714285714
3 0.5637119113573407 0.05357142857142857 0.04709141274238227 0.049999999999999996
3 0.9584487534626038 0.9 0.01662049861495845 0.02857142857142857