1 0.37875000000000003 0.6109324758842444 0.7225 0.6945337620578778
3 0.75125 0.4871382636655949 0.0275 0.04823151125401929
3 0.855 0.41479099678456594 0.035 0.02572347266881029
3 0.76625 0.5418006430868167 0.0125 0.01607717041800643
3 0.76125 0.864951768488746 0.0175 0.01929260450160772
3 0.8575 0.6543408360128617 0.03 0.022508038585209004
3 0.96 0.6527331189710611 0.03 0.06430868167202572
3 0.56125 0.25562700964630225 0.0525 0.022508038585209004
3 0.57375 0.18971061093247588 0.0425 0.01929260450160772
3 0.59125 0.21864951768488747 0.08750000000000001 0.03858520900321544
3 0.6775 0.2572347266881029 0.075 0.05144694533762058
3 0.74625 0.13183279742765272 0.0375 0.05787781350482315
3 0.55375 0.04340836012861736 0.0475 0.04823151125401929
3 0.9500000000000001 0.887459807073955 0.015 0.02572347266881029