1 0.6178861788617886 0.37262872628726285 0.7560975609756099 0.7506775067750677
3 0.22256097560975613 0.47289972899729 0.026422764227642278 0.051490514905149054
3 0.10975609756097562 0.5420054200542005 0.032520325203252036 0.02710027100271003
3 0.209349593495935 0.41192411924119243 0.012195121951219513 0.016260162601626015
3 0.23170731707317074 0.06233062330623306 0.016260162601626018 0.016260162601626015
3 0.11991869918699188 0.28184281842818426 0.02845528455284553 0.02168021680216802
3 0.012195121951219513 0.27371273712737126 0.02845528455284553 0.06504065040650406
3 0.4085365853658537 0.7398373983739838 0.052845528455284556 0.02168021680216802
3 0.3922764227642277 0.8102981029810298 0.04065040650406505 0.016260162601626015
3 0.37601626016260165 0.7777777777777778 0.0894308943089431 0.037940379403794036
3 0.28658536585365857 0.7276422764227642 0.07723577235772358 0.051490514905149054
3 0.20731707317073172 0.8590785907859079 0.03658536585365854 0.05962059620596206
3 0.4054878048780488 0.9701897018970189 0.0467479674796748 0.04878048780487805
3 0.03556910569105692 0.02032520325203252 0.014227642276422765 0.024390243902439025