1 0.3772845953002611 0.6023890784982935 0.7389033942558747 0.7201365187713311
3 0.7663185378590078 0.5238907849829352 0.028720626631853787 0.051194539249146756
3 0.8759791122715405 0.46245733788395904 0.033942558746736295 0.030716723549488054
3 0.7767624020887729 0.5819112627986348 0.013054830287206266 0.017064846416382253
3 0.7454308093994778 0.9163822525597269 0.018276762402088774 0.017064846416382253
3 0.8616187989556136 0.71160409556314 0.03133159268929504 0.023890784982935155
3 0.9660574412532638 0.7218430034129693 0.03133159268929504 0.06484641638225257
3 0.5900783289817233 0.26109215017064846 0.05221932114882506 0.023890784982935155
3 0.608355091383812 0.1945392491467577 0.04177545691906005 0.020477815699658702
3 0.622715404699739 0.22525597269624573 0.09138381201044386 0.040955631399317405
3 0.7088772845953003 0.2764505119453925 0.07571801566579635 0.05460750853242321
3 0.7898172323759791 0.15358361774744028 0.0391644908616188 0.06143344709897611
3 0.597911227154047 0.03924914675767918 0.04699738903394256 0.051194539249146756
3 0.9373368146214099 0.9641638225255973 0.01566579634464752 0.023890784982935155