2 0.2576601671309192 0.06666666666666667 0.11977715877437325 0.13333333333333333
2 0.8774373259052924 0.4240740740740741 0.15598885793871867 0.3740740740740741
2 0.5473537604456824 0.5055555555555555 0.15877437325905291 0.2111111111111111
2 0.7144846796657381 0.8018518518518519 0.48746518105849584 0.3814814814814815
3 0.7353760445682451 0.3462962962962963 0.033426183844011144 0.05555555555555556
3 0.7799442896935933 0.17592592592592593 0.10584958217270195 0.12962962962962962
3 0.649025069637883 0.014814814814814815 0.13370473537604458 0.037037037037037035
4 0.6142061281337048 0.6351851851851852 0.07520891364902507 0.05555555555555556
4 0.5348189415041783 0.85 0.033426183844011144 0.04814814814814815
4 0.5584958217270195 0.9425925925925926 0.03064066852367688 0.07777777777777778
4 0.7172701949860725 0.7388888888888889 0.16434540389972144 0.24074074074074076