2 0.2530487804878049 0.9322493224932249 0.11991869918699188 0.13008130081300812
2 0.8739837398373985 0.5677506775067751 0.15447154471544716 0.3712737127371274
2 0.5426829268292683 0.4878048780487805 0.15447154471544716 0.20596205962059622
2 0.7083333333333334 0.1897018970189702 0.4857723577235773 0.3794037940379404
3 0.7317073170731708 0.6476964769647696 0.032520325203252036 0.05420054200542006
3 0.777439024390244 0.8170731707317073 0.10365853658536586 0.12737127371273713
3 0.6453252032520326 0.981029810298103 0.1321138211382114 0.03252032520325203
4 0.6097560975609757 0.35636856368563685 0.07317073170731708 0.051490514905149054
4 0.5294715447154472 0.14092140921409213 0.030487804878048783 0.04336043360433604
4 0.551829268292683 0.04742547425474255 0.026422764227642278 0.07317073170731707
4 0.7113821138211383 0.25203252032520324 0.1626016260162602 0.23848238482384823