2 0.8058943089430896 0.9295392953929539 0.11991869918699188 0.13008130081300812
2 0.18495934959349594 0.5650406504065041 0.15447154471544716 0.3712737127371274
2 0.5162601626016261 0.48509485094850946 0.15447154471544716 0.20596205962059622
2 0.350609756097561 0.18699186991869918 0.4857723577235773 0.3794037940379404
3 0.3272357723577236 0.6449864498644986 0.032520325203252036 0.05420054200542006
3 0.28150406504065045 0.8143631436314364 0.10365853658536586 0.12737127371273713
3 0.41361788617886186 0.978319783197832 0.1321138211382114 0.03252032520325203
4 0.44918699186991873 0.35365853658536583 0.07317073170731708 0.051490514905149054
4 0.5294715447154472 0.13821138211382114 0.030487804878048783 0.04336043360433604
4 0.5071138211382115 0.044715447154471545 0.026422764227642278 0.07317073170731707
4 0.34756097560975613 0.24932249322493225 0.1626016260162602 0.23848238482384823