2 0.18800813008130082 0.06233062330623306 0.11991869918699188 0.13008130081300812
2 0.8089430894308944 0.4268292682926829 0.15447154471544716 0.3712737127371274
2 0.4776422764227643 0.5067750677506775 0.15447154471544716 0.20596205962059622
2 0.6432926829268293 0.8048780487804879 0.4857723577235773 0.3794037940379404
3 0.6666666666666667 0.34688346883468835 0.032520325203252036 0.05420054200542006
3 0.71239837398374 0.17750677506775067 0.10365853658536586 0.12737127371273713
3 0.5802845528455285 0.013550135501355014 0.1321138211382114 0.03252032520325203
4 0.5447154471544716 0.6382113821138211 0.07317073170731708 0.051490514905149054
4 0.46443089430894313 0.8536585365853658 0.030487804878048783 0.04336043360433604
4 0.4867886178861789 0.9471544715447154 0.026422764227642278 0.07317073170731707
4 0.6463414634146342 0.7425474254742548 0.1626016260162602 0.23848238482384823