2 0.2530487804878049 0.06233062330623306 0.11991869918699188 0.13008130081300812
2 0.8739837398373985 0.4268292682926829 0.15447154471544716 0.3712737127371274
2 0.5426829268292683 0.5067750677506775 0.15447154471544716 0.20596205962059622
2 0.7083333333333334 0.8048780487804879 0.4857723577235773 0.3794037940379404
3 0.7317073170731708 0.34688346883468835 0.032520325203252036 0.05420054200542006
3 0.777439024390244 0.17750677506775067 0.10365853658536586 0.12737127371273713
3 0.6453252032520326 0.013550135501355014 0.1321138211382114 0.03252032520325203
4 0.6097560975609757 0.6382113821138211 0.07317073170731708 0.051490514905149054
4 0.5294715447154472 0.8536585365853658 0.030487804878048783 0.04336043360433604
4 0.551829268292683 0.9471544715447154 0.026422764227642278 0.07317073170731707
4 0.7113821138211383 0.7425474254742548 0.1626016260162602 0.23848238482384823