2 0.7872062663185379 0.8860544217687074 0.1174934725848564 0.12585034013605442
2 0.17362924281984335 0.5714285714285714 0.15404699738903394 0.35374149659863946
2 0.4934725848563969 0.47959183673469385 0.1514360313315927 0.19727891156462585
2 0.3237597911227154 0.20578231292517005 0.4751958224543081 0.3639455782312925
3 0.31462140992167104 0.6394557823129251 0.033942558746736295 0.05442176870748299
3 0.2741514360313316 0.8027210884353742 0.10443864229765012 0.12244897959183673
3 0.4073107049608355 0.9523809523809523 0.13054830287206268 0.03401360544217687
4 0.42297650130548303 0.358843537414966 0.0731070496083551 0.05102040816326531
4 0.4960835509138381 0.15136054421768708 0.03133159268929504 0.04421768707482993
4 0.47127937336814624 0.06292517006802721 0.028720626631853787 0.07142857142857142
4 0.3224543080939948 0.26360544217687076 0.15926892950391644 0.22789115646258504