2 0.26704545454545453 0.06902985074626866 0.11931818181818182 0.13059701492537312
2 0.8664772727272727 0.4421641791044776 0.1534090909090909 0.3619402985074627
2 0.5411931818181819 0.5074626865671642 0.15625 0.20149253731343283
2 0.6974431818181819 0.8003731343283582 0.48011363636363635 0.3694029850746269
3 0.7301136363636364 0.36007462686567165 0.03409090909090909 0.055970149253731345
3 0.7769886363636364 0.19776119402985073 0.10511363636363637 0.12686567164179105
3 0.6519886363636364 0.03544776119402985 0.13352272727272727 0.033582089552238806
4 0.6051136363636364 0.6380597014925373 0.07386363636363637 0.05223880597014925
4 0.5213068181818182 0.8432835820895522 0.03125 0.04477611940298507
4 0.5426136363636364 0.9328358208955224 0.02840909090909091 0.07462686567164178
4 0.703125 0.7406716417910447 0.16193181818181818 0.23507462686567163