1 0.46951219512195125 0.9254742547425474 0.11788617886178863 0.13821138211382114
2 0.8302845528455285 0.19241192411924118 0.33130081300813014 0.3902439024390244
4 0.894308943089431 0.02981029810298103 0.04065040650406505 0.037940379403794036
4 0.9156504065040652 0.07588075880758807 0.022357723577235776 0.02168021680216802
4 0.8333333333333334 0.13414634146341464 0.016260162601626018 0.024390243902439025
4 0.7205284552845529 0.16802168021680217 0.01829268292682927 0.05420054200542006
4 0.7266260162601627 0.21951219512195122 0.014227642276422765 0.02168021680216802
4 0.6869918699186992 0.2804878048780488 0.012195121951219513 0.02981029810298103
2 0.4705284552845529 0.11788617886178862 0.15243902439024393 0.24119241192411925
2 0.1128048780487805 0.3333333333333333 0.2296747967479675 0.3252032520325203
4 0.1869918699186992 0.3780487804878049 0.024390243902439025 0.04065040650406504
4 0.15650406504065043 0.36720867208672087 0.016260162601626018 0.03523035230352303
4 0.4745934959349594 0.11788617886178862 0.022357723577235776 0.018970189701897018
4 0.4634146341463415 0.08807588075880758 0.032520325203252036 0.024390243902439025