1 0.5264227642276423 0.06910569105691057 0.11788617886178863 0.13821138211382114
2 0.16565040650406507 0.8021680216802168 0.33130081300813014 0.3902439024390244
4 0.10162601626016261 0.964769647696477 0.04065040650406505 0.037940379403794036
4 0.08028455284552846 0.9186991869918699 0.022357723577235776 0.02168021680216802
4 0.1626016260162602 0.8604336043360433 0.016260162601626018 0.024390243902439025
4 0.2754065040650407 0.8265582655826558 0.01829268292682927 0.05420054200542006
4 0.26930894308943093 0.7750677506775068 0.014227642276422765 0.02168021680216802
4 0.3089430894308943 0.7140921409214093 0.012195121951219513 0.02981029810298103
2 0.5254065040650407 0.8766937669376694 0.15243902439024393 0.24119241192411925
2 0.883130081300813 0.6612466124661247 0.2296747967479675 0.3252032520325203
4 0.8089430894308944 0.6165311653116531 0.024390243902439025 0.04065040650406504
4 0.8394308943089431 0.6273712737127372 0.016260162601626018 0.03523035230352303
4 0.5213414634146342 0.8766937669376694 0.022357723577235776 0.018970189701897018
4 0.5325203252032521 0.9065040650406504 0.032520325203252036 0.024390243902439025