1 0.5093582887700534 0.08854166666666666 0.11497326203208555 0.13541666666666666
2 0.1858288770053476 0.798611111111111 0.32352941176470584 0.3680555555555555
4 0.12967914438502673 0.954861111111111 0.040106951871657755 0.041666666666666664
4 0.10828877005347592 0.9114583333333333 0.02406417112299465 0.024305555555555552
4 0.1858288770053476 0.8541666666666666 0.01871657754010695 0.027777777777777776
4 0.2927807486631016 0.814236111111111 0.01871657754010695 0.05208333333333333
4 0.28609625668449196 0.765625 0.0160427807486631 0.024305555555555552
4 0.3221925133689839 0.7065972222222222 0.013368983957219251 0.03125
2 0.53475935828877 0.8472222222222222 0.1497326203208556 0.22916666666666666
2 0.874331550802139 0.6232638888888888 0.2245989304812834 0.30902777777777773
4 0.8008021390374331 0.5868055555555555 0.02406417112299465 0.041666666666666664
4 0.8302139037433155 0.595486111111111 0.01871657754010695 0.03819444444444444
4 0.5320855614973262 0.8472222222222222 0.026737967914438502 0.020833333333333332
4 0.5441176470588235 0.875 0.034759358288770054 0.027777777777777776