1 0.5068493150684932 0.08540925266903915 0.11506849315068493 0.13523131672597863
2 0.18356164383561643 0.7935943060498221 0.3232876712328767 0.3701067615658363
4 0.1273972602739726 0.9519572953736655 0.0410958904109589 0.03914590747330961
4 0.10547945205479452 0.9092526690391458 0.024657534246575342 0.02491103202846975
4 0.1821917808219178 0.8487544483985765 0.019178082191780823 0.02491103202846975
4 0.2904109589041096 0.8113879003558718 0.021917808219178082 0.05693950177935943
4 0.2821917808219178 0.7633451957295373 0.016438356164383564 0.02491103202846975
4 0.31917808219178084 0.702846975088968 0.0136986301369863 0.03202846975088968
2 0.5328767123287671 0.8434163701067615 0.1506849315068493 0.2277580071174377
2 0.8712328767123287 0.6192170818505338 0.22465753424657534 0.3060498220640569
4 0.7972602739726028 0.5818505338078291 0.0273972602739726 0.03914590747330961
4 0.8273972602739726 0.5907473309608541 0.016438356164383564 0.03558718861209964
4 0.5301369863013699 0.8434163701067615 0.024657534246575342 0.021352313167259787
4 0.541095890410959 0.8701067615658362 0.03561643835616438 0.02491103202846975