1 0.524390243902439 0.06639566395663957 0.11788617886178863 0.13821138211382114
2 0.1636178861788618 0.7994579945799458 0.33130081300813014 0.3902439024390244
4 0.09959349593495936 0.962059620596206 0.04065040650406505 0.037940379403794036
4 0.07825203252032521 0.9159891598915989 0.022357723577235776 0.02168021680216802
4 0.16056910569105692 0.8577235772357723 0.016260162601626018 0.024390243902439025
4 0.2733739837398374 0.8238482384823849 0.01829268292682927 0.05420054200542006
4 0.2672764227642277 0.7723577235772358 0.014227642276422765 0.02168021680216802
4 0.3069105691056911 0.7113821138211383 0.012195121951219513 0.02981029810298103
2 0.5233739837398375 0.8739837398373984 0.15243902439024393 0.24119241192411925
2 0.8810975609756099 0.6585365853658537 0.2296747967479675 0.3252032520325203
4 0.8069105691056911 0.6138211382113821 0.024390243902439025 0.04065040650406504
4 0.83739837398374 0.6246612466124661 0.016260162601626018 0.03523035230352303
4 0.519308943089431 0.8739837398373984 0.022357723577235776 0.018970189701897018
4 0.5304878048780488 0.9037940379403794 0.032520325203252036 0.024390243902439025