3 0.6227621483375959 0.26182432432432434 0.04859335038363172 0.07094594594594594
3 0.3657289002557545 0.41554054054054057 0.030690537084398978 0.02027027027027027
3 0.360613810741688 0.5118243243243243 0.025575447570332484 0.016891891891891893
3 0.3069053708439898 0.5016891891891893 0.06649616368286446 0.05067567567567568
3 0.6099744245524297 0.5861486486486487 0.04859335038363172 0.04391891891891892
1 0.6278772378516625 0.8192567567567568 0.023017902813299233 0.030405405405405407
1 0.6202046035805627 0.8885135135135136 0.03324808184143223 0.033783783783783786
1 0.7544757033248083 0.8885135135135136 0.020460358056265986 0.04054054054054054
1 0.7864450127877238 0.8817567567567568 0.023017902813299233 0.04054054054054054
1 0.8324808184143223 0.8699324324324325 0.02813299232736573 0.030405405405405407
1 0.6777493606138107 0.8125 0.030690537084398978 0.02364864864864865
1 0.8017902813299234 0.9155405405405406 0.023017902813299233 0.02702702702702703