3 0.39622641509433965 0.32280701754385965 0.04851752021563342 0.07017543859649122
3 0.65633423180593 0.45263157894736844 0.02964959568733154 0.021052631578947368
3 0.6644204851752022 0.5491228070175439 0.02425876010781671 0.017543859649122806
3 0.7183288409703504 0.5333333333333333 0.06738544474393532 0.04912280701754386
3 0.42183288409703507 0.6368421052631579 0.04582210242587601 0.0456140350877193
1 0.4137466307277628 0.8649122807017544 0.02425876010781671 0.031578947368421054
1 0.4258760107816712 0.9315789473684211 0.03234501347708895 0.031578947368421054
1 0.29245283018867924 0.9421052631578948 0.01886792452830189 0.03859649122807018
1 0.26010781671159033 0.9368421052631579 0.02425876010781671 0.03508771929824561
1 0.215633423180593 0.9280701754385965 0.026954177897574125 0.031578947368421054
1 0.3665768194070081 0.8614035087719298 0.03234501347708895 0.02456140350877193
1 0.24663072776280326 0.9701754385964912 0.02425876010781671 0.02456140350877193