3 0.5315040650406505 0.23848238482384823 0.0467479674796748 0.07046070460704607
3 0.26930894308943093 0.3888888888888889 0.026422764227642278 0.018970189701897018
3 0.26321138211382117 0.489159891598916 0.022357723577235776 0.013550135501355014
3 0.20731707317073172 0.47696476964769646 0.06504065040650407 0.04878048780487805
3 0.5152439024390244 0.5691056910569106 0.0467479674796748 0.04336043360433604
1 0.5294715447154472 0.8089430894308943 0.022357723577235776 0.02981029810298103
1 0.5203252032520326 0.8794037940379403 0.032520325203252036 0.02981029810298103
1 0.6575203252032521 0.8834688346883469 0.01829268292682927 0.037940379403794036
1 0.6900406504065041 0.8766937669376694 0.022357723577235776 0.03523035230352303
1 0.7367886178861789 0.8658536585365854 0.026422764227642278 0.02981029810298103
1 0.5802845528455285 0.8035230352303523 0.030487804878048783 0.018970189701897018
1 0.7052845528455285 0.9119241192411924 0.020325203252032523 0.024390243902439025