3 0.6002747252747254 0.33274647887323944 0.046703296703296704 0.06690140845070423
3 0.3434065934065934 0.4507042253521127 0.027472527472527476 0.02112676056338028
3 0.33241758241758246 0.5404929577464789 0.02197802197802198 0.017605633802816902
3 0.2802197802197802 0.5246478873239436 0.06593406593406594 0.04929577464788733
3 0.5686813186813188 0.6338028169014085 0.049450549450549455 0.04225352112676056
1 0.5700549450549451 0.8538732394366197 0.024725274725274728 0.03169014084507042
1 0.5576923076923077 0.9172535211267606 0.03296703296703297 0.03169014084507042
1 0.6895604395604397 0.9348591549295775 0.02197802197802198 0.03873239436619719
1 0.7211538461538463 0.9295774647887324 0.024725274725274728 0.035211267605633804
1 0.7664835164835165 0.9242957746478874 0.027472527472527476 0.03169014084507042
1 0.6195054945054945 0.8538732394366197 0.030219780219780223 0.017605633802816902
1 0.7335164835164836 0.9630281690140845 0.02197802197802198 0.024647887323943664