1 0.38008130081300817 0.11788617886178862 0.0894308943089431 0.07317073170731707
0 0.6412601626016261 0.2506775067750677 0.10365853658536586 0.16531165311653118
2 0.8871951219512196 0.6693766937669376 0.209349593495935 0.5420054200542005
3 0.9583333333333335 0.22764227642276422 0.06707317073170732 0.03252032520325203
3 0.902439024390244 0.27100271002710025 0.04065040650406505 0.03252032520325203
3 0.8668699186991871 0.2926829268292683 0.030487804878048783 0.02168021680216802
4 0.06504065040650407 0.13821138211382114 0.024390243902439025 0.02710027100271003
2 0.08434959349593497 0.07859078590785908 0.11991869918699188 0.14092140921409213
2 0.1046747967479675 0.45257452574525747 0.18089430894308944 0.5420054200542005
4 0.1443089430894309 0.6585365853658537 0.03658536585365854 0.04336043360433604
1 0.21849593495934963 0.8102981029810298 0.030487804878048783 0.04336043360433604
2 0.38821138211382117 0.6192411924119241 0.12601626016260165 0.24661246612466126