1 0.6117886178861789 0.8875338753387534 0.0894308943089431 0.07317073170731707
0 0.350609756097561 0.7547425474254743 0.10365853658536586 0.16531165311653118
2 0.1046747967479675 0.33604336043360433 0.209349593495935 0.5420054200542005
3 0.03353658536585366 0.7777777777777778 0.06707317073170732 0.03252032520325203
3 0.0894308943089431 0.7344173441734417 0.04065040650406505 0.03252032520325203
3 0.125 0.7127371273712737 0.030487804878048783 0.02168021680216802
4 0.926829268292683 0.8672086720867209 0.024390243902439025 0.02710027100271003
2 0.9075203252032521 0.926829268292683 0.11991869918699188 0.14092140921409213
2 0.8871951219512196 0.5528455284552846 0.18089430894308944 0.5420054200542005
4 0.8475609756097562 0.34688346883468835 0.03658536585365854 0.04336043360433604
1 0.7733739837398375 0.1951219512195122 0.030487804878048783 0.04336043360433604
2 0.603658536585366 0.3861788617886179 0.12601626016260165 0.24661246612466126