1 0.6152849740932643 0.8673469387755102 0.09067357512953368 0.07482993197278912
0 0.35751295336787564 0.7482993197278911 0.10362694300518135 0.16326530612244897
2 0.10880829015544041 0.35374149659863946 0.2072538860103627 0.5238095238095238
3 0.04792746113989638 0.782312925170068 0.06994818652849741 0.03401360544217687
3 0.10103626943005181 0.738095238095238 0.04145077720207254 0.03401360544217687
3 0.13601036269430053 0.7159863945578231 0.03367875647668394 0.023809523809523808
4 0.9235751295336788 0.8384353741496599 0.02849740932642487 0.030612244897959183
2 0.905440414507772 0.8962585034013605 0.12176165803108809 0.13945578231292516
2 0.8782383419689119 0.5357142857142857 0.18134715025906736 0.5272108843537415
4 0.8354922279792747 0.33843537414965985 0.038860103626943004 0.04421768707482993
1 0.7603626943005182 0.195578231292517 0.03367875647668394 0.04421768707482993
2 0.5971502590673575 0.38605442176870747 0.12694300518134716 0.24149659863945577