1 0.37804878048780494 0.8848238482384824 0.0894308943089431 0.07317073170731707
0 0.6392276422764228 0.7520325203252033 0.10365853658536586 0.16531165311653118
2 0.8851626016260163 0.3333333333333333 0.209349593495935 0.5420054200542005
3 0.9563008130081302 0.7750677506775068 0.06707317073170732 0.03252032520325203
3 0.9004065040650407 0.7317073170731707 0.04065040650406505 0.03252032520325203
3 0.8648373983739839 0.7100271002710027 0.030487804878048783 0.02168021680216802
4 0.06300813008130082 0.8644986449864499 0.024390243902439025 0.02710027100271003
2 0.08231707317073171 0.924119241192412 0.11991869918699188 0.14092140921409213
2 0.10264227642276424 0.5501355013550135 0.18089430894308944 0.5420054200542005
4 0.14227642276422767 0.34417344173441733 0.03658536585365854 0.04336043360433604
1 0.21646341463414637 0.19241192411924118 0.030487804878048783 0.04336043360433604
2 0.38617886178861793 0.38346883468834686 0.12601626016260165 0.24661246612466126