1 0.4017632241813602 0.1270358306188925 0.08816120906801007 0.07166123778501629
0 0.6448362720403022 0.2703583061889251 0.10075566750629722 0.15635179153094464
2 0.8627204030226701 0.6758957654723128 0.2040302267002519 0.504885993485342
3 0.9496221662468514 0.2703583061889251 0.0654911838790932 0.03257328990228013
3 0.8942065491183879 0.30618892508143325 0.04030226700251889 0.03257328990228013
3 0.8589420654911839 0.32410423452768733 0.030226700251889168 0.02280130293159609
4 0.0994962216624685 0.12214983713355049 0.027707808564231738 0.02931596091205212
2 0.12090680100755667 0.07003257328990228 0.1158690176322418 0.13355048859934854
2 0.12468513853904281 0.4185667752442997 0.17380352644836272 0.504885993485342
4 0.15239294710327456 0.6107491856677525 0.03778337531486146 0.042345276872964174
1 0.21788413098236775 0.757328990228013 0.0327455919395466 0.042345276872964174
2 0.3879093198992443 0.5912052117263844 0.12090680100755667 0.23127035830618894