1 0.5922693266832918 0.8589743589743589 0.08728179551122195 0.07051282051282051
0 0.3491271820448878 0.7163461538461539 0.09975062344139651 0.15705128205128205
2 0.13591022443890274 0.3141025641025641 0.20199501246882792 0.5
3 0.046134663341645885 0.7115384615384616 0.06733167082294264 0.03205128205128205
3 0.10224438902743142 0.6762820512820512 0.0399002493765586 0.03205128205128205
3 0.1371571072319202 0.6586538461538461 0.029925187032418952 0.022435897435897436
4 0.8915211970074812 0.8669871794871794 0.02743142144638404 0.028846153846153844
2 0.8703241895261845 0.9198717948717948 0.11471321695760599 0.1346153846153846
2 0.8703241895261845 0.5769230769230769 0.1745635910224439 0.5
4 0.841645885286783 0.3830128205128205 0.03740648379052369 0.041666666666666664
1 0.7780548628428927 0.23878205128205127 0.029925187032418952 0.041666666666666664
2 0.6072319201995012 0.3990384615384615 0.12219451371571072 0.22756410256410256