1 0.3717277486910995 0.8293918918918919 0.08900523560209425 0.07094594594594594
0 0.6269633507853404 0.7246621621621622 0.10209424083769635 0.1587837837837838
2 0.880890052356021 0.3564189189189189 0.20157068062827227 0.5033783783783784
3 0.9293193717277487 0.7702702702702703 0.06806282722513089 0.033783783783783786
3 0.8782722513089006 0.7263513513513514 0.03926701570680628 0.033783783783783786
3 0.8455497382198953 0.7043918918918919 0.03141361256544503 0.02364864864864865
4 0.07329842931937174 0.7871621621621622 0.02617801047120419 0.02702702702702703
2 0.08769633507853404 0.8429054054054055 0.11780104712041886 0.13175675675675677
2 0.1243455497382199 0.49831081081081086 0.17539267015706808 0.5033783783783784
4 0.17015706806282724 0.31081081081081086 0.03664921465968587 0.04054054054054054
1 0.2486910994764398 0.17736486486486489 0.03141361256544503 0.04391891891891892
2 0.40183246073298434 0.3648648648648649 0.12303664921465969 0.22972972972972974