2 0.02947154471544716 0.9444444444444444 0.06300813008130082 0.08401084010840108
2 0.9563008130081302 0.9281842818428184 0.07926829268292684 0.11653116531165311
2 0.535569105691057 0.8102981029810298 0.06707317073170732 0.1897018970189702
2 0.5254065040650407 0.592140921409214 0.06707317073170732 0.18699186991869918
2 0.44512195121951226 0.3997289972899729 0.0934959349593496 0.23035230352303523
4 0.9634146341463415 0.9539295392953929 0.012195121951219513 0.02168021680216802
4 0.934959349593496 0.9417344173441734 0.008130081300813009 0.018970189701897018
3 0.8709349593495936 0.8983739837398373 0.01829268292682927 0.018970189701897018
4 0.5203252032520326 0.6273712737127372 0.024390243902439025 0.03523035230352303
4 0.5091463414634146 0.5501355013550135 0.01829268292682927 0.016260162601626015
4 0.5030487804878049 0.5176151761517616 0.014227642276422765 0.02710027100271003
4 0.41463414634146345 0.34010840108401086 0.012195121951219513 0.018970189701897018
4 0.44512195121951226 0.38482384823848237 0.012195121951219513 0.02168021680216802
4 0.47154471544715454 0.3902439024390244 0.012195121951219513 0.016260162601626015
4 0.4776422764227643 0.46070460704607047 0.016260162601626018 0.02168021680216802
4 0.5406504065040652 0.8008130081300813 0.016260162601626018 0.02981029810298103