2 0.03150406504065041 0.9552845528455285 0.06300813008130082 0.08401084010840108
2 0.9583333333333335 0.9390243902439024 0.07926829268292684 0.11653116531165311
2 0.5376016260162603 0.8211382113821138 0.06707317073170732 0.1897018970189702
2 0.5274390243902439 0.6029810298102981 0.06707317073170732 0.18699186991869918
2 0.4471544715447155 0.4105691056910569 0.0934959349593496 0.23035230352303523
4 0.9654471544715448 0.964769647696477 0.012195121951219513 0.02168021680216802
4 0.9369918699186993 0.9525745257452575 0.008130081300813009 0.018970189701897018
3 0.8729674796747968 0.9092140921409214 0.01829268292682927 0.018970189701897018
4 0.5223577235772359 0.6382113821138211 0.024390243902439025 0.03523035230352303
4 0.5111788617886179 0.5609756097560976 0.01829268292682927 0.016260162601626015
4 0.5050813008130082 0.5284552845528455 0.014227642276422765 0.02710027100271003
4 0.4166666666666667 0.3509485094850949 0.012195121951219513 0.018970189701897018
4 0.4471544715447155 0.3956639566395664 0.012195121951219513 0.02168021680216802
4 0.4735772357723578 0.4010840108401084 0.012195121951219513 0.016260162601626015
4 0.47967479674796754 0.4715447154471545 0.016260162601626018 0.02168021680216802
4 0.5426829268292683 0.8116531165311653 0.016260162601626018 0.02981029810298103