2 0.02947154471544716 0.11246612466124661 0.06300813008130082 0.08401084010840108
2 0.9563008130081302 0.12872628726287264 0.07926829268292684 0.11653116531165311
2 0.535569105691057 0.24661246612466126 0.06707317073170732 0.1897018970189702
2 0.5254065040650407 0.46476964769647694 0.06707317073170732 0.18699186991869918
2 0.44512195121951226 0.6571815718157181 0.0934959349593496 0.23035230352303523
4 0.9634146341463415 0.10298102981029811 0.012195121951219513 0.02168021680216802
4 0.934959349593496 0.11517615176151762 0.008130081300813009 0.018970189701897018
3 0.8709349593495936 0.15853658536585366 0.01829268292682927 0.018970189701897018
4 0.5203252032520326 0.42953929539295393 0.024390243902439025 0.03523035230352303
4 0.5091463414634146 0.5067750677506775 0.01829268292682927 0.016260162601626015
4 0.5030487804878049 0.5392953929539296 0.014227642276422765 0.02710027100271003
4 0.41463414634146345 0.7168021680216802 0.012195121951219513 0.018970189701897018
4 0.44512195121951226 0.6720867208672087 0.012195121951219513 0.02168021680216802
4 0.47154471544715454 0.6666666666666666 0.012195121951219513 0.016260162601626015
4 0.4776422764227643 0.5962059620596206 0.016260162601626018 0.02168021680216802
4 0.5406504065040652 0.25609756097560976 0.016260162601626018 0.02981029810298103