2 0.923076923076923 0.8945578231292517 0.0636604774535809 0.08163265306122448
2 0.046419098143236075 0.7959183673469388 0.07692307692307691 0.10884353741496598
2 0.4522546419098143 0.7261904761904762 0.0663129973474801 0.17346938775510204
2 0.4734748010610079 0.5289115646258503 0.0663129973474801 0.17346938775510204
2 0.5583554376657824 0.36054421768707484 0.09283819628647215 0.21088435374149658
4 0.03846153846153846 0.8180272108843537 0.01326259946949602 0.023809523809523808
4 0.0663129973474801 0.8095238095238095 0.010610079575596816 0.02040816326530612
3 0.129973474801061 0.7755102040816326 0.021220159151193633 0.02040816326530612
4 0.47480106100795755 0.5612244897959183 0.02652519893899204 0.03401360544217687
4 0.4907161803713528 0.4914965986394558 0.021220159151193633 0.017006802721088433
4 0.4986737400530504 0.4625850340136054 0.015915119363395226 0.027210884353741496
4 0.5901856763925729 0.30952380952380953 0.01326259946949602 0.02040816326530612
4 0.5596816976127321 0.3486394557823129 0.015915119363395226 0.023809523809523808
4 0.5344827586206896 0.35034013605442177 0.01326259946949602 0.02040816326530612
4 0.5238726790450928 0.41326530612244894 0.01856763925729443 0.023809523809523808
4 0.4469496021220159 0.7159863945578231 0.01856763925729443 0.030612244897959183