2 0.029829545454545456 0.9342105263157894 0.06534090909090909 0.08646616541353383
2 0.9460227272727273 0.93796992481203 0.07954545454545454 0.11654135338345864
2 0.53125 0.8139097744360901 0.06818181818181818 0.19172932330827067
2 0.5241477272727273 0.599624060150376 0.07102272727272728 0.18421052631578946
2 0.4474431818181818 0.41165413533834583 0.09375 0.22932330827067668
4 0.953125 0.9642857142857142 0.014204545454545456 0.02631578947368421
4 0.9232954545454546 0.9511278195488722 0.011363636363636364 0.022556390977443608
3 0.8622159090909091 0.9060150375939849 0.019886363636363636 0.022556390977443608
4 0.5184659090909091 0.6353383458646616 0.02556818181818182 0.03759398496240601
4 0.5085227272727273 0.5582706766917293 0.022727272727272728 0.018796992481203006
4 0.5028409090909091 0.5263157894736842 0.017045454545454544 0.03007518796992481
4 0.41761363636363635 0.34962406015037595 0.017045454545454544 0.022556390977443608
4 0.4474431818181818 0.39473684210526316 0.014204545454545456 0.022556390977443608
4 0.47301136363636365 0.40037593984962405 0.014204545454545456 0.018796992481203006
4 0.4786931818181818 0.4699248120300752 0.019886363636363636 0.022556390977443608
4 0.5369318181818182 0.8045112781954886 0.017045454545454544 0.03007518796992481