2 0.9644308943089432 0.03929539295392954 0.06300813008130082 0.08401084010840108
2 0.037601626016260166 0.05555555555555555 0.07926829268292684 0.11653116531165311
2 0.45833333333333337 0.17344173441734417 0.06707317073170732 0.1897018970189702
2 0.46849593495934966 0.3915989159891599 0.06707317073170732 0.18699186991869918
2 0.5487804878048781 0.5840108401084011 0.0934959349593496 0.23035230352303523
4 0.030487804878048783 0.02981029810298103 0.012195121951219513 0.02168021680216802
4 0.05894308943089432 0.04200542005420054 0.008130081300813009 0.018970189701897018
3 0.12296747967479676 0.08536585365853659 0.01829268292682927 0.018970189701897018
4 0.4735772357723578 0.35636856368563685 0.024390243902439025 0.03523035230352303
4 0.48475609756097565 0.43360433604336046 0.01829268292682927 0.016260162601626015
4 0.4908536585365854 0.46612466124661245 0.014227642276422765 0.02710027100271003
4 0.5792682926829269 0.6436314363143631 0.012195121951219513 0.018970189701897018
4 0.5487804878048781 0.5989159891598916 0.012195121951219513 0.02168021680216802
4 0.5223577235772359 0.5934959349593496 0.012195121951219513 0.016260162601626015
4 0.5162601626016261 0.5230352303523035 0.016260162601626018 0.02168021680216802
4 0.45325203252032525 0.18292682926829268 0.016260162601626018 0.02981029810298103