1 0.8671875 0.7896551724137931 0.26041666666666663 0.3931034482758621
3 0.7565104166666666 0.16034482758620688 0.018229166666666664 0.04482758620689655
3 0.7877604166666666 0.1413793103448276 0.018229166666666664 0.034482758620689655
2 0.8307291666666666 0.35344827586206895 0.3125 0.3758620689655172
2 0.04427083333333333 0.8603448275862069 0.078125 0.27241379310344827
2 0.30859375 0.7844827586206896 0.4505208333333333 0.3689655172413793
2 0.484375 0.4568965517241379 0.38541666666666663 0.2793103448275862
4 0.6549479166666666 0.6810344827586207 0.018229166666666664 0.04482758620689655
4 0.5091145833333333 0.9137931034482758 0.028645833333333332 0.06206896551724138
4 0.037760416666666664 0.8982758620689655 0.013020833333333332 0.02413793103448276
4 0.05598958333333333 0.8413793103448276 0.028645833333333332 0.027586206896551724
3 0.19921875 0.3810344827586207 0.0703125 0.05172413793103448
3 0.265625 0.4189655172413793 0.041666666666666664 0.05172413793103448
3 0.29557291666666663 0.4689655172413793 0.018229166666666664 0.034482758620689655
4 0.31640625 0.5172413793103449 0.018229166666666664 0.027586206896551724
4 0.3841145833333333 0.4689655172413793 0.049479166666666664 0.07586206896551724
4 0.8815104166666666 0.19827586206896552 0.033854166666666664 0.05862068965517241
4 0.9388020833333333 0.20172413793103447 0.0546875 0.06551724137931034
4 0.9283854166666666 0.4706896551724138 0.028645833333333332 0.05172413793103448