1 0.8664921465968587 0.1986062717770035 0.2617801047120419 0.397212543554007
3 0.7604712041884817 0.8344947735191638 0.018324607329842934 0.04529616724738676
3 0.793193717277487 0.8536585365853658 0.020942408376963352 0.03484320557491289
2 0.8337696335078535 0.6393728222996515 0.3167539267015707 0.3797909407665505
2 0.03926701570680628 0.13414634146341464 0.07853403141361257 0.27526132404181186
2 0.306282722513089 0.2073170731707317 0.4554973821989529 0.37282229965156793
2 0.4842931937172775 0.5365853658536586 0.387434554973822 0.2787456445993031
4 0.6557591623036649 0.3083623693379791 0.018324607329842934 0.04529616724738676
4 0.506544502617801 0.07665505226480836 0.02879581151832461 0.0627177700348432
4 0.032722513089005235 0.09581881533101046 0.013089005235602094 0.024390243902439025
4 0.05104712041884817 0.15331010452961671 0.02879581151832461 0.027874564459930314
3 0.19895287958115185 0.6184668989547039 0.07329842931937174 0.05226480836236934
3 0.26439790575916233 0.5766550522648084 0.041884816753926704 0.05226480836236934
3 0.29450261780104714 0.5261324041811847 0.018324607329842934 0.03484320557491289
4 0.3154450261780105 0.47909407665505227 0.018324607329842934 0.024390243902439025
4 0.3848167539267016 0.5261324041811847 0.04712041884816754 0.07665505226480836
4 0.8861256544502618 0.7961672473867596 0.034031413612565446 0.059233449477351915
4 0.943717277486911 0.7909407665505227 0.0549738219895288 0.06968641114982578
4 0.930628272251309 0.519163763066202 0.02879581151832461 0.04878048780487805