1 0.1445623342175066 0.19377162629757785 0.2572944297082228 0.3806228373702422
3 0.23209549071618035 0.8062283737024222 0.01856763925729443 0.04152249134948097
3 0.2002652519893899 0.823529411764706 0.01856763925729443 0.03460207612456748
2 0.16445623342175064 0.615916955017301 0.30769230769230765 0.36678200692041524
2 0.9535809018567639 0.16955017301038064 0.07692307692307691 0.26297577854671284
2 0.6923076923076923 0.22664359861591696 0.4456233421750663 0.356401384083045
2 0.5079575596816975 0.5328719723183392 0.3793103448275862 0.2698961937716263
4 0.34880636604774534 0.3096885813148789 0.01856763925729443 0.04498269896193772
4 0.4986737400530504 0.09169550173010381 0.02652519893899204 0.058823529411764705
4 0.9615384615384615 0.13148788927335642 0.01326259946949602 0.020761245674740483
4 0.9416445623342174 0.185121107266436 0.02652519893899204 0.02422145328719723
3 0.7851458885941645 0.6245674740484429 0.06896551724137931 0.051903114186851215
3 0.7228116710875331 0.583044982698962 0.03978779840848806 0.051903114186851215
3 0.6949602122015914 0.5328719723183392 0.015915119363395226 0.03460207612456748
4 0.6750663129973474 0.486159169550173 0.01856763925729443 0.02422145328719723
4 0.6074270557029178 0.527681660899654 0.04774535809018567 0.0726643598615917
4 0.11007957559681697 0.7647058823529412 0.034482758620689655 0.05536332179930796
4 0.054376657824933686 0.7560553633217993 0.055702917771883284 0.06574394463667821
4 0.07294429708222812 0.49826989619377166 0.029177718832891244 0.04844290657439446