1 0.8627717391304348 0.2647058823529412 0.24728260869565216 0.356401384083045
3 0.7241847826086957 0.8269896193771626 0.019021739130434784 0.04152249134948097
3 0.7527173913043478 0.8477508650519031 0.021739130434782608 0.03460207612456748
2 0.8057065217391304 0.657439446366782 0.296195652173913 0.34602076124567477
2 0.08695652173913043 0.12456747404844291 0.07608695652173914 0.24913494809688583
2 0.3342391304347826 0.21626297577854672 0.4293478260869565 0.33564013840830453
2 0.48233695652173914 0.5311418685121108 0.3668478260869565 0.25259515570934254
4 0.65625 0.342560553633218 0.019021739130434784 0.04152249134948097
4 0.529891304347826 0.11937716262975778 0.02717391304347826 0.058823529411764705
4 0.08288043478260869 0.08996539792387544 0.01358695652173913 0.020761245674740483
4 0.09782608695652173 0.14186851211072665 0.02717391304347826 0.02768166089965398
3 0.2078804347826087 0.5761245674740485 0.06793478260869565 0.04498269896193772
3 0.27309782608695654 0.5467128027681661 0.04076086956521739 0.04844290657439446
3 0.30434782608695654 0.5034602076124568 0.016304347826086956 0.03114186851211073
4 0.32608695652173914 0.4619377162629758 0.016304347826086956 0.02422145328719723
4 0.389945652173913 0.5121107266435986 0.04619565217391304 0.06920415224913495
4 0.8451086956521738 0.8044982698961938 0.03260869565217391 0.051903114186851215
4 0.8980978260869565 0.8062283737024222 0.051630434782608696 0.06228373702422146
4 0.9021739130434783 0.5588235294117647 0.02717391304347826 0.04498269896193772