1 0.8678861788617888 0.1978319783197832 0.2601626016260163 0.3956639566395664
3 0.7621951219512196 0.8360433604336044 0.016260162601626018 0.04065040650406504
3 0.79369918699187 0.8563685636856369 0.01829268292682927 0.03252032520325203
2 0.8353658536585367 0.6395663956639567 0.31300813008130085 0.3794037940379404
2 0.03861788617886179 0.13550135501355012 0.07723577235772358 0.27100271002710025
2 0.30589430894308944 0.2073170731707317 0.45325203252032525 0.3712737127371274
2 0.4857723577235773 0.537940379403794 0.38617886178861793 0.2791327913279133
4 0.6565040650406505 0.3089430894308943 0.016260162601626018 0.04336043360433604
4 0.5071138211382115 0.07588075880758807 0.026422764227642278 0.05962059620596206
4 0.032520325203252036 0.09620596205962059 0.012195121951219513 0.018970189701897018
4 0.05081300813008131 0.15311653116531165 0.024390243902439025 0.024390243902439025
3 0.19918699186991873 0.6205962059620597 0.06910569105691057 0.04878048780487805
3 0.2652439024390244 0.5799457994579946 0.03861788617886179 0.04878048780487805
3 0.29471544715447157 0.5284552845528455 0.016260162601626018 0.03252032520325203
4 0.3150406504065041 0.4796747967479675 0.016260162601626018 0.02168021680216802
4 0.3851626016260163 0.5271002710027101 0.0467479674796748 0.07317073170731707
4 0.8882113821138212 0.7967479674796748 0.032520325203252036 0.05420054200542006
4 0.9451219512195123 0.7913279132791328 0.052845528455284556 0.06504065040650406
4 0.9319105691056911 0.518970189701897 0.026422764227642278 0.04607046070460705