1 0.8627717391304348 0.75 0.25815217391304346 0.3920863309352518
3 0.751358695652174 0.12410071942446044 0.019021739130434784 0.046762589928057555
3 0.7826086956521738 0.10431654676258993 0.021739130434782608 0.03597122302158273
2 0.827445652173913 0.3165467625899281 0.3125 0.37410071942446044
2 0.042119565217391304 0.8255395683453238 0.07880434782608696 0.2697841726618705
2 0.3070652173913043 0.7482014388489209 0.45108695652173914 0.3669064748201439
2 0.4809782608695652 0.42266187050359716 0.3858695652173913 0.27697841726618705
4 0.6535326086956521 0.6438848920863309 0.019021739130434784 0.04316546762589928
4 0.5067934782608695 0.8758992805755396 0.029891304347826088 0.06115107913669065
4 0.03668478260869565 0.8633093525179857 0.01358695652173913 0.02158273381294964
4 0.05434782608695652 0.8057553956834533 0.02717391304347826 0.02877697841726619
3 0.19701086956521738 0.34532374100719426 0.0733695652173913 0.05035971223021583
3 0.2622282608695652 0.38489208633093525 0.04076086956521739 0.05035971223021583
3 0.2921195652173913 0.4352517985611511 0.019021739130434784 0.03597122302158273
4 0.3138586956521739 0.4802158273381295 0.019021739130434784 0.025179856115107917
4 0.38315217391304346 0.43345323741007197 0.048913043478260865 0.07553956834532374
4 0.8763586956521738 0.16187050359712232 0.035326086956521736 0.05755395683453238
4 0.9334239130434783 0.16546762589928057 0.057065217391304345 0.06474820143884892
4 0.9225543478260869 0.43345323741007197 0.029891304347826088 0.046762589928057555