1 0.8633952254641909 0.2067137809187279 0.2625994694960212 0.3992932862190813
3 0.759946949602122 0.842756183745583 0.01856763925729443 0.045936395759717315
3 0.7917771883289124 0.8621908127208481 0.01856763925729443 0.0353356890459364
2 0.8328912466843501 0.6466431095406361 0.3129973474801061 0.38162544169611307
2 0.03713527851458886 0.15017667844522967 0.07957559681697612 0.27208480565371024
2 0.3037135278514589 0.21908127208480566 0.4535809018567639 0.3745583038869258
2 0.48541114058355433 0.5477031802120141 0.3872679045092838 0.2826855123674912
4 0.6538461538461539 0.3197879858657244 0.01856763925729443 0.045936395759717315
4 0.5053050397877984 0.08833922261484099 0.029177718832891244 0.0636042402826855
4 0.03183023872679045 0.11130742049469965 0.015915119363395226 0.024734982332155476
4 0.05039787798408488 0.16607773851590105 0.02652519893899204 0.028268551236749116
3 0.2002652519893899 0.6307420494699647 0.0716180371352785 0.053003533568904596
3 0.2652519893899204 0.5901060070671378 0.042440318302387266 0.04946996466431095
3 0.29442970822281167 0.53886925795053 0.021220159151193633 0.038869257950530034
4 0.3143236074270557 0.48939929328621906 0.01856763925729443 0.024734982332155476
4 0.3846153846153846 0.5371024734982333 0.04774535809018567 0.07773851590106007
4 0.8859416445623342 0.8021201413427562 0.03713527851458886 0.05653710247349823
4 0.942970822281167 0.7968197879858657 0.055702917771883284 0.06713780918727916
4 0.9283819628647214 0.5265017667844523 0.02652519893899204 0.04946996466431095