3 0.7741116751269035 0.553156146179402 0.04568527918781726 0.16943521594684385
3 0.8058375634517766 0.4435215946843854 0.048223350253807105 0.08305647840531562
3 0.7538071065989848 0.19102990033222592 0.12690355329949238 0.12292358803986711
3 0.6548223350253807 0.1877076411960133 0.050761421319796954 0.036544850498338874
3 0.7474619289340101 0.10465116279069768 0.05837563451776649 0.029900332225913623
3 0.6763959390862944 0.04983388704318937 0.03807106598984771 0.046511627906976744
3 0.7043147208121827 0.11960132890365449 0.027918781725888322 0.026578073089700997
3 0.9454314720812182 0.7043189368770765 0.02284263959390863 0.07308970099667775
3 0.48350253807106597 0.9086378737541528 0.04314720812182741 0.04983388704318937
3 0.019035532994923856 0.6345514950166113 0.027918781725888322 0.0664451827242525
3 0.133248730964467 0.6461794019933556 0.053299492385786795 0.04983388704318937
3 0.021573604060913704 0.7342192691029901 0.032994923857868015 0.08637873754152824
3 0.08121827411167512 0.36710963455149503 0.03045685279187817 0.029900332225913623
3 0.10659898477157359 0.4850498338870432 0.035532994923857864 0.026578073089700997
3 0.07741116751269035 0.5764119601328904 0.02284263959390863 0.029900332225913623
3 0.5901015228426395 0.3604651162790698 0.02284263959390863 0.029900332225913623
3 0.6091370558375634 0.39368770764119604 0.04568527918781726 0.023255813953488372
3 0.3210659898477157 0.7159468438538206 0.027918781725888322 0.04983388704318937
3 0.5203045685279187 0.7674418604651163 0.04568527918781726 0.026578073089700997
3 0.6738578680203046 0.707641196013289 0.027918781725888322 0.026578073089700997
3 0.7106598984771573 0.7508305647840532 0.06091370558375634 0.026578073089700997
3 0.03680203045685279 0.06312292358803986 0.02284263959390863 0.026578073089700997