3 0.7669270833333333 0.431438127090301 0.04427083333333333 0.1605351170568562
3 0.7994791666666666 0.5351170568561873 0.046875 0.0802675585284281
3 0.7565104166666666 0.7775919732441472 0.12239583333333333 0.11705685618729096
3 0.66015625 0.7859531772575251 0.049479166666666664 0.033444816053511704
3 0.7526041666666666 0.862876254180602 0.057291666666666664 0.026755852842809364
3 0.68359375 0.9180602006688963 0.0390625 0.043478260869565216
3 0.7083333333333333 0.8511705685618729 0.026041666666666664 0.023411371237458192
3 0.9309895833333333 0.2792642140468227 0.0234375 0.07023411371237458
3 0.47265625 0.1020066889632107 0.04427083333333333 0.05016722408026756
3 0.026041666666666664 0.3862876254180602 0.026041666666666664 0.06354515050167224
3 0.13802083333333331 0.3695652173913043 0.05208333333333333 0.05016722408026756
3 0.024739583333333332 0.28929765886287623 0.033854166666666664 0.08361204013377926
3 0.09505208333333333 0.6387959866220736 0.028645833333333332 0.026755852842809364
3 0.11588541666666666 0.5234113712374582 0.033854166666666664 0.023411371237458192
3 0.08463541666666666 0.4397993311036789 0.0234375 0.030100334448160536
3 0.5911458333333333 0.6237458193979933 0.020833333333333332 0.030100334448160536
3 0.609375 0.5903010033444815 0.041666666666666664 0.023411371237458192
3 0.3203125 0.294314381270903 0.026041666666666664 0.046822742474916385
3 0.5143229166666666 0.23745819397993312 0.04427083333333333 0.026755852842809364
3 0.6653645833333333 0.28595317725752506 0.028645833333333332 0.023411371237458192
3 0.69921875 0.24414715719063546 0.05989583333333333 0.026755852842809364
3 0.057291666666666664 0.9331103678929765 0.020833333333333332 0.026755852842809364