3 0.7845528455284554 0.5555555555555556 0.04471544715447155 0.17344173441734417
3 0.8140243902439025 0.44037940379403795 0.0467479674796748 0.08401084010840108
3 0.7540650406504066 0.17886178861788618 0.12601626016260165 0.12466124661246612
3 0.6524390243902439 0.17886178861788618 0.04878048780487805 0.03252032520325203
3 0.7459349593495935 0.08672086720867209 0.05691056910569106 0.02710027100271003
3 0.6707317073170732 0.03387533875338753 0.03658536585365854 0.04607046070460705
3 0.7002032520325204 0.1043360433604336 0.026422764227642278 0.024390243902439025
3 0.9644308943089432 0.7059620596205962 0.022357723577235776 0.07317073170731707
3 0.49491869918699194 0.940379403794038 0.042682926829268296 0.04878048780487805
3 0.012195121951219513 0.6747967479674797 0.024390243902439025 0.06504065040650406
3 0.13008130081300814 0.6815718157181572 0.052845528455284556 0.051490514905149054
3 0.016260162601626018 0.7777777777777778 0.032520325203252036 0.08672086720867209
3 0.06910569105691057 0.39295392953929537 0.02845528455284553 0.02710027100271003
3 0.0975609756097561 0.5149051490514905 0.032520325203252036 0.02168021680216802
3 0.0701219512195122 0.6111111111111112 0.022357723577235776 0.02981029810298103
3 0.5894308943089431 0.3617886178861789 0.020325203252032523 0.02981029810298103
3 0.6107723577235773 0.3956639566395664 0.042682926829268296 0.02168021680216802
3 0.32418699186991873 0.7452574525745257 0.026422764227642278 0.04878048780487805
3 0.5304878048780488 0.7899728997289973 0.04471544715447155 0.024390243902439025
3 0.6859756097560976 0.7222222222222222 0.026422764227642278 0.024390243902439025
3 0.7235772357723578 0.7655826558265583 0.06097560975609757 0.024390243902439025
3 0.014227642276422765 0.07723577235772358 0.020325203252032523 0.024390243902439025