3 0.21138211382113822 0.44986449864498645 0.04471544715447155 0.17344173441734417
3 0.1819105691056911 0.5650406504065041 0.0467479674796748 0.08401084010840108
3 0.24186991869918703 0.8265582655826558 0.12601626016260165 0.12466124661246612
3 0.3434959349593496 0.8265582655826558 0.04878048780487805 0.03252032520325203
3 0.25 0.9186991869918699 0.05691056910569106 0.02710027100271003
3 0.3252032520325204 0.9715447154471545 0.03658536585365854 0.04607046070460705
3 0.2957317073170732 0.9010840108401084 0.026422764227642278 0.024390243902439025
3 0.03150406504065041 0.2994579945799458 0.022357723577235776 0.07317073170731707
3 0.5010162601626017 0.06504065040650406 0.042682926829268296 0.04878048780487805
3 0.9837398373983741 0.33062330623306235 0.024390243902439025 0.06504065040650406
3 0.8658536585365855 0.3238482384823848 0.052845528455284556 0.051490514905149054
3 0.9796747967479675 0.22764227642276422 0.032520325203252036 0.08672086720867209
3 0.926829268292683 0.6124661246612466 0.02845528455284553 0.02710027100271003
3 0.8983739837398375 0.4905149051490515 0.032520325203252036 0.02168021680216802
3 0.9258130081300814 0.3943089430894309 0.022357723577235776 0.02981029810298103
3 0.40650406504065045 0.6436314363143631 0.020325203252032523 0.02981029810298103
3 0.3851626016260163 0.6097560975609756 0.042682926829268296 0.02168021680216802
3 0.6717479674796749 0.26016260162601623 0.026422764227642278 0.04878048780487805
3 0.4654471544715448 0.21544715447154472 0.04471544715447155 0.024390243902439025
3 0.30995934959349597 0.28319783197831977 0.026422764227642278 0.024390243902439025
3 0.2723577235772358 0.23983739837398374 0.06097560975609757 0.024390243902439025
3 0.9817073170731708 0.9281842818428184 0.020325203252032523 0.024390243902439025