3 0.7773536895674301 0.5334448160535117 0.04834605597964377 0.1705685618729097
3 0.8053435114503817 0.4197324414715719 0.04834605597964377 0.08361204013377926
3 0.7404580152671756 0.1688963210702341 0.1272264631043257 0.12374581939799331
3 0.6412213740458016 0.17391304347826086 0.050890585241730284 0.033444816053511704
3 0.7315521628498728 0.08193979933110368 0.058524173027989825 0.030100334448160536
3 0.6552162849872774 0.033444816053511704 0.03816793893129771 0.046822742474916385
3 0.6857506361323156 0.10033444816053512 0.027989821882951654 0.026755852842809364
3 0.9567430025445294 0.6722408026755853 0.025445292620865142 0.07357859531772575
3 0.5012722646310432 0.9113712374581939 0.04580152671755726 0.05016722408026756
3 0.024173027989821884 0.6722408026755853 0.027989821882951654 0.06688963210702341
3 0.13994910941475827 0.6755852842809364 0.05597964376590331 0.05351170568561873
3 0.03053435114503817 0.7725752508361204 0.035623409669211195 0.08695652173913043
3 0.07379134860050891 0.3996655518394649 0.03053435114503817 0.030100334448160536
3 0.10432569974554708 0.5167224080267558 0.035623409669211195 0.023411371237458192
3 0.0801526717557252 0.6086956521739131 0.02290076335877863 0.033444816053511704
3 0.5826972010178118 0.3511705685618729 0.020356234096692113 0.033444816053511704
3 0.6043256997455472 0.382943143812709 0.04325699745547074 0.023411371237458192
3 0.33078880407124683 0.7307692307692307 0.03053435114503817 0.05016722408026756
3 0.5343511450381679 0.765886287625418 0.04580152671755726 0.026755852842809364
3 0.6844783715012723 0.6956521739130435 0.03053435114503817 0.026755852842809364
3 0.72264631043257 0.7357859531772575 0.06106870229007634 0.026755852842809364
3 0.013994910941475827 0.09698996655518395 0.02290076335877863 0.026755852842809364