3 0.7800511508951408 0.5445544554455446 0.04603580562659847 0.16501650165016502
3 0.813299232736573 0.4405940594059406 0.04603580562659847 0.08250825082508251
3 0.7659846547314578 0.19471947194719472 0.12531969309462918 0.1188118811881188
3 0.6687979539641944 0.18811881188118812 0.04859335038363172 0.033003300330033
3 0.7621483375959079 0.10726072607260727 0.05626598465473146 0.0297029702970297
3 0.6918158567774937 0.052805280528052806 0.03836317135549872 0.04620462046204621
3 0.7173913043478262 0.12211221122112212 0.02813299232736573 0.026402640264026403
3 0.9475703324808185 0.698019801980198 0.023017902813299233 0.06930693069306931
3 0.4872122762148338 0.8828382838283828 0.04347826086956522 0.04950495049504951
3 0.03452685421994885 0.6039603960396039 0.02813299232736573 0.066006600660066
3 0.14705882352941177 0.6188118811881188 0.05370843989769821 0.04950495049504951
3 0.03452685421994885 0.6996699669966997 0.03324808184143223 0.0858085808580858
3 0.09974424552429668 0.3448844884488449 0.030690537084398978 0.0297029702970297
3 0.12276214833759591 0.4603960396039604 0.03580562659846548 0.023102310231023104
3 0.09335038363171357 0.5495049504950495 0.023017902813299233 0.0297029702970297
3 0.6010230179028133 0.35148514851485146 0.020460358056265986 0.0297029702970297
3 0.6202046035805627 0.3844884488448845 0.04347826086956522 0.023102310231023104
3 0.33120204603580566 0.6914191419141914 0.02813299232736573 0.04950495049504951
3 0.5268542199488492 0.7458745874587459 0.04603580562659847 0.026402640264026403
3 0.6790281329923274 0.6930693069306931 0.02813299232736573 0.026402640264026403
3 0.7135549872122763 0.735973597359736 0.061381074168797956 0.026402640264026403
3 0.06010230179028134 0.04950495049504951 0.023017902813299233 0.026402640264026403