3 0.7845528455284554 0.44986449864498645 0.04471544715447155 0.17344173441734417
3 0.8140243902439025 0.5650406504065041 0.0467479674796748 0.08401084010840108
3 0.7540650406504066 0.8265582655826558 0.12601626016260165 0.12466124661246612
3 0.6524390243902439 0.8265582655826558 0.04878048780487805 0.03252032520325203
3 0.7459349593495935 0.9186991869918699 0.05691056910569106 0.02710027100271003
3 0.6707317073170732 0.9715447154471545 0.03658536585365854 0.04607046070460705
3 0.7002032520325204 0.9010840108401084 0.026422764227642278 0.024390243902439025
3 0.9644308943089432 0.2994579945799458 0.022357723577235776 0.07317073170731707
3 0.49491869918699194 0.06504065040650406 0.042682926829268296 0.04878048780487805
3 0.012195121951219513 0.33062330623306235 0.024390243902439025 0.06504065040650406
3 0.13008130081300814 0.3238482384823848 0.052845528455284556 0.051490514905149054
3 0.016260162601626018 0.22764227642276422 0.032520325203252036 0.08672086720867209
3 0.06910569105691057 0.6124661246612466 0.02845528455284553 0.02710027100271003
3 0.0975609756097561 0.4905149051490515 0.032520325203252036 0.02168021680216802
3 0.0701219512195122 0.3943089430894309 0.022357723577235776 0.02981029810298103
3 0.5894308943089431 0.6436314363143631 0.020325203252032523 0.02981029810298103
3 0.6107723577235773 0.6097560975609756 0.042682926829268296 0.02168021680216802
3 0.32418699186991873 0.26016260162601623 0.026422764227642278 0.04878048780487805
3 0.5304878048780488 0.21544715447154472 0.04471544715447155 0.024390243902439025
3 0.6859756097560976 0.28319783197831977 0.026422764227642278 0.024390243902439025
3 0.7235772357723578 0.23983739837398374 0.06097560975609757 0.024390243902439025
3 0.014227642276422765 0.9281842818428184 0.020325203252032523 0.024390243902439025