3 0.21717171717171718 0.44370860927152317 0.045454545454545456 0.17218543046357615
3 0.18560606060606064 0.5529801324503312 0.04797979797979798 0.08609271523178808
3 0.23989898989898992 0.8079470198675497 0.12626262626262627 0.12582781456953643
3 0.34090909090909094 0.8112582781456954 0.05050505050505051 0.033112582781456956
3 0.24621212121212124 0.8956953642384106 0.05808080808080809 0.029801324503311258
3 0.3194444444444445 0.9503311258278145 0.03787878787878788 0.046357615894039736
3 0.2916666666666667 0.8807947019867549 0.02777777777777778 0.026490066225165563
3 0.042929292929292935 0.2913907284768212 0.025252525252525256 0.0728476821192053
3 0.5088383838383839 0.08112582781456953 0.042929292929292935 0.04966887417218543
3 0.9772727272727274 0.3526490066225166 0.025252525252525256 0.06291390728476821
3 0.8623737373737375 0.34105960264900664 0.05303030303030303 0.052980132450331126
3 0.9747474747474748 0.2533112582781457 0.03535353535353536 0.08940397350993377
3 0.9166666666666667 0.6241721854304636 0.030303030303030304 0.029801324503311258
3 0.8914141414141414 0.5049668874172185 0.03535353535353536 0.023178807947019868
3 0.9191919191919192 0.41225165562913907 0.025252525252525256 0.029801324503311258
3 0.40530303030303033 0.6357615894039735 0.022727272727272728 0.033112582781456956
3 0.3851010101010101 0.6026490066225165 0.042929292929292935 0.026490066225165563
3 0.672979797979798 0.27483443708609273 0.02777777777777778 0.052980132450331126
3 0.470959595959596 0.2251655629139073 0.04797979797979798 0.026490066225165563
3 0.31691919191919193 0.2847682119205298 0.02777777777777778 0.026490066225165563
3 0.2815656565656566 0.24172185430463577 0.06313131313131314 0.026490066225165563
3 0.9633838383838385 0.9304635761589404 0.022727272727272728 0.026490066225165563