2 0.915041782729805 0.6925925925925926 0.09192200557103064 0.14814814814814814
2 0.023676880222841225 0.18888888888888888 0.04735376044568245 0.037037037037037035
2 0.43175487465181056 0.5074074074074074 0.8635097493036211 0.4
2 0.5376044568245125 0.1851851851851852 0.38997214484679665 0.2518518518518519
4 0.9289693593314763 0.6351851851851852 0.019498607242339833 0.011111111111111112
4 0.8133704735376045 0.5074074074074074 0.027855153203342618 0.044444444444444446
4 0.7715877437325905 0.5425925925925926 0.022284122562674095 0.040740740740740744
4 0.6211699164345403 0.5685185185185185 0.027855153203342618 0.04814814814814815
4 0.4763231197771588 0.6592592592592593 0.016713091922005572 0.022222222222222223
4 0.584958217270195 0.43333333333333335 0.022284122562674095 0.022222222222222223
4 0.3565459610027855 0.5666666666666667 0.016713091922005572 0.02962962962962963
4 0.27715877437325903 0.5333333333333333 0.013927576601671309 0.022222222222222223
4 0.15598885793871867 0.5111111111111112 0.016713091922005572 0.022222222222222223
4 0.18105849582172703 0.4444444444444445 0.011142061281337047 0.022222222222222223
4 0.20055710306406685 0.46111111111111114 0.016713091922005572 0.018518518518518517
4 0.298050139275766 0.4814814814814815 0.011142061281337047 0.014814814814814815
4 0.5250696378830083 0.47222222222222227 0.025069637883008356 0.03333333333333333
4 0.3342618384401114 0.43333333333333335 0.016713091922005572 0.022222222222222223
4 0.40947075208913647 0.6222222222222222 0.016713091922005572 0.014814814814814815