2 0.10082872928176795 0.6517857142857143 0.0856353591160221 0.1392857142857143
2 0.9406077348066298 0.1232142857142857 0.04696132596685083 0.039285714285714285
2 0.5593922651933702 0.4482142857142857 0.8314917127071823 0.375
2 0.44337016574585636 0.15178571428571427 0.3784530386740331 0.23928571428571427
4 0.08425414364640883 0.6 0.019337016574585635 0.014285714285714285
4 0.19198895027624308 0.4714285714285714 0.024861878453038673 0.04285714285714286
4 0.23342541436464087 0.5017857142857143 0.019337016574585635 0.039285714285714285
4 0.3770718232044199 0.5178571428571428 0.024861878453038673 0.04285714285714286
4 0.5220994475138121 0.5928571428571429 0.016574585635359115 0.02142857142857143
4 0.4074585635359116 0.3892857142857143 0.019337016574585635 0.02142857142857143
4 0.6325966850828729 0.4982142857142857 0.016574585635359115 0.024999999999999998
4 0.7085635359116021 0.46428571428571425 0.013812154696132596 0.02142857142857143
4 0.8259668508287292 0.4321428571428571 0.016574585635359115 0.02142857142857143
4 0.7983425414364641 0.3732142857142857 0.011049723756906077 0.017857142857142856
4 0.7790055248618785 0.3892857142857143 0.016574585635359115 0.014285714285714285
4 0.6850828729281768 0.41428571428571426 0.011049723756906077 0.014285714285714285
4 0.46685082872928174 0.42142857142857143 0.022099447513812154 0.02857142857142857
4 0.649171270718232 0.3732142857142857 0.016574585635359115 0.017857142857142856
4 0.5842541436464088 0.5535714285714286 0.013812154696132596 0.014285714285714285