2 0.9103641456582633 0.3492647058823529 0.0896358543417367 0.14705882352941177
2 0.023809523809523808 0.8051470588235294 0.047619047619047616 0.03676470588235294
2 0.42997198879551823 0.5110294117647058 0.8487394957983193 0.3897058823529412
2 0.5294117647058824 0.8272058823529411 0.3865546218487395 0.25
4 0.9229691876750701 0.40441176470588236 0.0196078431372549 0.014705882352941176
4 0.8067226890756303 0.5257352941176471 0.028011204481792718 0.044117647058823525
4 0.7661064425770309 0.48713235294117646 0.0196078431372549 0.04044117647058824
4 0.6204481792717087 0.4577205882352941 0.025210084033613446 0.04779411764705882
4 0.4789915966386555 0.3639705882352941 0.01680672268907563 0.022058823529411763
4 0.5812324929971989 0.5882352941176471 0.0196078431372549 0.022058823529411763
4 0.3599439775910364 0.45036764705882354 0.014005602240896359 0.025735294117647058
4 0.2815126050420168 0.4779411764705882 0.014005602240896359 0.022058823529411763
4 0.15966386554621848 0.5 0.01680672268907563 0.022058823529411763
4 0.18487394957983194 0.5643382352941176 0.011204481792717087 0.01838235294117647
4 0.20448179271708683 0.5459558823529411 0.01680672268907563 0.01838235294117647
4 0.29971988795518206 0.53125 0.011204481792717087 0.01838235294117647
4 0.5238095238095238 0.5459558823529411 0.022408963585434174 0.03308823529411765
4 0.33473389355742295 0.5790441176470588 0.014005602240896359 0.01838235294117647
4 0.4131652661064426 0.39705882352941174 0.014005602240896359 0.014705882352941176