2 0.06878306878306878 0.3368421052631579 0.08994708994708994 0.1473684210526316
2 0.958994708994709 0.8192982456140351 0.04497354497354497 0.03859649122807018
2 0.5515873015873015 0.5105263157894737 0.8597883597883598 0.39649122807017545
2 0.4470899470899471 0.8315789473684211 0.3915343915343915 0.25263157894736843
4 0.05423280423280423 0.3929824561403509 0.018518518518518517 0.014035087719298246
4 0.17195767195767195 0.5175438596491229 0.026455026455026454 0.0456140350877193
4 0.21164021164021163 0.4807017543859649 0.021164021164021163 0.042105263157894736
4 0.35978835978835977 0.45263157894736844 0.026455026455026454 0.04912280701754386
4 0.5052910052910052 0.36140350877192984 0.015873015873015872 0.021052631578947368
4 0.39814814814814814 0.5859649122807018 0.018518518518518517 0.021052631578947368
4 0.6243386243386243 0.44912280701754387 0.015873015873015872 0.028070175438596492
4 0.7023809523809523 0.4807017543859649 0.013227513227513227 0.021052631578947368
4 0.8253968253968254 0.5035087719298246 0.015873015873015872 0.02456140350877193
4 0.7989417989417988 0.5701754385964912 0.010582010582010581 0.017543859649122806
4 0.7804232804232804 0.5526315789473685 0.015873015873015872 0.017543859649122806
4 0.6825396825396826 0.5350877192982456 0.010582010582010581 0.017543859649122806
4 0.4576719576719577 0.5456140350877193 0.021164021164021163 0.031578947368421054
4 0.6468253968253967 0.5824561403508772 0.013227513227513227 0.021052631578947368
4 0.5714285714285714 0.39649122807017545 0.015873015873015872 0.014035087719298246