2 0.9176829268292684 0.6341463414634146 0.08739837398373984 0.14634146341463414
2 0.022357723577235776 0.13143631436314362 0.04471544715447155 0.03523035230352303
2 0.4319105691056911 0.45121951219512196 0.8638211382113822 0.3983739837398374
2 0.5386178861788619 0.12601626016260162 0.3902439024390244 0.25203252032520324
4 0.9308943089430896 0.5772357723577236 0.016260162601626018 0.01084010840108401
4 0.8150406504065042 0.44850948509485095 0.024390243902439025 0.04065040650406504
4 0.7733739837398375 0.48509485094850946 0.01829268292682927 0.037940379403794036
4 0.6239837398373984 0.5121951219512195 0.024390243902439025 0.04336043360433604
4 0.47662601626016265 0.6029810298102981 0.014227642276422765 0.018970189701897018
4 0.5863821138211383 0.37533875338753386 0.01829268292682927 0.018970189701897018
4 0.3577235772357724 0.510840108401084 0.012195121951219513 0.024390243902439025
4 0.27845528455284557 0.47831978319783197 0.012195121951219513 0.018970189701897018
4 0.1554878048780488 0.453929539295393 0.014227642276422765 0.018970189701897018
4 0.18089430894308944 0.3875338753387534 0.008130081300813009 0.016260162601626015
4 0.20020325203252035 0.4051490514905149 0.014227642276422765 0.013550135501355014
4 0.2987804878048781 0.4241192411924119 0.008130081300813009 0.013550135501355014
4 0.5264227642276423 0.4159891598915989 0.020325203252032523 0.02981029810298103
4 0.3353658536585366 0.37669376693766937 0.012195121951219513 0.016260162601626015
4 0.410569105691057 0.5663956639566395 0.012195121951219513 0.01084010840108401