2 0.0741869918699187 0.6531165311653117 0.08739837398373984 0.14634146341463414
2 0.9695121951219513 0.15040650406504066 0.04471544715447155 0.03523035230352303
2 0.559959349593496 0.470189701897019 0.8638211382113822 0.3983739837398374
2 0.45325203252032525 0.14498644986449866 0.3902439024390244 0.25203252032520324
4 0.06097560975609757 0.5962059620596206 0.016260162601626018 0.01084010840108401
4 0.17682926829268295 0.46747967479674796 0.024390243902439025 0.04065040650406504
4 0.21849593495934963 0.5040650406504065 0.01829268292682927 0.037940379403794036
4 0.36788617886178865 0.5311653116531165 0.024390243902439025 0.04336043360433604
4 0.5152439024390244 0.6219512195121951 0.014227642276422765 0.018970189701897018
4 0.4054878048780488 0.3943089430894309 0.01829268292682927 0.018970189701897018
4 0.6341463414634148 0.5298102981029811 0.012195121951219513 0.024390243902439025
4 0.7134146341463415 0.497289972899729 0.012195121951219513 0.018970189701897018
4 0.8363821138211383 0.47289972899729 0.014227642276422765 0.018970189701897018
4 0.8109756097560976 0.4065040650406504 0.008130081300813009 0.016260162601626015
4 0.7916666666666667 0.4241192411924119 0.014227642276422765 0.013550135501355014
4 0.693089430894309 0.44308943089430897 0.008130081300813009 0.013550135501355014
4 0.4654471544715448 0.4349593495934959 0.020325203252032523 0.02981029810298103
4 0.6565040650406505 0.3956639566395664 0.012195121951219513 0.016260162601626015
4 0.5813008130081302 0.5853658536585366 0.012195121951219513 0.01084010840108401