2 0.07621951219512196 0.34146341463414637 0.08739837398373984 0.14634146341463414
2 0.9715447154471546 0.8441734417344173 0.04471544715447155 0.03523035230352303
2 0.5619918699186992 0.524390243902439 0.8638211382113822 0.3983739837398374
2 0.4552845528455285 0.8495934959349594 0.3902439024390244 0.25203252032520324
4 0.06300813008130082 0.3983739837398374 0.016260162601626018 0.01084010840108401
4 0.1788617886178862 0.5271002710027101 0.024390243902439025 0.04065040650406504
4 0.22052845528455287 0.4905149051490515 0.01829268292682927 0.037940379403794036
4 0.3699186991869919 0.4634146341463415 0.024390243902439025 0.04336043360433604
4 0.5172764227642277 0.37262872628726285 0.014227642276422765 0.018970189701897018
4 0.4075203252032521 0.6002710027100271 0.01829268292682927 0.018970189701897018
4 0.6361788617886179 0.46476964769647694 0.012195121951219513 0.024390243902439025
4 0.7154471544715448 0.497289972899729 0.012195121951219513 0.018970189701897018
4 0.8384146341463415 0.521680216802168 0.014227642276422765 0.018970189701897018
4 0.8130081300813009 0.5880758807588076 0.008130081300813009 0.016260162601626015
4 0.79369918699187 0.5704607046070461 0.014227642276422765 0.013550135501355014
4 0.6951219512195123 0.551490514905149 0.008130081300813009 0.013550135501355014
4 0.467479674796748 0.559620596205962 0.020325203252032523 0.02981029810298103
4 0.6585365853658537 0.5989159891598916 0.012195121951219513 0.016260162601626015
4 0.5833333333333334 0.4092140921409214 0.012195121951219513 0.01084010840108401