2 0.9176829268292684 0.3604336043360434 0.08739837398373984 0.14634146341463414
2 0.022357723577235776 0.8631436314363143 0.04471544715447155 0.03523035230352303
2 0.4319105691056911 0.5433604336043361 0.8638211382113822 0.3983739837398374
2 0.5386178861788619 0.8685636856368564 0.3902439024390244 0.25203252032520324
4 0.9308943089430896 0.4173441734417344 0.016260162601626018 0.01084010840108401
4 0.8150406504065042 0.5460704607046071 0.024390243902439025 0.04065040650406504
4 0.7733739837398375 0.5094850948509485 0.01829268292682927 0.037940379403794036
4 0.6239837398373984 0.4823848238482385 0.024390243902439025 0.04336043360433604
4 0.47662601626016265 0.3915989159891599 0.014227642276422765 0.018970189701897018
4 0.5863821138211383 0.6192411924119241 0.01829268292682927 0.018970189701897018
4 0.3577235772357724 0.483739837398374 0.012195121951219513 0.024390243902439025
4 0.27845528455284557 0.516260162601626 0.012195121951219513 0.018970189701897018
4 0.1554878048780488 0.540650406504065 0.014227642276422765 0.018970189701897018
4 0.18089430894308944 0.6070460704607046 0.008130081300813009 0.016260162601626015
4 0.20020325203252035 0.5894308943089431 0.014227642276422765 0.013550135501355014
4 0.2987804878048781 0.5704607046070461 0.008130081300813009 0.013550135501355014
4 0.5264227642276423 0.5785907859078591 0.020325203252032523 0.02981029810298103
4 0.3353658536585366 0.6178861788617886 0.012195121951219513 0.016260162601626015
4 0.410569105691057 0.4281842818428184 0.012195121951219513 0.01084010840108401