4 0.968668407310705 0.9300341296928327 0.057441253263707574 0.04436860068259386
4 0.18276762402088773 0.6484641638225256 0.13054830287206268 0.28668941979522183
4 0.1174934725848564 0.36860068259385664 0.2193211488250653 0.14334470989761092
4 0.34464751958224543 0.16723549488054607 0.25065274151436034 0.28668941979522183
1 0.8237597911227155 0.15870307167235495 0.06005221932114883 0.08532423208191127
1 0.38903394255874674 0.2764505119453925 0.08877284595300261 0.06143344709897611
1 0.8263707571801566 0.4044368600682594 0.033942558746736295 0.04436860068259386
4 0.4086161879895561 0.13993174061433447 0.013054830287206266 0.020477815699658702
4 0.39556135770234985 0.11774744027303755 0.018276762402088774 0.023890784982935155
4 0.29112271540469975 0.16723549488054607 0.018276762402088774 0.020477815699658702
4 0.3263707571801567 0.2167235494880546 0.020887728459530026 0.023890784982935155
4 0.30156657963446476 0.09556313993174062 0.018276762402088774 0.027303754266211604
4 0.21148825065274152 0.3395904436860068 0.01566579634464752 0.017064846416382253