4 0.03042328042328042 0.07731958762886598 0.05555555555555555 0.044673539518900345
4 0.8108465608465608 0.3436426116838488 0.12962962962962962 0.281786941580756
4 0.8783068783068783 0.6202749140893471 0.21693121693121692 0.140893470790378
4 0.6547619047619048 0.8213058419243986 0.24603174603174602 0.281786941580756
1 0.17989417989417988 0.8350515463917526 0.0582010582010582 0.08247422680412371
1 0.611111111111111 0.7130584192439863 0.08994708994708994 0.058419243986254296
1 0.17592592592592593 0.5945017182130584 0.03439153439153439 0.041237113402061855
4 0.5912698412698413 0.8487972508591065 0.013227513227513227 0.020618556701030927
4 0.6058201058201058 0.8694158075601375 0.015873015873015872 0.020618556701030927
4 0.7076719576719577 0.8213058419243986 0.018518518518518517 0.020618556701030927
4 0.6719576719576719 0.7714776632302406 0.021164021164021163 0.024054982817869414
4 0.6997354497354497 0.8900343642611683 0.018518518518518517 0.027491408934707903
4 0.7857142857142857 0.6494845360824743 0.015873015873015872 0.020618556701030927