4 0.9674796747967481 0.9728997289972899 0.05691056910569106 0.04336043360433604
4 0.16971544715447157 0.6409214092140921 0.1321138211382114 0.2953929539295393
4 0.10975609756097562 0.34417344173441733 0.22357723577235775 0.14634146341463414
4 0.3485772357723578 0.14498644986449866 0.2540650406504065 0.2953929539295393
1 0.8404471544715448 0.15853658536585366 0.05894308943089432 0.08401084010840108
1 0.3902439024390244 0.26287262872628725 0.0894308943089431 0.05962059620596206
1 0.8353658536585367 0.4159891598915989 0.032520325203252036 0.04065040650406504
4 0.41463414634146345 0.12059620596205962 0.012195121951219513 0.018970189701897018
4 0.40142276422764234 0.09620596205962059 0.014227642276422765 0.018970189701897018
4 0.29369918699187 0.14227642276422764 0.014227642276422765 0.018970189701897018
4 0.32825203252032525 0.19647696476964768 0.01829268292682927 0.024390243902439025
4 0.30487804878048785 0.06910569105691057 0.016260162601626018 0.024390243902439025
4 0.20731707317073172 0.31978319783197834 0.012195121951219513 0.016260162601626015