4 0.9477806788511749 0.02226027397260274 0.057441253263707574 0.04452054794520548
4 0.17493472584856398 0.3698630136986301 0.13054830287206268 0.2876712328767123
4 0.12140992167101827 0.6575342465753424 0.22193211488250653 0.14383561643835616
4 0.360313315926893 0.8390410958904109 0.25065274151436034 0.2876712328767123
1 0.8407310704960835 0.809931506849315 0.06266318537859009 0.08561643835616438
1 0.3981723237597911 0.726027397260274 0.09138381201044386 0.06164383561643835
1 0.8315926892950392 0.5616438356164384 0.033942558746736295 0.0410958904109589
4 0.4255874673629243 0.8613013698630136 0.01566579634464752 0.023972602739726026
4 0.412532637075718 0.8852739726027397 0.01566579634464752 0.023972602739726026
4 0.30678851174934724 0.845890410958904 0.018276762402088774 0.02054794520547945
4 0.33942558746736295 0.7910958904109588 0.020887728459530026 0.0273972602739726
4 0.3198433420365535 0.9143835616438356 0.018276762402088774 0.0273972602739726
4 0.21801566579634465 0.6763698630136986 0.013054830287206266 0.017123287671232876