4 0.9695121951219513 0.02168021680216802 0.05691056910569106 0.04336043360433604
4 0.1717479674796748 0.35365853658536583 0.1321138211382114 0.2953929539295393
4 0.11178861788617887 0.6504065040650406 0.22357723577235775 0.14634146341463414
4 0.350609756097561 0.8495934959349594 0.2540650406504065 0.2953929539295393
1 0.842479674796748 0.8360433604336044 0.05894308943089432 0.08401084010840108
1 0.3922764227642277 0.7317073170731707 0.0894308943089431 0.05962059620596206
1 0.83739837398374 0.5785907859078591 0.032520325203252036 0.04065040650406504
4 0.4166666666666667 0.8739837398373984 0.012195121951219513 0.018970189701897018
4 0.40345528455284557 0.8983739837398373 0.014227642276422765 0.018970189701897018
4 0.2957317073170732 0.8523035230352304 0.014227642276422765 0.018970189701897018
4 0.3302845528455285 0.7981029810298103 0.01829268292682927 0.024390243902439025
4 0.3069105691056911 0.9254742547425474 0.016260162601626018 0.024390243902439025
4 0.209349593495935 0.6747967479674797 0.012195121951219513 0.016260162601626015