4 0.9674796747967481 0.018970189701897018 0.05691056910569106 0.04336043360433604
4 0.16971544715447157 0.3509485094850949 0.1321138211382114 0.2953929539295393
4 0.10975609756097562 0.6476964769647696 0.22357723577235775 0.14634146341463414
4 0.3485772357723578 0.8468834688346883 0.2540650406504065 0.2953929539295393
1 0.8404471544715448 0.8333333333333334 0.05894308943089432 0.08401084010840108
1 0.3902439024390244 0.7289972899728997 0.0894308943089431 0.05962059620596206
1 0.8353658536585367 0.575880758807588 0.032520325203252036 0.04065040650406504
4 0.41463414634146345 0.8712737127371274 0.012195121951219513 0.018970189701897018
4 0.40142276422764234 0.8956639566395664 0.014227642276422765 0.018970189701897018
4 0.29369918699187 0.8495934959349594 0.014227642276422765 0.018970189701897018
4 0.32825203252032525 0.7953929539295393 0.01829268292682927 0.024390243902439025
4 0.30487804878048785 0.9227642276422764 0.016260162601626018 0.024390243902439025
4 0.20731707317073172 0.6720867208672087 0.012195121951219513 0.016260162601626015