4 0.9308510638297872 0.022413793103448276 0.05851063829787234 0.04482758620689655
4 0.17686170212765956 0.3810344827586207 0.13031914893617022 0.2793103448275862
4 0.13031914893617022 0.6637931034482758 0.2180851063829787 0.1413793103448276
4 0.3683510638297872 0.8327586206896551 0.24734042553191488 0.2793103448275862
1 0.8404255319148936 0.7896551724137931 0.05851063829787234 0.08275862068965517
1 0.4029255319148936 0.7224137931034482 0.08776595744680851 0.05862068965517241
1 0.8257978723404256 0.5482758620689655 0.034574468085106384 0.041379310344827586
4 0.43218085106382975 0.8517241379310345 0.013297872340425532 0.020689655172413793
4 0.4202127659574468 0.8758620689655172 0.015957446808510637 0.020689655172413793
4 0.3151595744680851 0.8413793103448276 0.018617021276595744 0.020689655172413793
4 0.3457446808510638 0.7879310344827586 0.02127659574468085 0.02413793103448276
4 0.32845744680851063 0.9086206896551724 0.018617021276595744 0.02413793103448276
4 0.22606382978723405 0.6810344827586207 0.015957446808510637 0.017241379310344827