2 0.2185792349726776 0.8933566433566433 0.09289617486338798 0.06643356643356643
2 0.7609289617486339 0.7954545454545454 0.27049180327868855 0.2762237762237762
2 0.2185792349726776 0.756993006993007 0.10382513661202186 0.07342657342657342
4 0.2527322404371585 0.7447552447552448 0.030054644808743168 0.03496503496503497
2 0.13524590163934427 0.45104895104895104 0.11202185792349727 0.08391608391608392
2 0.6516393442622951 0.21678321678321677 0.16120218579234974 0.32867132867132864
2 0.10245901639344263 0.22202797202797203 0.11748633879781421 0.10839160839160839
2 0.46174863387978143 0.0979020979020979 0.15846994535519127 0.1258741258741259
4 0.6885245901639344 0.3269230769230769 0.02185792349726776 0.024475524475524476
4 0.680327868852459 0.23076923076923078 0.0273224043715847 0.02097902097902098
4 0.6789617486338798 0.1993006993006993 0.02459016393442623 0.03496503496503497
4 0.6256830601092896 0.16958041958041958 0.01639344262295082 0.017482517482517484
4 0.6407103825136612 0.22377622377622378 0.01912568306010929 0.02097902097902098