2 0.25326370757180156 0.04576271186440678 0.09399477806788512 0.0711864406779661
2 0.7924281984334204 0.2305084745762712 0.2741514360313316 0.2847457627118644
2 0.2402088772845953 0.1864406779661017 0.10443864229765012 0.07457627118644068
4 0.272845953002611 0.20338983050847456 0.028720626631853787 0.03389830508474576
2 0.12663185378590078 0.48474576271186437 0.1122715404699739 0.08813559322033898
2 0.6253263707571801 0.8067796610169491 0.16449086161879894 0.3389830508474576
2 0.07049608355091384 0.711864406779661 0.12010443864229765 0.10847457627118644
2 0.42036553524804177 0.8983050847457626 0.1618798955613577 0.1288135593220339
4 0.6723237597911227 0.7016949152542372 0.02349869451697128 0.02711864406779661
4 0.6553524804177546 0.7966101694915254 0.02610966057441253 0.020338983050847456
4 0.6501305483028721 0.8288135593220338 0.02610966057441253 0.03728813559322034
4 0.5953002610966057 0.8525423728813559 0.01566579634464752 0.01694915254237288
4 0.6148825065274152 0.7983050847457627 0.018276762402088774 0.023728813559322035