2 0.2533333333333333 0.04810996563573883 0.096 0.06872852233676977
2 0.7866666666666666 0.2388316151202749 0.27199999999999996 0.27835051546391754
2 0.24 0.18556701030927836 0.10133333333333333 0.07560137457044673
4 0.2733333333333333 0.2027491408934708 0.029333333333333333 0.03436426116838488
2 0.12533333333333332 0.4793814432989691 0.112 0.0859106529209622
2 0.6146666666666667 0.802405498281787 0.16266666666666665 0.3333333333333333
2 0.06799999999999999 0.7010309278350515 0.12 0.10996563573883161
2 0.41333333333333333 0.8900343642611683 0.16 0.12371134020618557
4 0.6639999999999999 0.6993127147766323 0.021333333333333333 0.024054982817869414
4 0.6453333333333333 0.7938144329896907 0.026666666666666665 0.020618556701030927
4 0.64 0.8247422680412371 0.026666666666666665 0.03436426116838488
4 0.5866666666666667 0.8470790378006873 0.016 0.01718213058419244
4 0.604 0.7920962199312714 0.018666666666666665 0.024054982817869414