2 0.2327235772357724 0.959349593495935 0.09552845528455285 0.07046070460704607
2 0.7977642276422765 0.7981029810298103 0.28252032520325204 0.3008130081300813
2 0.225609756097561 0.8102981029810298 0.10569105691056911 0.07588075880758807
4 0.2601626016260163 0.7940379403794038 0.02845528455284553 0.03252032520325203
2 0.11991869918699188 0.483739837398374 0.11382113821138212 0.08943089430894309
2 0.6473577235772359 0.17479674796747968 0.16869918699186995 0.35501355013550134
2 0.07113821138211383 0.23848238482384823 0.12195121951219513 0.11382113821138211
2 0.4400406504065041 0.06368563685636856 0.16463414634146342 0.13279132791327913
4 0.693089430894309 0.29132791327913277 0.020325203252032523 0.024390243902439025
4 0.6788617886178863 0.18834688346883469 0.024390243902439025 0.018970189701897018
4 0.6747967479674798 0.15311653116531165 0.024390243902439025 0.03523035230352303
4 0.6189024390243903 0.12466124661246612 0.014227642276422765 0.016260162601626015
4 0.6361788617886179 0.1842818428184282 0.016260162601626018 0.02168021680216802