2 0.2513440860215054 0.9444444444444444 0.09408602150537636 0.06944444444444445
2 0.7836021505376345 0.751736111111111 0.27150537634408606 0.28125
2 0.23790322580645162 0.8072916666666666 0.10483870967741936 0.07291666666666666
4 0.2701612903225807 0.7899305555555555 0.02956989247311828 0.03125
2 0.12231182795698926 0.5138888888888888 0.11021505376344087 0.08333333333333333
2 0.6115591397849462 0.1875 0.16397849462365593 0.3333333333333333
2 0.06451612903225806 0.2899305555555555 0.11827956989247312 0.10763888888888888
2 0.4099462365591398 0.10069444444444443 0.15860215053763443 0.125
4 0.6612903225806452 0.29166666666666663 0.021505376344086023 0.027777777777777776
4 0.64247311827957 0.19791666666666666 0.02688172043010753 0.020833333333333332
4 0.6370967741935485 0.16666666666666666 0.02688172043010753 0.034722222222222224
4 0.5833333333333334 0.1440972222222222 0.016129032258064516 0.017361111111111112
4 0.6008064516129032 0.19791666666666666 0.01881720430107527 0.020833333333333332