2 0.2518610421836228 0.9449838187702266 0.0967741935483871 0.07119741100323625
2 0.792803970223325 0.7621359223300971 0.27543424317617865 0.28802588996763756
2 0.24069478908188585 0.8042071197411004 0.10421836228287841 0.0744336569579288
4 0.2729528535980149 0.7880258899676376 0.02977667493796526 0.03559870550161812
2 0.12779156327543426 0.5032362459546926 0.11166253101736973 0.08737864077669903
2 0.6290322580645161 0.18122977346278318 0.1662531017369727 0.3365695792880259
2 0.07320099255583126 0.27184466019417475 0.12158808933002481 0.11003236245954694
2 0.42431761786600497 0.08737864077669903 0.16377171215880892 0.12944983818770228
4 0.6761786600496278 0.28802588996763756 0.022332506203473945 0.025889967637540454
4 0.6588089330024813 0.19255663430420714 0.02729528535980149 0.022653721682847898
4 0.6538461538461539 0.16019417475728157 0.02729528535980149 0.03559870550161812
4 0.5992555831265509 0.13592233009708737 0.017369727047146403 0.01941747572815534
4 0.6178660049627791 0.19093851132686085 0.019851116625310174 0.025889967637540454