2 0.23489010989010992 0.075 0.09615384615384616 0.07142857142857142
2 0.7857142857142858 0.19642857142857142 0.27472527472527475 0.2857142857142857
2 0.23351648351648355 0.21607142857142855 0.1043956043956044 0.075
4 0.2651098901098901 0.22857142857142856 0.030219780219780223 0.03571428571428571
2 0.1414835164835165 0.5285714285714286 0.11263736263736264 0.08571428571428572
2 0.6593406593406594 0.7910714285714285 0.16483516483516486 0.3392857142857143
2 0.10164835164835166 0.7625 0.1208791208791209 0.11071428571428571
2 0.46291208791208793 0.9071428571428571 0.1620879120879121 0.12857142857142856
4 0.7005494505494506 0.6785714285714286 0.02197802197802198 0.02857142857142857
4 0.6895604395604397 0.775 0.027472527472527476 0.02142857142857143
4 0.6868131868131868 0.8107142857142857 0.027472527472527476 0.03571428571428571
4 0.6346153846153847 0.8392857142857143 0.016483516483516484 0.02142857142857143
4 0.6497252747252747 0.7821428571428571 0.019230769230769232 0.02142857142857143