2 0.25204359673024523 0.04964539007092199 0.09536784741144413 0.07092198581560283
2 0.7915531335149864 0.2322695035460993 0.27520435967302453 0.28723404255319146
2 0.23978201634877383 0.18971631205673758 0.10354223433242507 0.07446808510638298
4 0.27111716621253407 0.20567375886524822 0.02997275204359673 0.035460992907801414
2 0.12670299727520434 0.49113475177304966 0.11171662125340599 0.08865248226950355
2 0.6253405994550408 0.8102836879432624 0.1662125340599455 0.33687943262411346
2 0.07084468664850135 0.7180851063829787 0.11989100817438691 0.10992907801418439
2 0.4209809264305177 0.9042553191489362 0.16076294277929154 0.1276595744680851
4 0.6730245231607629 0.7039007092198581 0.021798365122615803 0.024822695035460994
4 0.656675749318801 0.801418439716312 0.027247956403269755 0.02127659574468085
4 0.6512261580381471 0.8333333333333333 0.027247956403269755 0.035460992907801414
4 0.5967302452316076 0.8563829787234042 0.01634877384196185 0.017730496453900707
4 0.614441416893733 0.801418439716312 0.01907356948228883 0.02127659574468085