2 0.3871951219512196 0.16802168021680217 0.15650406504065043 0.27100271002710025
2 0.5101626016260163 0.04607046070460705 0.08536585365853659 0.0921409214092141
2 0.5426829268292683 0.13956639566395665 0.03658536585365854 0.051490514905149054
2 0.603658536585366 0.16531165311653118 0.052845528455284556 0.07046070460704607
2 0.9278455284552847 0.513550135501355 0.1402439024390244 0.12195121951219512
2 0.9146341463414636 0.7642276422764228 0.16666666666666669 0.36314363143631434
3 0.6585365853658537 0.7466124661246613 0.016260162601626018 0.02981029810298103
4 0.3892276422764228 0.26422764227642276 0.010162601626016262 0.013550135501355014
4 0.4054878048780488 0.2886178861788618 0.010162601626016262 0.013550135501355014
4 0.8648373983739839 0.5609756097560976 0.010162601626016262 0.02710027100271003
4 0.8689024390243903 0.532520325203252 0.014227642276422765 0.018970189701897018
4 0.8800813008130082 0.5555555555555556 0.016260162601626018 0.02168021680216802
4 0.8739837398373985 0.6273712737127372 0.016260162601626018 0.018970189701897018
4 0.8465447154471546 0.6531165311653117 0.01829268292682927 0.02168021680216802
4 0.8983739837398375 0.6775067750677507 0.024390243902439025 0.03252032520325203
4 0.8313008130081302 0.6978319783197832 0.012195121951219513 0.013550135501355014
4 0.926829268292683 0.8279132791327913 0.012195121951219513 0.02981029810298103
4 0.9878048780487806 0.9092140921409214 0.012195121951219513 0.018970189701897018