2 0.35768261964735515 0.801980198019802 0.1561712846347607 0.264026402640264
2 0.48110831234256923 0.9141914191419142 0.08564231738035265 0.09240924092409242
2 0.5100755667506297 0.8250825082508251 0.03778337531486146 0.052805280528052806
2 0.5692695214105793 0.7970297029702971 0.055415617128463476 0.06930693069306931
2 0.8778337531486146 0.4504950495049505 0.1385390428211587 0.12211221122112212
2 0.8602015113350125 0.20957095709570958 0.163727959697733 0.35313531353135313
3 0.610831234256927 0.23597359735973597 0.017632241813602016 0.0297029702970297
4 0.35642317380352645 0.7095709570957096 0.012594458438287152 0.013201320132013201
4 0.37279596977329976 0.6848184818481848 0.010075566750629723 0.0165016501650165
4 0.8148614609571788 0.4075907590759076 0.012594458438287152 0.0297029702970297
4 0.8198992443324937 0.43399339933993397 0.017632241813602016 0.023102310231023104
4 0.8299748110831234 0.4108910891089109 0.017632241813602016 0.023102310231023104
4 0.8236775818639799 0.3432343234323432 0.020151133501259445 0.019801980198019802
4 0.795969773299748 0.3184818481848185 0.020151133501259445 0.023102310231023104
4 0.8463476070528967 0.29372937293729373 0.025188916876574305 0.033003300330033
4 0.7808564231738035 0.2755775577557756 0.015113350125944584 0.0165016501650165
4 0.871536523929471 0.1485148514851485 0.015113350125944584 0.033003300330033
4 0.929471032745592 0.06765676567656766 0.015113350125944584 0.023102310231023104