2 0.33293269230769235 0.2018348623853211 0.1514423076923077 0.24464831804281345
2 0.44230769230769235 0.07951070336391437 0.08173076923076923 0.0856269113149847
2 0.47716346153846156 0.1620795107033639 0.03605769230769231 0.04892966360856269
2 0.5360576923076923 0.17737003058103976 0.05288461538461539 0.0672782874617737
2 0.8629807692307693 0.45718654434250766 0.13461538461538464 0.11314984709480122
2 0.8653846153846154 0.6850152905198776 0.15865384615384617 0.3302752293577982
3 0.6225961538461539 0.6941896024464832 0.019230769230769232 0.03058103975535168
4 0.3401442307692308 0.2889908256880734 0.01201923076923077 0.01529051987767584
4 0.35697115384615385 0.3073394495412844 0.01201923076923077 0.01529051987767584
4 0.8064903846153847 0.5061162079510704 0.01201923076923077 0.027522935779816515
4 0.8076923076923077 0.481651376146789 0.014423076923076924 0.021406727828746176
4 0.8197115384615385 0.5 0.019230769230769232 0.021406727828746176
4 0.8185096153846154 0.5657492354740061 0.01682692307692308 0.01834862385321101
4 0.7932692307692308 0.591743119266055 0.019230769230769232 0.021406727828746176
4 0.84375 0.6085626911314985 0.02403846153846154 0.03058103975535168
4 0.78125 0.6345565749235474 0.014423076923076924 0.01529051987767584
4 0.8798076923076924 0.7400611620795107 0.014423076923076924 0.03058103975535168
4 0.9423076923076924 0.8073394495412844 0.014423076923076924 0.01834862385321101