2 0.608739837398374 0.8265582655826558 0.15650406504065043 0.27100271002710025
2 0.4857723577235773 0.948509485094851 0.08536585365853659 0.0921409214092141
2 0.45325203252032525 0.8550135501355014 0.03658536585365854 0.051490514905149054
2 0.3922764227642277 0.8292682926829268 0.052845528455284556 0.07046070460704607
2 0.06808943089430895 0.481029810298103 0.1402439024390244 0.12195121951219512
2 0.0813008130081301 0.23035230352303523 0.16666666666666669 0.36314363143631434
3 0.3373983739837399 0.24796747967479674 0.016260162601626018 0.02981029810298103
4 0.6067073170731708 0.7303523035230353 0.010162601626016262 0.013550135501355014
4 0.5904471544715448 0.7059620596205962 0.010162601626016262 0.013550135501355014
4 0.13109756097560976 0.43360433604336046 0.010162601626016262 0.02710027100271003
4 0.12703252032520326 0.462059620596206 0.014227642276422765 0.018970189701897018
4 0.11585365853658537 0.43902439024390244 0.016260162601626018 0.02168021680216802
4 0.12195121951219513 0.36720867208672087 0.016260162601626018 0.018970189701897018
4 0.14939024390243905 0.34146341463414637 0.01829268292682927 0.02168021680216802
4 0.0975609756097561 0.3170731707317073 0.024390243902439025 0.03252032520325203
4 0.16463414634146342 0.2967479674796748 0.012195121951219513 0.013550135501355014
4 0.06910569105691057 0.16666666666666666 0.012195121951219513 0.02981029810298103
4 0.008130081300813009 0.08536585365853659 0.012195121951219513 0.018970189701897018