1 0.9028497409326425 0.2764900662251656 0.06476683937823835 0.04304635761589404
3 0.8588082901554405 0.4420529801324503 0.018134715025906738 0.029801324503311258
3 0.6930051813471503 0.31125827814569534 0.023316062176165803 0.052980132450331126
3 0.4313471502590674 0.4105960264900662 0.03367875647668394 0.052980132450331126
3 0.6968911917098446 0.2632450331125828 0.02072538860103627 0.023178807947019868
3 0.8717616580310881 0.24172185430463577 0.018134715025906738 0.013245033112582781
4 0.28367875647668395 0.2847682119205298 0.03367875647668394 0.039735099337748346
3 0.15544041450777202 0.48841059602649006 0.015544041450777202 0.016556291390728478
3 0.2862694300518135 0.4966887417218543 0.01295336787564767 0.019867549668874173
4 0.2979274611398964 0.6473509933774835 0.08808290155440415 0.22185430463576158
2 0.2810880829015544 0.2599337748344371 0.09585492227979275 0.1423841059602649
2 0.38082901554404147 0.17549668874172186 0.08808290155440415 0.16556291390728478
2 0.5829015544041452 0.47516556291390727 0.26424870466321243 0.2947019867549669
2 0.7862694300518135 0.173841059602649 0.09067357512953368 0.10264900662251655