1 0.9491869918699188 0.26287262872628725 0.06504065040650407 0.04336043360433604
3 0.9126016260162603 0.44986449864498645 0.016260162601626018 0.03252032520325203
3 0.728658536585366 0.3238482384823848 0.022357723577235776 0.056910569105691054
3 0.46138211382113825 0.46070460704607047 0.032520325203252036 0.05420054200542006
3 0.7306910569105692 0.27100271002710025 0.01829268292682927 0.02168021680216802
3 0.9126016260162603 0.22764227642276422 0.016260162601626018 0.01084010840108401
4 0.2967479674796748 0.33739837398373984 0.032520325203252036 0.04065040650406504
3 0.17581300813008133 0.575880758807588 0.014227642276422765 0.013550135501355014
3 0.31300813008130085 0.5704607046070461 0.012195121951219513 0.018970189701897018
4 0.334349593495935 0.7357723577235772 0.09146341463414635 0.24119241192411925
2 0.29268292682926833 0.3116531165311653 0.0975609756097561 0.15176151761517614
2 0.3932926829268293 0.2086720867208672 0.09146341463414635 0.17886178861788618
2 0.6239837398373984 0.516260162601626 0.2764227642276423 0.3224932249322493
2 0.8191056910569107 0.16260162601626016 0.0934959349593496 0.10840108401084012