1 0.9471544715447155 0.7696476964769647 0.06504065040650407 0.04336043360433604
3 0.910569105691057 0.5826558265582655 0.016260162601626018 0.03252032520325203
3 0.7266260162601627 0.7086720867208672 0.022357723577235776 0.056910569105691054
3 0.459349593495935 0.5718157181571816 0.032520325203252036 0.05420054200542006
3 0.728658536585366 0.7615176151761518 0.01829268292682927 0.02168021680216802
3 0.910569105691057 0.8048780487804879 0.016260162601626018 0.01084010840108401
4 0.29471544715447157 0.6951219512195121 0.032520325203252036 0.04065040650406504
3 0.17378048780487806 0.45663956639566394 0.014227642276422765 0.013550135501355014
3 0.3109756097560976 0.462059620596206 0.012195121951219513 0.018970189701897018
4 0.3323170731707317 0.2967479674796748 0.09146341463414635 0.24119241192411925
2 0.2906504065040651 0.7208672086720868 0.0975609756097561 0.15176151761517614
2 0.39126016260162605 0.8238482384823849 0.09146341463414635 0.17886178861788618
2 0.6219512195121952 0.516260162601626 0.2764227642276423 0.3224932249322493
2 0.8170731707317074 0.8699186991869918 0.0934959349593496 0.10840108401084012