1 0.9593495934959351 0.7533875338753387 0.06504065040650407 0.04336043360433604
3 0.9227642276422765 0.5663956639566395 0.016260162601626018 0.03252032520325203
3 0.7388211382113822 0.6924119241192412 0.022357723577235776 0.056910569105691054
3 0.47154471544715454 0.5555555555555556 0.032520325203252036 0.05420054200542006
3 0.7408536585365855 0.7452574525745257 0.01829268292682927 0.02168021680216802
3 0.9227642276422765 0.7886178861788617 0.016260162601626018 0.01084010840108401
4 0.3069105691056911 0.6788617886178862 0.032520325203252036 0.04065040650406504
3 0.1859756097560976 0.44037940379403795 0.014227642276422765 0.013550135501355014
3 0.3231707317073171 0.44579945799457993 0.012195121951219513 0.018970189701897018
4 0.34451219512195125 0.2804878048780488 0.09146341463414635 0.24119241192411925
2 0.30284552845528456 0.7046070460704607 0.0975609756097561 0.15176151761517614
2 0.40345528455284557 0.8075880758807588 0.09146341463414635 0.17886178861788618
2 0.6341463414634148 0.5 0.2764227642276423 0.3224932249322493
2 0.8292682926829269 0.8536585365853658 0.0934959349593496 0.10840108401084012