1 0.9613821138211384 0.2764227642276423 0.06504065040650407 0.04336043360433604
3 0.9247967479674798 0.4634146341463415 0.016260162601626018 0.03252032520325203
3 0.7408536585365855 0.33739837398373984 0.022357723577235776 0.056910569105691054
3 0.4735772357723578 0.4742547425474255 0.032520325203252036 0.05420054200542006
3 0.7428861788617886 0.2845528455284553 0.01829268292682927 0.02168021680216802
3 0.9247967479674798 0.24119241192411925 0.016260162601626018 0.01084010840108401
4 0.3089430894308943 0.3509485094850949 0.032520325203252036 0.04065040650406504
3 0.18800813008130082 0.5894308943089431 0.014227642276422765 0.013550135501355014
3 0.3252032520325204 0.5840108401084011 0.012195121951219513 0.018970189701897018
4 0.3465447154471545 0.7493224932249323 0.09146341463414635 0.24119241192411925
2 0.30487804878048785 0.3252032520325203 0.0975609756097561 0.15176151761517614
2 0.4054878048780488 0.2222222222222222 0.09146341463414635 0.17886178861788618
2 0.6361788617886179 0.5298102981029811 0.2764227642276423 0.3224932249322493
2 0.8313008130081302 0.17615176151761516 0.0934959349593496 0.10840108401084012