1 0.9634146341463415 0.7750677506775068 0.06504065040650407 0.04336043360433604
3 0.926829268292683 0.5880758807588076 0.016260162601626018 0.03252032520325203
3 0.7428861788617886 0.7140921409214093 0.022357723577235776 0.056910569105691054
3 0.475609756097561 0.5772357723577236 0.032520325203252036 0.05420054200542006
3 0.7449186991869919 0.7669376693766937 0.01829268292682927 0.02168021680216802
3 0.926829268292683 0.8102981029810298 0.016260162601626018 0.01084010840108401
4 0.3109756097560976 0.7005420054200542 0.032520325203252036 0.04065040650406504
3 0.19004065040650409 0.462059620596206 0.014227642276422765 0.013550135501355014
3 0.3272357723577236 0.46747967479674796 0.012195121951219513 0.018970189701897018
4 0.3485772357723578 0.3021680216802168 0.09146341463414635 0.24119241192411925
2 0.3069105691056911 0.7262872628726287 0.0975609756097561 0.15176151761517614
2 0.4075203252032521 0.8292682926829268 0.09146341463414635 0.17886178861788618
2 0.6382113821138212 0.521680216802168 0.2764227642276423 0.3224932249322493
2 0.8333333333333334 0.8753387533875339 0.0934959349593496 0.10840108401084012