1 0.91869918699187 0.7588075880758808 0.06504065040650407 0.04336043360433604
3 0.8821138211382115 0.5718157181571816 0.016260162601626018 0.03252032520325203
3 0.6981707317073171 0.6978319783197832 0.022357723577235776 0.056910569105691054
3 0.4308943089430895 0.5609756097560976 0.032520325203252036 0.05420054200542006
3 0.7002032520325204 0.7506775067750677 0.01829268292682927 0.02168021680216802
3 0.8821138211382115 0.7940379403794038 0.016260162601626018 0.01084010840108401
4 0.26626016260162605 0.6842818428184282 0.032520325203252036 0.04065040650406504
3 0.14532520325203255 0.44579945799457993 0.014227642276422765 0.013550135501355014
3 0.28252032520325204 0.45121951219512196 0.012195121951219513 0.018970189701897018
4 0.3038617886178862 0.2859078590785908 0.09146341463414635 0.24119241192411925
2 0.2621951219512195 0.7100271002710027 0.0975609756097561 0.15176151761517614
2 0.36280487804878053 0.8130081300813008 0.09146341463414635 0.17886178861788618
2 0.5934959349593496 0.505420054200542 0.2764227642276423 0.3224932249322493
2 0.7886178861788619 0.8590785907859079 0.0934959349593496 0.10840108401084012