3 0.7095890410958904 0.7403508771929824 0.0273972602739726 0.042105263157894736
3 0.25205479452054796 0.47192982456140353 0.021917808219178082 0.03859649122807018
3 0.5575342465753425 0.19649122807017544 0.019178082191780823 0.028070175438596492
3 0.5397260273972603 0.1929824561403509 0.016438356164383564 0.021052631578947368
3 0.48904109589041095 0.15964912280701754 0.019178082191780823 0.031578947368421054
3 0.7534246575342466 0.2807017543859649 0.06027397260273973 0.056140350877192984
3 0.9095890410958904 0.2982456140350877 0.0273972602739726 0.07719298245614035
3 0.8712328767123287 0.32456140350877194 0.03287671232876713 0.03859649122807018
3 0.1821917808219178 0.5403508771929825 0.0410958904109589 0.021052631578947368
3 0.16986301369863013 0.5824561403508772 0.021917808219178082 0.028070175438596492
3 0.10547945205479452 0.5789473684210527 0.0410958904109589 0.021052631578947368
3 0.050684931506849315 0.5578947368421052 0.03561643835616438 0.028070175438596492
3 0.10821917808219178 0.5614035087719298 0.024657534246575342 0.014035087719298246