3 0.7256097560975611 0.6883468834688347 0.024390243902439025 0.04336043360433604
3 0.2601626016260163 0.34417344173441733 0.020325203252032523 0.037940379403794036
3 0.5995934959349594 0.07452574525745258 0.016260162601626018 0.02981029810298103
3 0.5802845528455285 0.06910569105691057 0.014227642276422765 0.018970189701897018
3 0.5294715447154472 0.028455284552845527 0.01829268292682927 0.02981029810298103
3 0.7997967479674798 0.18834688346883469 0.05894308943089432 0.056910569105691054
3 0.9634146341463415 0.22493224932249323 0.024390243902439025 0.08130081300813008
3 0.9217479674796749 0.24932249322493225 0.030487804878048783 0.037940379403794036
3 0.18089430894308944 0.41192411924119243 0.04065040650406505 0.02168021680216802
3 0.16666666666666669 0.45663956639566394 0.020325203252032523 0.024390243902439025
3 0.0975609756097561 0.44579945799457993 0.04065040650406505 0.018970189701897018
3 0.04166666666666667 0.4173441734417344 0.034552845528455285 0.02710027100271003
3 0.10264227642276424 0.4268292682926829 0.022357723577235776 0.013550135501355014