3 0.2703252032520326 0.3062330623306233 0.024390243902439025 0.04336043360433604
3 0.7357723577235773 0.6504065040650406 0.020325203252032523 0.037940379403794036
3 0.39634146341463417 0.9200542005420054 0.016260162601626018 0.02981029810298103
3 0.4156504065040651 0.9254742547425474 0.014227642276422765 0.018970189701897018
3 0.46646341463414637 0.9661246612466124 0.01829268292682927 0.02981029810298103
3 0.19613821138211385 0.8062330623306233 0.05894308943089432 0.056910569105691054
3 0.032520325203252036 0.7696476964769647 0.024390243902439025 0.08130081300813008
3 0.0741869918699187 0.7452574525745257 0.030487804878048783 0.037940379403794036
3 0.8150406504065042 0.5826558265582655 0.04065040650406505 0.02168021680216802
3 0.8292682926829269 0.537940379403794 0.020325203252032523 0.024390243902439025
3 0.8983739837398375 0.5487804878048781 0.04065040650406505 0.018970189701897018
3 0.9542682926829269 0.5772357723577236 0.034552845528455285 0.02710027100271003
3 0.8932926829268294 0.5677506775067751 0.022357723577235776 0.013550135501355014