3 0.26626016260162605 0.2845528455284553 0.024390243902439025 0.04336043360433604
3 0.7317073170731708 0.6287262872628726 0.020325203252032523 0.037940379403794036
3 0.3922764227642277 0.8983739837398373 0.016260162601626018 0.02981029810298103
3 0.41158536585365857 0.9037940379403794 0.014227642276422765 0.018970189701897018
3 0.4623983739837399 0.9444444444444444 0.01829268292682927 0.02981029810298103
3 0.19207317073170735 0.7845528455284553 0.05894308943089432 0.056910569105691054
3 0.02845528455284553 0.7479674796747967 0.024390243902439025 0.08130081300813008
3 0.0701219512195122 0.7235772357723578 0.030487804878048783 0.037940379403794036
3 0.8109756097560976 0.5609756097560976 0.04065040650406505 0.02168021680216802
3 0.8252032520325204 0.516260162601626 0.020325203252032523 0.024390243902439025
3 0.894308943089431 0.5271002710027101 0.04065040650406505 0.018970189701897018
3 0.9502032520325204 0.5555555555555556 0.034552845528455285 0.02710027100271003
3 0.8892276422764228 0.5460704607046071 0.022357723577235776 0.013550135501355014