3 0.7093333333333333 0.3122866894197952 0.026666666666666665 0.04436860068259386
3 0.288 0.6672354948805461 0.021333333333333333 0.03754266211604096
3 0.6226666666666666 0.878839590443686 0.018666666666666665 0.030716723549488054
3 0.6053333333333333 0.8873720136518771 0.016 0.020477815699658702
3 0.5586666666666666 0.9266211604095563 0.018666666666666665 0.030716723549488054
3 0.8053333333333333 0.7576791808873721 0.058666666666666666 0.05460750853242321
3 0.9573333333333333 0.7098976109215017 0.026666666666666665 0.07508532423208192
3 0.9173333333333333 0.6911262798634812 0.032 0.03754266211604096
3 0.20933333333333332 0.6126279863481229 0.04 0.023890784982935155
3 0.19333333333333333 0.5716723549488054 0.024 0.023890784982935155
3 0.12933333333333333 0.5870307167235495 0.04 0.020477815699658702
3 0.07733333333333334 0.6194539249146758 0.03733333333333333 0.030716723549488054
3 0.13466666666666666 0.60580204778157 0.024 0.017064846416382253