3 0.6900269541778976 0.3024054982817869 0.026954177897574125 0.041237113402061855
3 0.2722371967654987 0.6580756013745704 0.0215633423180593 0.037800687285223365
3 0.6078167115902965 0.865979381443299 0.01886792452830189 0.027491408934707903
3 0.5902964959568734 0.872852233676976 0.016172506738544475 0.020618556701030927
3 0.5431266846361186 0.915807560137457 0.01886792452830189 0.030927835051546393
3 0.7884097035040432 0.7439862542955327 0.05660377358490566 0.05154639175257732
3 0.940700808625337 0.6941580756013745 0.026954177897574125 0.07560137457044673
3 0.9002695417789758 0.6786941580756014 0.03234501347708895 0.037800687285223365
3 0.192722371967655 0.6030927835051546 0.04043126684636119 0.024054982817869414
3 0.17789757412398924 0.5652920962199313 0.0215633423180593 0.024054982817869414
3 0.11320754716981132 0.5807560137457044 0.0431266846361186 0.020618556701030927
3 0.0633423180592992 0.6116838487972508 0.03504043126684636 0.027491408934707903
3 0.11994609164420486 0.5979381443298969 0.02425876010781671 0.013745704467353952