3 0.2642276422764228 0.2981029810298103 0.024390243902439025 0.04336043360433604
3 0.7296747967479675 0.6422764227642277 0.020325203252032523 0.037940379403794036
3 0.3902439024390244 0.9119241192411924 0.016260162601626018 0.02981029810298103
3 0.40955284552845533 0.9173441734417345 0.014227642276422765 0.018970189701897018
3 0.46036585365853666 0.9579945799457995 0.01829268292682927 0.02981029810298103
3 0.19004065040650409 0.7981029810298103 0.05894308943089432 0.056910569105691054
3 0.026422764227642278 0.7615176151761518 0.024390243902439025 0.08130081300813008
3 0.06808943089430895 0.7371273712737128 0.030487804878048783 0.037940379403794036
3 0.8089430894308944 0.5745257452574526 0.04065040650406505 0.02168021680216802
3 0.8231707317073171 0.5298102981029811 0.020325203252032523 0.024390243902439025
3 0.8922764227642277 0.540650406504065 0.04065040650406505 0.018970189701897018
3 0.9481707317073171 0.5691056910569106 0.034552845528455285 0.02710027100271003
3 0.8871951219512196 0.559620596205962 0.022357723577235776 0.013550135501355014