3 0.09768637532133675 0.6348684210526315 0.030848329048843187 0.03289473684210526
3 0.19023136246786632 0.7713815789473684 0.04113110539845758 0.03618421052631579
3 0.14138817480719792 0.71875 0.030848329048843187 0.029605263157894735
3 0.34190231362467866 0.662828947368421 0.03598971722365038 0.023026315789473683
3 0.5719794344473007 0.5213815789473684 0.05398457583547558 0.05592105263157894
3 0.6221079691516709 0.4917763157894737 0.03598971722365038 0.03618421052631579
3 0.6619537275064267 0.59375 0.033419023136246784 0.029605263157894735
3 0.5552699228791773 0.6167763157894737 0.09254498714652956 0.023026315789473683
3 0.4691516709511568 0.6480263157894737 0.05912596401028277 0.03289473684210526
3 0.8483290488431876 0.4161184210526316 0.04627249357326478 0.049342105263157895
3 0.8791773778920308 0.47039473684210525 0.030848329048843187 0.046052631578947366
3 0.7352185089974292 0.6842105263157894 0.04113110539845758 0.039473684210526314
3 0.6889460154241644 0.6529605263157895 0.030848329048843187 0.023026315789473683
3 0.9203084832904883 0.6118421052631579 0.03598971722365038 0.02631578947368421
3 0.3791773778920308 0.7911184210526315 0.012853470437017993 0.029605263157894735
2 0.7570694087403599 0.0805921052631579 0.06940874035989716 0.10197368421052631