3 0.9410569105691058 0.3780487804878049 0.02845528455284553 0.02981029810298103
3 0.8516260162601627 0.2181571815718157 0.04065040650406505 0.03523035230352303
3 0.9014227642276423 0.2804878048780488 0.030487804878048783 0.02981029810298103
3 0.6859756097560976 0.31978319783197834 0.034552845528455285 0.02168021680216802
3 0.4339430894308944 0.45121951219512196 0.05487804878048781 0.056910569105691054
3 0.38008130081300817 0.47831978319783197 0.03658536585365854 0.03523035230352303
3 0.3434959349593496 0.3617886178861789 0.032520325203252036 0.02981029810298103
3 0.45833333333333337 0.34688346883468835 0.09552845528455285 0.02168021680216802
3 0.551829268292683 0.3238482384823848 0.05894308943089432 0.02981029810298103
3 0.13719512195121952 0.5365853658536586 0.0467479674796748 0.05420054200542006
3 0.10873983739837399 0.47289972899729 0.030487804878048783 0.04607046070460705
3 0.2733739837398374 0.25474254742547425 0.03861788617886179 0.04336043360433604
3 0.3201219512195122 0.2940379403794038 0.030487804878048783 0.024390243902439025
3 0.0741869918699187 0.3130081300813008 0.034552845528455285 0.024390243902439025
3 0.6544715447154472 0.17615176151761516 0.012195121951219513 0.02710027100271003
2 0.21138211382113822 0.9132791327913279 0.06910569105691057 0.10840108401084012