3 0.06910569105691057 0.6056910569105691 0.02845528455284553 0.02981029810298103
3 0.1585365853658537 0.7655826558265583 0.04065040650406505 0.03523035230352303
3 0.10873983739837399 0.7032520325203252 0.030487804878048783 0.02981029810298103
3 0.32418699186991873 0.6639566395663956 0.034552845528455285 0.02168021680216802
3 0.576219512195122 0.532520325203252 0.05487804878048781 0.056910569105691054
3 0.6300813008130082 0.505420054200542 0.03658536585365854 0.03523035230352303
3 0.6666666666666667 0.6219512195121951 0.032520325203252036 0.02981029810298103
3 0.551829268292683 0.6368563685636857 0.09552845528455285 0.02168021680216802
3 0.45833333333333337 0.6598915989159891 0.05894308943089432 0.02981029810298103
3 0.8729674796747968 0.44715447154471544 0.0467479674796748 0.05420054200542006
3 0.9014227642276423 0.510840108401084 0.030487804878048783 0.04607046070460705
3 0.7367886178861789 0.7289972899728997 0.03861788617886179 0.04336043360433604
3 0.6900406504065041 0.6897018970189702 0.030487804878048783 0.024390243902439025
3 0.9359756097560976 0.6707317073170732 0.034552845528455285 0.024390243902439025
3 0.3556910569105691 0.8075880758807588 0.012195121951219513 0.02710027100271003
2 0.7987804878048781 0.07046070460704607 0.06910569105691057 0.10840108401084012