3 0.9159999999999999 0.5726643598615917 0.029333333333333333 0.03114186851211073
3 0.8346666666666667 0.726643598615917 0.042666666666666665 0.03460207612456748
3 0.88 0.6660899653979239 0.032 0.03114186851211073
3 0.6719999999999999 0.6418685121107267 0.03733333333333333 0.02422145328719723
3 0.424 0.5328719723183392 0.05333333333333333 0.05536332179930796
3 0.37066666666666664 0.5103806228373703 0.03733333333333333 0.03806228373702422
3 0.33999999999999997 0.6211072664359861 0.034666666666666665 0.03114186851211073
3 0.45066666666666666 0.6280276816608997 0.096 0.02422145328719723
3 0.5413333333333333 0.6453287197231834 0.058666666666666666 0.03114186851211073
3 0.13466666666666666 0.4688581314878893 0.04533333333333333 0.051903114186851215
3 0.10933333333333332 0.5311418685121108 0.032 0.04498269896193772
3 0.27599999999999997 0.7249134948096886 0.04 0.04498269896193772
3 0.32 0.6868512110726643 0.032 0.02422145328719723
3 0.08133333333333333 0.6833910034602076 0.034666666666666665 0.02422145328719723
3 0.6453333333333333 0.7785467128027682 0.016 0.02768166089965398
2 0.19466666666666665 0.11072664359861592 0.06933333333333333 0.10380622837370243