3 0.6707317073170732 0.26422764227642276 0.02845528455284553 0.04607046070460705
2 0.7449186991869919 0.03523035230352303 0.16463414634146342 0.07588075880758807
3 0.7876016260162603 0.11788617886178862 0.03861788617886179 0.03523035230352303
3 0.8810975609756099 0.09078590785907859 0.022357723577235776 0.024390243902439025
3 0.6097560975609757 0.6151761517615176 0.052845528455284556 0.04336043360433604
2 0.5508130081300814 0.5609756097560976 0.10162601626016261 0.08672086720867209
2 0.4735772357723578 0.6355013550135501 0.052845528455284556 0.06775067750677506
4 0.535569105691057 0.5284552845528455 0.01829268292682927 0.02168021680216802
4 0.5040650406504066 0.559620596205962 0.024390243902439025 0.024390243902439025
2 0.36788617886178865 0.9010840108401084 0.11382113821138212 0.14363143631436315
4 0.32825203252032525 0.924119241192412 0.014227642276422765 0.016260162601626015