3 0.3556910569105691 0.7249322493224932 0.02845528455284553 0.04607046070460705
2 0.28150406504065045 0.9539295392953929 0.16463414634146342 0.07588075880758807
3 0.23882113821138215 0.8712737127371274 0.03861788617886179 0.03523035230352303
3 0.14532520325203255 0.8983739837398373 0.022357723577235776 0.024390243902439025
3 0.4166666666666667 0.37398373983739835 0.052845528455284556 0.04336043360433604
2 0.475609756097561 0.4281842818428184 0.10162601626016261 0.08672086720867209
2 0.5528455284552846 0.35365853658536583 0.052845528455284556 0.06775067750677506
4 0.4908536585365854 0.46070460704607047 0.01829268292682927 0.02168021680216802
4 0.5223577235772359 0.42953929539295393 0.024390243902439025 0.024390243902439025
2 0.6585365853658537 0.08807588075880758 0.11382113821138212 0.14363143631436315
4 0.6981707317073171 0.06504065040650406 0.014227642276422765 0.016260162601626015