3 0.684959349593496 0.2696476964769648 0.02845528455284553 0.04607046070460705
2 0.7591463414634148 0.04065040650406504 0.16463414634146342 0.07588075880758807
3 0.801829268292683 0.12330623306233063 0.03861788617886179 0.03523035230352303
3 0.8953252032520326 0.09620596205962059 0.022357723577235776 0.024390243902439025
3 0.6239837398373984 0.6205962059620597 0.052845528455284556 0.04336043360433604
2 0.5650406504065041 0.5663956639566395 0.10162601626016261 0.08672086720867209
2 0.48780487804878053 0.6409214092140921 0.052845528455284556 0.06775067750677506
4 0.5497967479674797 0.5338753387533876 0.01829268292682927 0.02168021680216802
4 0.5182926829268293 0.5650406504065041 0.024390243902439025 0.024390243902439025
2 0.3821138211382114 0.9065040650406504 0.11382113821138212 0.14363143631436315
4 0.342479674796748 0.9295392953929539 0.014227642276422765 0.016260162601626015