3 0.33111702127659576 0.7255244755244755 0.02925531914893617 0.045454545454545456
2 0.26063829787234044 0.9493006993006993 0.16489361702127658 0.08041958041958042
3 0.2180851063829787 0.8706293706293706 0.0425531914893617 0.03496503496503497
3 0.12632978723404256 0.8986013986013986 0.023936170212765957 0.027972027972027972
3 0.38430851063829785 0.38286713286713286 0.05585106382978723 0.045454545454545456
2 0.4441489361702128 0.4353146853146853 0.10106382978723404 0.08741258741258741
2 0.5186170212765957 0.36013986013986016 0.05319148936170213 0.06993006993006994
4 0.4601063829787234 0.46678321678321677 0.02127659574468085 0.024475524475524476
4 0.48936170212765956 0.43356643356643354 0.026595744680851064 0.027972027972027972
2 0.6183510638297872 0.09965034965034965 0.11436170212765957 0.14335664335664336
4 0.6569148936170213 0.07692307692307693 0.015957446808510637 0.02097902097902098