3 0.2871536523929471 0.7041800643086816 0.030226700251889168 0.04501607717041801
2 0.2052896725440806 0.9035369774919614 0.15869017632241814 0.0707395498392283
3 0.17002518891687657 0.8247588424437299 0.03778337531486146 0.03536977491961415
3 0.07934508816120907 0.8408360128617364 0.022670025188916875 0.022508038585209004
3 0.36397984886649876 0.39389067524115756 0.05289672544080604 0.04180064308681672
2 0.4168765743073048 0.44855305466237944 0.0982367758186398 0.08038585209003216
2 0.49496221662468515 0.3890675241157556 0.05289672544080604 0.06430868167202572
4 0.43073047858942065 0.48070739549839225 0.020151133501259445 0.022508038585209004
4 0.4609571788413098 0.4533762057877814 0.025188916876574305 0.02572347266881029
2 0.6083123425692695 0.15916398713826366 0.10831234256926951 0.13183279742765272
4 0.6473551637279596 0.14308681672025722 0.015113350125944584 0.01607717041800643