3 0.40775401069518713 0.7024221453287197 0.029411764705882353 0.04844290657439446
2 0.32887700534759357 0.9117647058823529 0.16042780748663102 0.0726643598615917
3 0.29010695187165775 0.8321799307958477 0.040106951871657755 0.03806228373702422
3 0.19919786096256684 0.8512110726643599 0.02406417112299465 0.02768166089965398
3 0.47860962566844917 0.3788927335640139 0.053475935828877004 0.04498269896193772
2 0.53475935828877 0.43252595155709345 0.1016042780748663 0.08304498269896193
2 0.6122994652406417 0.3685121107266436 0.053475935828877004 0.06574394463667821
4 0.5481283422459893 0.46539792387543255 0.0213903743315508 0.02422145328719723
4 0.5802139037433155 0.43771626297577854 0.026737967914438502 0.02422145328719723
2 0.7219251336898396 0.12802768166089964 0.1122994652406417 0.1384083044982699
4 0.7620320855614973 0.10726643598615918 0.0160427807486631 0.020761245674740483