3 0.3252032520325204 0.7303523035230353 0.02845528455284553 0.04607046070460705
2 0.25101626016260165 0.959349593495935 0.16463414634146342 0.07588075880758807
3 0.20833333333333334 0.8766937669376694 0.03861788617886179 0.03523035230352303
3 0.11483739837398375 0.9037940379403794 0.022357723577235776 0.024390243902439025
3 0.38617886178861793 0.3794037940379404 0.052845528455284556 0.04336043360433604
2 0.44512195121951226 0.43360433604336046 0.10162601626016261 0.08672086720867209
2 0.5223577235772359 0.35907859078590787 0.052845528455284556 0.06775067750677506
4 0.46036585365853666 0.46612466124661245 0.01829268292682927 0.02168021680216802
4 0.49186991869918706 0.4349593495934959 0.024390243902439025 0.024390243902439025
2 0.628048780487805 0.09349593495934959 0.11382113821138212 0.14363143631436315
4 0.6676829268292683 0.07046070460704607 0.014227642276422765 0.016260162601626015