3 0.29268292682926833 0.2669376693766938 0.02845528455284553 0.04607046070460705
2 0.21849593495934963 0.037940379403794036 0.16463414634146342 0.07588075880758807
3 0.17581300813008133 0.12059620596205962 0.03861788617886179 0.03523035230352303
3 0.08231707317073171 0.09349593495934959 0.022357723577235776 0.024390243902439025
3 0.3536585365853659 0.6178861788617886 0.052845528455284556 0.04336043360433604
2 0.4126016260162602 0.5636856368563685 0.10162601626016261 0.08672086720867209
2 0.48983739837398377 0.6382113821138211 0.052845528455284556 0.06775067750677506
4 0.4278455284552846 0.5311653116531165 0.01829268292682927 0.02168021680216802
4 0.459349593495935 0.5623306233062331 0.024390243902439025 0.024390243902439025
2 0.5955284552845529 0.9037940379403794 0.11382113821138212 0.14363143631436315
4 0.6351626016260163 0.926829268292683 0.014227642276422765 0.016260162601626015