3 0.6182065217391304 0.7212230215827339 0.029891304347826088 0.046762589928057555
2 0.688858695652174 0.9460431654676259 0.16576086956521738 0.07913669064748202
3 0.7323369565217391 0.8669064748201439 0.04076086956521739 0.03597122302158273
3 0.8247282608695652 0.8956834532374102 0.024456521739130432 0.02877697841726619
3 0.5597826086956521 0.37589928057553956 0.05434782608695652 0.046762589928057555
2 0.501358695652174 0.4262589928057554 0.10597826086956522 0.08992805755395684
2 0.42527173913043476 0.3525179856115108 0.057065217391304345 0.07194244604316546
4 0.48641304347826086 0.4586330935251799 0.021739130434782608 0.025179856115107917
4 0.45516304347826086 0.42805755395683454 0.024456521739130432 0.02877697841726619
2 0.3233695652173913 0.08992805755395684 0.11413043478260869 0.14388489208633093
4 0.28396739130434784 0.06654676258992806 0.019021739130434784 0.017985611510791366